/*--------------------------------*- C++ -*----------------------------------*\
  =========                 |
  \\      /  F ield         | OpenFOAM: The Open Source CFD Toolbox
   \\    /   O peration     | Website:  https://openfoam.org
    \\  /    A nd           | Version:  13
     \\/     M anipulation  |
\*---------------------------------------------------------------------------*/
FoamFile
{
    format      ascii;
    class       labelList;
    note        "nPoints: 19374 nCells: 9275 nFaces: 37511 nInternalFaces: 18360";
    location    "constant/polyMesh";
    object      neighbour;
}
// * * * * * * * * * * * * * * * * * * * * * * * * * * * * * * * * * * * * * //


18360
(
221
524
542
543
2
15
110
238
568
570
18
19
525
21
22
526
5
6
24
25
27
28
527
30
31
527
8
9
2382
12
223
12
59
2385
11
14
224
225
227
228
239
230
231
16
233
234
528
239
454
455
120
236
238
18
568
569
40
237
239
241
461
20
528
568
20
24
532
26
530
23
529
23
25
534
26
530
26
27
26
30
29
532
29
537
623
129
533
32
534
32
593
2151
536
595
35
37
2388
36
43
242
243
39
67
68
64
457
458
39
73
2391
132
245
246
251
248
249
168
460
461
169
251
253
460
45
220
254
255
64
242
258
497
499
66
222
463
464
219
260
47
62
78
79
257
261
262
49
71
82
83
52
2394
75
224
264
265
53
226
267
268
71
92
2397
72
94
95
56
150
2400
2412
57
76
97
98
101
102
349
252
270
271
61
260
544
60
78
230
80
2502
63
231
232
254
544
257
273
274
256
259
274
275
276
277
458
66
234
240
455
456
235
277
278
464
69
248
264
69
88
2505
90
266
225
276
283
284
458
459
279
280
226
282
283
74
97
249
99
2508
77
227
248
250
264
252
285
286
229
253
286
287
80
273
80
81
262
2403
85
2481
84
243
279
84
86
2406
87
244
87
262
2484
87
2487
263
90
2490
90
91
268
2493
269
94
2409
93
95
280
96
2514
96
268
96
282
2511
99
285
99
100
271
2418
105
2421
103
245
348
103
104
2415
106
247
106
2496
2523
106
271
2499
272
108
109
157
2424
158
159
538
161
162
538
120
121
308
525
112
124
312
314
364
126
127
555
114
291
292
539
117
294
295
116
168
236
488
489
306
545
546
294
297
298
539
572
123
300
301
556
125
303
304
540
306
308
124
310
311
531
125
309
310
540
312
313
369
126
316
317
315
316
128
531
128
557
622
129
533
622
623
133
136
466
467
134
167
318
319
342
469
470
170
322
466
506
508
324
325
545
172
472
473
547
170
475
476
138
140
178
179
141
181
2427
297
386
551
552
141
327
328
184
185
146
164
187
188
192
193
2430
165
318
330
331
151
320
333
334
321
336
337
149
176
195
196
198
199
2433
155
201
2436
203
349
2520
174
205
206
182
292
478
479
208
209
2439
156
293
339
340
176
211
212
177
216
217
161
2442
160
2535
160
187
288
189
2445
163
192
163
289
330
194
332
321
481
482
324
484
485
323
326
482
483
485
486
487
488
545
169
237
344
460
342
344
345
346
476
172
298
548
572
573
346
347
472
550
319
343
353
354
470
471
320
352
353
291
345
359
360
476
477
355
356
293
358
359
180
327
478
180
181
208
210
480
2448
183
295
327
329
478
296
394
432
575
186
2451
186
328
404
406
2454
189
481
189
190
337
191
191
198
2526
2550
194
2547
194
202
333
335
197
355
467
197
199
201
200
468
200
337
200
2457
338
2460
205
2529
2556
204
206
350
207
2517
2538
207
333
207
352
2559
210
2463
210
214
340
341
213
2553
213
216
356
218
2541
215
217
2532
218
2544
218
358
218
340
220
490
541
542
222
233
577
235
463
541
543
231
544
227
265
491
493
454
492
493
491
492
229
229
239
461
462
232
273
232
275
235
528
235
569
237
306
238
241
240
455
241
569
570
244
261
244
457
263
247
469
247
251
270
272
250
250
285
287
342
494
496
494
495
462
495
496
256
260
256
463
541
465
497
498
259
277
464
465
498
499
263
497
263
266
266
267
269
269
491
269
272
494
272
275
275
498
278
454
278
456
281
457
281
282
284
459
284
284
492
287
287
495
290
481
538
290
484
538
483
486
501
502
571
295
479
500
502
500
501
296
551
296
553
299
417
551
299
303
305
419
302
418
563
302
304
313
305
419
305
548
305
315
307
308
309
546
311
311
549
311
316
314
424
314
315
317
317
317
324
331
503
505
487
504
505
503
504
506
507
323
346
472
474
507
508
326
485
326
473
545
474
329
329
576
575
332
484
332
334
335
335
335
503
338
466
506
338
468
341
479
500
341
480
343
470
344
487
489
347
571
347
573
349
351
469
350
351
352
354
471
354
354
504
357
475
357
358
360
477
360
360
501
362
363
386
516
517
415
416
554
417
418
554
424
426
555
671
366
367
388
2466
368
420
421
368
389
808
423
982
424
425
556
374
385
427
428
373
387
509
510
373
387
430
434
522
523
433
434
415
436
437
390
427
512
513
395
396
2469
379
429
439
440
380
392
400
401
393
442
443
382
403
2472
383
404
405
574
392
409
410
445
446
521
412
413
2568
415
515
516
417
449
450
552
448
449
510
421
2475
809
2574
423
436
512
814
983
428
448
510
511
519
520
451
452
429
518
519
431
574
575
397
421
2586
397
398
440
422
441
399
442
2565
444
2580
402
2577
402
443
452
444
2583
410
2478
406
576
406
407
446
408
408
413
2571
2562
411
433
451
411
412
414
435
414
2589
414
446
447
437
516
957
558
957
984
419
419
559
422
423
512
422
514
983
426
426
564
1053
1055
429
436
513
429
515
439
519
432
449
552
432
521
523
523
553
435
509
435
445
447
438
438
1291
814
1293
441
513
441
442
514
444
444
518
447
522
447
450
515
450
517
453
509
453
518
511
520
456
456
459
459
462
462
465
465
468
468
475
471
471
474
474
547
477
477
480
480
483
483
507
486
486
489
489
545
542
493
493
496
496
499
499
502
502
505
505
508
508
511
511
514
514
517
517
520
520
522
574
523
577
578
531
532
534
535
537
2151
530
577
579
530
578
579
533
533
536
536
590
592
596
2152
571
572
548
549
543
543
547
547
549
550
550
550
553
553
558
559
557
2184
563
564
624
2185
560
561
560
563
562
565
562
984
2176
567
2223
565
565
566
567
567
1053
2177
2224
570
570
573
573
576
576
579
579
590
591
2149
583
585
593
594
596
597
620
2148
599
600
2150
588
602
603
1260
605
606
2150
608
609
3413
589
611
612
3033
614
615
2245
617
618
3414
592
592
594
2156
595
595
599
595
605
598
623
598
602
2154
604
2152
601
2151
601
603
2159
604
2152
604
1265
604
614
607
2156
607
611
2160
613
2158
610
2157
610
612
3415
613
2158
613
617
613
3034
616
2159
616
1272
2251
1274
2161
619
2160
619
1273
3416
1274
2161
621
622
623
624
625
2148
624
626
626
696
2153
697
2185
644
954
955
2170
629
632
958
959
961
962
2163
631
634
964
965
967
968
2164
970
971
2163
635
638
674
1056
1058
973
974
2164
680
1071
1073
2165
637
640
683
1077
1079
688
1089
1091
2166
692
693
2165
641
695
696
1259
698
699
2166
701
702
2243
643
704
705
1261
709
710
2244
714
807
2373
647
649
976
977
650
811
1325
1326
2171
652
979
980
651
984
985
2176
652
1276
1277
656
987
988
668
990
991
980
993
994
1277
715
999
1000
1101
2169
2253
659
1002
1003
2174
661
1005
1006
2172
1008
1009
2171
660
1011
1012
2178
661
1014
1015
2172
663
1017
1018
676
1020
1021
1023
1024
667
1026
1027
2175
1029
1030
2174
666
1032
1033
2181
667
1035
1036
2175
685
1038
1039
1041
1042
1044
1045
2176
673
1047
1048
2179
675
1050
1051
2177
674
1054
1055
2184
675
1053
1054
2177
679
1056
1057
692
1060
1061
1059
1060
1062
1063
2178
682
1065
1066
2182
684
1068
1069
2180
1071
1072
2179
683
1075
1076
2186
684
1074
1075
2180
687
1077
1078
698
1081
1082
1080
1081
1083
1084
2181
691
1086
1087
2183
1089
1090
2182
690
1093
1094
2189
691
1092
1093
2183
707
1096
1097
1373
1095
1096
694
2184
694
695
2187
697
2185
697
701
697
1262
700
2186
700
704
2190
706
2188
703
2187
703
705
2246
706
2188
706
709
706
1271
708
1378
2189
1437
2073
2191
711
2190
711
2072
2249
2073
2191
716
717
824
825
715
1098
1099
2169
826
827
2170
1101
1102
719
1104
1105
719
832
833
1109
1110
2173
2192
1112
1113
1279
1280
1441
1446
725
727
841
2592
735
810
1115
1116
728
812
843
1244
1246
1285
726
732
1282
1283
729
1118
1119
815
845
1247
1249
1283
729
848
849
731
1285
1286
1121
1122
811
993
1288
1289
812
1124
1125
1286
815
1127
1128
1282
817
957
1291
1292
739
818
1130
1131
1297
1133
1134
2208
820
1294
1295
2210
739
818
854
1250
1252
1298
740
742
1136
1137
1297
1298
746
858
859
829
999
1300
1301
746
1139
1140
747
831
1142
1143
1303
750
830
1145
1146
747
831
864
1253
1255
1304
867
868
1303
1304
749
751
1306
1307
839
870
1256
1258
1307
1110
1148
1149
839
1151
1152
1306
840
1111
1309
1310
874
875
2595
822
1115
1312
1313
764
1117
1154
1155
765
813
1157
1158
785
821
1160
1161
835
1145
1315
1316
789
882
883
2808
791
1147
1163
1164
798
836
1166
1167
800
886
2604
774
842
890
891
844
1169
1170
1127
1172
1173
768
846
1175
1176
893
894
2802
772
896
2607
851
976
1318
1319
897
898
2610
773
978
1178
1179
846
902
903
847
1181
1182
776
905
2613
777
852
1184
1185
842
1187
1188
1124
1190
1191
908
909
2823
860
1099
1321
1322
783
911
912
2616
784
1100
1193
1194
788
855
914
915
917
2619
856
1196
1197
1130
1199
1200
788
855
1202
1203
919
920
2598
2622
922
923
925
2625
794
865
927
928
866
1205
1206
795
861
1208
1209
797
931
2814
796
933
934
1143
1211
1212
865
1214
1215
936
937
2829
1151
1217
1218
801
871
1220
1221
940
941
2628
805
943
944
804
946
947
2835
806
1108
1223
1224
949
2631
871
951
952
872
1226
1227
954
2634
809
982
1157
1159
2637
1324
1325
2208
988
1230
1231
1289
1229
1230
1127
1327
1328
1129
1328
1329
1232
1233
817
985
994
1277
1278
986
1233
1234
1292
1235
1236
820
1000
2211
2253
2254
1236
1237
1294
2213
1130
1330
1331
823
997
998
1133
1312
1132
1135
1331
1332
832
2640
879
1105
2643
828
996
1160
828
2370
2646
1162
2883
1238
1240
1301
2192
2202
1110
1333
1334
1238
1239
834
2649
834
1113
1166
885
1168
837
1112
1114
1148
1315
1151
1336
1337
1150
1153
1337
1338
840
1280
1281
1876
2206
1241
1242
1242
1243
1310
2207
1119
2652
1244
1245
1116
1229
1340
1341
1117
1339
1340
977
1232
1343
1344
1247
1248
978
1342
1343
850
2655
850
1122
1184
1186
2658
853
979
1121
1123
1318
853
1122
1123
1124
1184
981
1126
856
1098
1235
1250
1251
1100
1196
1251
1252
916
918
2850
867
2661
924
1137
2664
862
1102
1139
1141
1321
862
1140
1141
1143
1208
1103
1144
926
929
2859
866
1146
1239
1253
1254
1147
1206
1254
1255
869
2667
869
1140
1208
930
1210
872
1107
1241
1256
1257
1108
1227
1257
1258
950
953
2871
876
954
2670
876
888
1154
956
1156
878
893
1158
2805
1159
2877
882
2811
881
919
1161
2601
1162
2880
2886
884
1105
884
925
1164
1106
1165
887
2889
887
940
1167
1168
2892
889
1169
2817
1171
2898
892
2673
892
1170
1245
1171
2841
895
1173
895
1176
2676
1174
1177
1176
2679
899
1119
2895
899
900
1179
1120
1180
901
1181
2820
1183
2901
904
2844
904
1182
1248
1183
2847
1188
2682
907
909
1185
2826
1186
2907
910
1188
2904
910
1191
1189
1192
913
924
1137
913
917
1194
1138
1195
916
922
2853
916
1196
1251
1198
918
1197
1198
2910
921
1200
921
1203
2691
1201
1204
2856
1203
2685
2688
2694
926
1205
1207
2913
929
933
2862
929
1206
1254
1207
932
2916
932
936
1209
1210
2919
2865
935
1215
2697
937
2832
938
1212
938
1215
1213
1216
946
1579
2838
942
1218
942
945
1221
1219
1222
951
2868
945
1221
2700
2703
948
1885
948
949
1224
1225
1886
950
1226
1228
2922
953
2874
953
1227
1257
1228
956
956
997
1312
1314
986
1291
960
961
987
960
970
990
989
992
963
1008
963
1011
2196
1010
1013
966
967
1017
966
973
1020
1019
1022
969
1029
969
1032
2199
1031
1034
972
1044
972
1047
2197
1046
1049
975
1062
975
1065
2200
1064
1067
978
979
1319
978
1276
1178
1343
981
981
1288
1290
983
1327
1329
986
986
991
989
1008
989
993
995
992
1044
992
994
995
995
1288
995
998
1330
2170
998
2170
1332
1001
1300
2202
1001
1005
1007
2204
1004
2203
2217
1004
1006
1018
1007
2204
1007
2211
1007
1023
1010
1010
1014
2209
1016
1013
2225
1013
1015
1021
1016
1016
2212
1016
1024
1019
1029
1019
1023
1025
1022
1062
1022
1024
1025
1025
1025
1028
1781
2220
1028
1041
1784
1782
1785
1031
1031
1035
2218
1037
1034
2234
1034
1036
1039
1037
1037
2221
1037
1042
1040
1083
1702
1040
1042
1043
1703
1043
1787
1043
1788
1046
1046
1050
2223
1052
1049
2228
1049
1051
1057
1052
1052
2224
1052
1059
1055
1055
1060
1058
1071
1058
1059
1061
1061
1061
1064
1064
1068
2226
1070
1067
2237
1067
1069
1078
1070
1070
2231
1070
1080
1073
1073
1074
2229
1076
1076
2232
1076
1081
1079
1089
1079
1080
1082
1082
1082
1085
1719
1085
1086
2235
1088
1721
1088
2240
1088
1095
1830
1831
1091
1091
1092
2238
1094
1094
2241
1094
1096
1097
1833
1097
1834
1100
2252
1100
1102
1322
1193
1103
1300
1103
1302
1106
1112
1315
1106
1317
1108
1279
1441
1223
1862
1111
2205
2214
1111
1149
1334
1309
2207
1114
1114
1336
1338
1117
1133
1313
1117
1324
1155
1340
1120
1121
1318
1120
1320
1123
1123
1126
1190
1126
1230
1289
1290
1129
1172
1328
1129
1233
1292
1293
1132
1199
1331
1132
1236
1294
1296
1135
1135
1295
2208
1296
1138
1139
1321
1138
1323
1141
1141
1144
1238
1301
1144
1211
1302
1147
1148
1316
1147
1333
1163
1150
1150
1309
1311
1153
1217
1337
1153
1242
1310
1311
1156
1169
1156
1313
1314
1159
1327
1159
1173
1162
1330
1162
1200
1165
1316
1165
1205
1317
1168
1336
1168
1218
1171
1171
1339
1174
1282
1174
1284
1177
1247
1283
1177
1284
1180
1319
1180
1181
1320
1183
1183
1342
1186
1186
1191
1189
1244
1285
1189
1287
1192
1286
1192
1287
1195
1322
1195
1197
1323
1198
1198
1201
1297
1201
1299
1204
1250
1298
1204
1299
1207
1207
1210
1210
1212
1213
1303
1213
1305
1216
1253
1304
1216
1305
1219
1306
1219
1308
1222
1256
1307
1222
1308
1225
2059
1225
1226
2060
1228
1228
1231
1324
1231
1326
1234
1276
1234
1278
1237
2252
1237
2254
1240
1240
1333
1335
1243
1279
1243
1281
1246
1246
1339
1341
1249
1249
1342
1344
1252
1252
1255
1255
1258
1258
1262
1263
2243
1265
1266
2245
1271
2101
2244
1264
2153
1264
1268
2247
1270
2155
1267
2154
1267
1269
2250
1270
2155
1270
2077
2103
1270
2077
2132
2102
2246
1274
1275
2086
1274
2086
3035
2135
2251
3038
1278
1278
1281
1281
1446
1284
1284
1287
1287
1290
1290
1293
1293
1296
1296
2210
1299
1299
1302
1302
1305
1305
1308
1308
1311
1311
1314
1314
1317
1317
1320
1320
1323
1323
1326
1326
2208
1329
1329
1332
1332
1335
1335
2192
2192
1338
1338
1341
1341
1344
1344
1359
1464
1671
1673
1895
2014
1349
1383
1527
1528
1348
1351
1674
1675
1353
1677
3818
1385
2004
2005
1396
1672
1678
1680
1353
2007
2008
1397
1678
1681
3823
1682
2008
3818
3825
1356
1536
1537
3733
1357
1465
2010
2011
1463
1683
1684
1533
1539
1972
1974
2011
1380
1544
1545
2261
1451
2013
2014
1381
1390
1686
1687
1364
1547
1689
1690
1367
1382
1692
1693
1368
1391
1695
1696
1671
2284
2285
1367
1382
1698
1699
1369
1372
1701
1702
1704
1705
1707
1708
2266
1710
1711
2257
1371
1374
1713
1714
1716
1717
2258
1719
1720
2257
1375
1378
1832
1834
1722
1723
2258
1429
1844
1846
2259
1377
1379
1432
1850
1852
1435
1856
1858
2260
1437
2259
1438
1439
2260
1442
1550
1551
1444
1553
2065
2066
1725
1726
1385
1555
1556
1386
1728
1729
2262
1731
1732
1387
1734
1735
1735
1740
1741
2262
2348
1394
1743
1744
2264
1395
1746
1747
2263
1444
1749
1750
1752
1753
2266
1395
1755
1756
2263
1399
1407
1758
1759
1400
1761
1762
1764
1765
2284
2302
2304
1767
2302
3882
1403
1768
2265
3887
1769
1770
2269
1772
1773
2264
1403
1775
1776
2265
1416
1778
2255
3889
1779
3894
1445
1780
1781
2162
1406
1783
1784
2267
1410
1786
1787
1789
1790
2269
1413
1792
1793
2270
1415
1795
1796
2268
1798
1799
2267
1414
1801
1802
2272
1415
1804
1805
2268
1418
1807
1808
1425
1810
1811
1813
1814
1816
2256
3899
1422
1817
2271
3901
1818
1819
2270
1421
1821
1822
2275
1422
1824
1825
2271
1827
1995
3906
1828
3908
1424
1829
1830
2273
1428
1832
1833
1835
1836
2272
1431
1838
1839
2276
1433
1841
1842
2274
1844
1845
2273
1432
1848
1849
2278
1433
1847
1848
2274
1434
1850
1851
1438
1854
1855
1853
1854
1856
1857
2276
1860
1861
1997
2281
1859
1860
1998
2277
2071
2279
1440
2278
1440
2093
2282
2095
2280
1443
1862
1863
1864
2261
1446
1866
1867
1869
1870
1872
1873
2168
1867
1875
1876
1448
1489
2016
2017
1561
1564
1984
1986
2017
1450
1486
1878
1879
1453
1568
1569
1464
1881
1882
1454
1549
1572
1987
1989
2019
1486
1575
1576
1487
2019
2020
1456
1459
1578
1579
1495
1884
1885
1488
1552
1887
1888
1460
1554
1581
1990
1992
2022
1495
1584
1585
1496
2022
2023
1468
1531
1890
1891
1470
1589
1590
2706
2025
2026
3733
1894
1895
1533
1897
1898
2010
1535
1673
2028
2029
1474
1592
2709
1897
2031
2032
1471
1540
1900
1901
1472
1593
1594
1477
1596
1597
1599
2934
1674
1893
2034
2035
1476
1600
1601
1478
1676
1903
1904
1603
1604
2931
1540
1606
1607
1541
1906
1907
1497
1559
1909
1910
1499
1610
2712
1483
1613
2715
1530
1881
2037
2038
1507
1614
1615
1509
1883
1912
1913
1548
1740
2040
2041
2043
2044
1549
1915
1916
2020
1686
1918
1919
1561
1921
1922
2016
1563
1688
2046
2047
1558
1887
2049
2050
1518
1620
1621
2937
1520
1889
1924
1925
1553
1875
2052
2053
1927
1928
1554
1930
1931
2023
1921
1933
1934
1500
1565
1936
1937
1626
1627
2718
1504
1629
1630
1617
1729
2055
2056
1505
1632
1633
2379
1506
1730
1939
1940
1565
1635
1636
1638
2721
1566
1942
1943
1641
1642
2949
1510
1573
1644
1645
1574
1945
1946
1514
1647
1648
1516
1650
2940
1515
1618
1948
1949
1516
1652
2943
3018
1573
1951
1952
1915
1954
1955
1654
1655
1623
1862
2058
2059
1657
2724
1521
1582
1659
1660
1583
1957
1958
1524
1662
1663
1525
1624
1960
1961
1526
1666
2727
1582
1963
1964
1930
1966
1967
1668
1669
2952
1529
1555
1587
1529
1890
2005
1588
1892
1532
1894
2004
2006
2037
1897
2061
2062
1896
1899
2062
2063
1969
1970
1535
1679
1682
2008
2009
1680
1970
1971
2029
1538
2730
3861
1538
1592
1684
2733
1541
1675
1969
1972
1973
1676
1907
1973
1974
1543
1606
2958
1605
1608
2964
1546
1550
2736
1546
1738
1909
1609
1911
1548
1671
2014
2015
1689
1976
1977
2041
1975
1976
2739
1612
1864
2742
1686
2064
2065
1870
1979
1980
2053
1978
1979
1557
2745
1557
1613
1732
2748
1560
1737
1739
1918
2049
1921
2067
2068
1920
1923
2068
2069
1981
1982
1563
1741
2300
2348
2349
1982
1983
2047
2301
1566
1728
1981
1984
1985
1730
1942
1985
1986
1637
1639
2973
1575
2751
2754
1640
1879
2757
1571
1644
2925
1643
1646
2979
1574
1882
1975
1987
1988
1883
1946
1988
1989
1577
3012
1577
1948
2044
1651
1950
1584
2760
1885
2763
1658
1661
2985
1583
1888
1978
1990
1991
1889
1958
1991
1992
1586
2766
1586
1928
1960
1665
1962
1588
2928
1591
2991
1591
2994
1591
1593
1891
1892
1600
2769
1595
2032
1595
1599
1901
1902
2033
1598
1606
2961
1598
1599
1901
2772
2775
1602
1684
1602
1604
1904
1685
1905
1605
2967
1605
1906
1908
1608
1608
1907
1973
1908
1611
2997
1611
1626
1910
1911
3000
1620
2778
1614
2781
1616
1732
1616
1642
1913
1733
1914
1619
1734
2043
2045
2055
1619
1915
1948
2044
2045
1736
1917
1622
1864
1622
1657
1925
1865
1926
1625
1866
1927
1929
2058
1625
1928
1929
1930
1960
1868
1932
1628
1934
1628
1631
1937
1935
1938
1635
2970
1631
1937
2784
2946
1634
1640
1879
1634
1638
1940
1880
1941
1637
2976
1637
1942
1985
1944
1639
1943
1944
3006
2376
2787
1643
3003
1643
1945
1947
1646
1647
1646
1946
1988
1947
1649
2982
1649
1650
1952
2790
1654
2793
1653
3009
3015
1653
1655
1949
1950
3021
1656
1952
1656
1955
1953
1956
1658
1957
1959
3024
1661
1662
2988
1661
1958
1991
1959
2796
1664
1964
2799
1668
2955
1667
3027
1667
1669
1961
1962
3030
1670
1964
1670
1967
1965
1968
1672
1673
2284
1680
2028
1676
1677
2035
1676
2007
1903
1893
3819
1679
2302
1680
1681
1682
3824
3826
1685
2025
2034
1685
2036
1688
1919
2065
1688
1750
2299
2046
2301
1691
1740
1691
1743
2285
1742
1745
1694
1725
1749
1694
1704
1752
1751
1754
1697
1707
1758
1697
1753
1764
1760
1766
1700
1726
1780
1700
1705
1783
1782
1785
1703
1710
1786
1703
1719
1788
1706
2311
1706
2314
2313
2316
1709
1789
1709
1795
2312
1791
1797
1712
1798
1712
1801
2293
1800
1803
1715
1716
1807
1715
1722
1810
1809
1812
1718
1818
1718
1821
2296
1820
1823
1721
1721
1829
2294
1831
1724
1835
1724
1838
2297
1837
1840
1727
1869
1727
1872
1871
1874
1730
2347
1730
1734
2056
1939
1733
2004
2037
1733
2039
1736
1736
2040
2042
1739
1863
2261
1739
2067
2261
2069
1742
2040
1742
1746
1748
1745
2305
1745
1747
1762
1748
1748
2300
1748
1765
1751
1869
1751
1755
1757
1754
2311
1754
1756
1757
1757
2299
1757
1764
1760
1789
1760
1761
1770
1763
1763
1772
1763
1765
1766
1766
1766
1768
2303
3883
2308
3888
1771
2287
2320
1771
1772
1774
2289
1774
1774
1776
2306
1777
1777
1779
2288
1777
2309
2289
1779
2288
3890
3895
1782
1872
1782
2194
1785
2314
1785
1787
1788
1798
1788
1791
1791
1792
2321
1794
1794
2323
1794
1796
1808
1797
1797
2317
1797
1813
1800
1800
1804
2315
1806
1803
2329
1803
1805
1811
1806
1806
2318
1806
1814
1809
1818
1809
1813
1815
1812
1835
1812
1814
1815
1815
1815
1817
2291
3900
2326
3902
1820
1820
1824
2324
1826
1823
2338
1823
1825
1827
1826
1826
2327
1826
1828
1828
3907
3909
1831
2332
1831
1833
1834
1844
1834
1837
1837
1841
2330
1843
1840
2341
1840
1842
1851
1843
1843
2335
1843
1853
1846
1846
1847
2333
1849
1849
2336
1849
1854
1852
1856
1852
1853
1855
1855
1855
1858
1858
1859
2342
1861
1861
2345
1861
2002
1866
2059
1865
2049
1865
2051
1868
1868
2052
2054
1871
1871
1875
1877
1874
1874
1876
2206
1877
1877
2052
1877
1880
2043
2055
1880
2057
1883
1894
2038
1883
2013
1912
1886
1927
2058
1886
2060
1889
1918
2050
1889
2064
1924
1892
2061
1892
2032
2025
2027
2034
3932
1896
1896
2028
2030
1899
2031
2062
1899
1970
2029
2030
1902
1972
2011
1902
2012
1905
2035
1905
1906
2036
1908
1908
1911
2067
1911
1934
1914
2038
1914
1945
2039
1917
1954
1917
1976
2041
2042
1920
1920
2046
2048
1923
1933
2068
1923
1982
2047
2048
1926
2050
1926
1957
2051
1929
1929
1932
1966
1932
1979
2053
2054
1935
2016
1935
2018
1938
1984
2017
1938
2018
1941
2056
1941
1943
2057
1944
1944
1947
1947
1950
1950
1955
1953
1987
2019
1953
2021
1956
2020
1956
2021
1959
1959
1962
1962
1967
1965
1990
2022
1965
2024
1968
2023
1968
2024
1971
2007
1971
2009
1974
1974
1977
2013
1977
2015
1980
2064
1980
2066
1983
2347
1983
2349
1986
1986
1989
1989
1992
1992
1994
1997
2281
3958
2100
2283
3956
1999
2275
4086
1998
2000
2277
4088
2002
2003
3979
2001
2002
2000
2339
4087
2344
4089
2003
4088
4091
2003
4092
2006
2006
2061
2063
2009
2009
2012
2031
2012
2033
2015
2015
2018
2018
2021
2021
2024
2024
2027
2027
3862
3931
3931
2030
2030
2033
2033
2036
2036
2039
2039
2042
2042
2045
2045
2048
2048
2051
2051
2054
2054
2057
2057
2060
2060
2063
2063
2066
2066
2069
2069
2071
2072
2074
2080
2073
2090
2073
2109
2090
2091
2350
2076
2083
2093
2094
2096
2097
2351
2078
2087
2103
2104
2352
2081
2088
2106
2107
2109
2110
2350
2112
2113
2353
2084
2089
2115
2116
2118
2119
2351
2121
2122
2354
2124
2125
3036
3044
3038
3050
2132
2133
2352
2138
2139
2353
2145
2354
3065
2092
2279
2092
2094
2357
2095
2280
2095
2096
2095
2118
2098
2282
2098
2099
2360
2100
2283
2100
2127
4151
4159
2102
2106
2355
2108
2248
2105
2247
2105
2107
2364
2108
2248
2108
2112
2108
2138
2111
2249
2111
2115
2358
2117
2356
2114
2355
2114
2116
2367
2117
2356
2117
2121
2117
2145
2120
2357
2120
2124
2361
2126
2359
2123
2358
2123
2125
3423
2126
2359
2126
2129
2126
3071
2128
2360
4160
2131
2362
4152
2130
2361
3036
2131
2362
3059
3060
4161
2134
2250
2134
2136
2365
2137
2363
2137
2363
3061
2137
2141
3039
3062
2140
2364
2140
2143
2368
2144
2366
2142
2365
3040
2144
2366
3063
2144
2147
3041
3064
2146
2367
2369
3065
3070
2368
3042
3067
2153
2154
2156
2157
2159
2160
2152
2155
2155
2158
2158
2161
2161
2168
2193
2194
2196
2197
2199
2200
2186
2187
2189
2190
2173
2192
2202
2203
2205
2206
2252
2253
2208
2209
2211
2212
2214
2215
2217
2218
2220
2221
2223
2224
2225
2226
2228
2229
2231
2232
2234
2235
2237
2238
2240
2241
2185
2188
2188
2191
2191
2195
2205
2214
2195
2220
2216
2222
2198
2225
2198
2228
2227
2230
2201
2234
2201
2237
2236
2239
2204
2204
2215
2207
2207
2210
2210
2212
2213
2213
2213
2216
2216
2217
2219
2219
2219
2221
2222
2222
2222
2224
2227
2227
2231
2233
2230
2230
2232
2233
2233
2233
2236
2236
2240
2242
2239
2239
2241
2242
2242
2242
2246
2247
2249
2355
2250
2251
2248
2248
2356
2363
2363
2254
2254
2256
2287
2288
2290
2291
2293
2294
2296
2297
2278
2279
2281
2282
2347
2348
2299
2300
2305
2306
2308
2309
2311
2312
2314
2315
2317
2318
2320
2321
2323
2324
2326
2327
2329
2330
2332
2333
2335
2336
2338
2339
2341
2342
2344
2345
2280
2280
2283
2283
2286
2286
2305
2304
2307
2289
2290
2289
2292
2320
2292
2326
2322
2328
2295
2329
2295
2332
2331
2334
2298
2338
2298
2341
2340
2343
2301
2301
2303
2304
2308
2310
2307
2307
2309
2310
2310
2310
2313
2313
2317
2319
2316
2316
2318
2319
2319
2319
2322
2322
2323
2325
2325
2325
2327
2328
2328
2328
2331
2331
2335
2337
2334
2334
2336
2337
2337
2337
2340
2340
2344
2346
2343
2343
2345
2346
2346
2346
2349
2349
2357
2358
2360
2361
2364
2365
2367
2368
3423
3424
2356
2359
2359
2362
2362
2366
2366
2369
2369
3067
2371
2373
2646
2372
2374
2647
2375
2648
2374
2634
2375
2635
2636
2377
2379
2787
2378
2380
2788
2381
2789
2380
2721
2381
2722
2723
2383
2385
2384
2386
2387
2386
2502
2387
2503
2504
2389
2391
2505
2390
2392
2506
2393
2507
2392
2508
2393
2509
2510
2395
2397
2406
2396
2398
2407
2399
2408
2398
2514
2399
2515
2516
2401
2412
2520
2402
2413
2521
2414
2522
2404
2481
2502
2405
2482
2503
2483
2504
2407
2487
2408
2488
2489
2410
2493
2511
2411
2494
2512
2495
2513
2413
2415
2414
2416
2417
2416
2523
2417
2524
2525
2419
2421
2508
2420
2422
2509
2423
2510
2422
2499
2423
2500
2501
2425
2442
2535
2426
2443
2536
2444
2537
2428
2448
2451
2429
2449
2452
2450
2453
2431
2529
2547
2432
2530
2548
2531
2549
2434
2457
2526
2435
2458
2527
2459
2528
2437
2460
2553
2438
2461
2554
2462
2555
2440
2463
2532
2441
2464
2533
2465
2534
2443
2547
2444
2548
2549
2446
2535
2550
2447
2536
2551
2537
2552
2449
2463
2450
2464
2465
2452
2454
2453
2455
2456
2455
2562
2456
2563
2564
2458
2460
2459
2461
2462
2461
2462
2464
2465
2467
2475
2574
2468
2476
2575
2477
2576
2470
2565
2586
2471
2566
2587
2567
2588
2473
2478
2577
2474
2479
2578
2480
2579
2476
2586
2477
2587
2588
2479
2589
2480
2590
2591
2482
2484
2483
2485
2486
2485
2487
2486
2488
2489
2488
2489
2491
2493
2505
2492
2494
2506
2495
2507
2494
2495
2497
2499
2523
2498
2500
2524
2501
2525
2500
2501
2503
2504
2506
2507
2509
2510
2512
2514
2513
2515
2516
2515
2516
2518
2520
2538
2519
2521
2539
2522
2540
2521
2522
2524
2525
2527
2550
2528
2551
2552
2530
2556
2531
2557
2558
2533
2544
2534
2545
2546
2536
2537
2539
2559
2540
2560
2561
2542
2544
2553
2543
2545
2554
2546
2555
2545
2546
2548
2549
2551
2552
2554
2555
2557
2559
2558
2560
2561
2560
2561
2563
2571
2564
2572
2573
2566
2580
2567
2581
2582
2569
2571
2589
2570
2572
2590
2573
2591
2572
2573
2575
2637
2576
2638
2639
2578
2583
2579
2584
2585
2581
2583
2582
2584
2585
2584
2585
2587
2588
2590
2591
2593
2652
2655
2594
2653
2656
2654
2657
2596
2670
2817
2597
2671
2818
2672
2819
2599
2601
2622
2600
2602
2623
2603
2624
2602
2886
2603
2887
2888
2605
2628
2892
2606
2629
2893
2630
2894
2608
2679
2844
2609
2680
2845
2681
2846
2611
2820
2895
2612
2821
2896
2822
2897
2614
2673
2682
2615
2674
2683
2675
2684
2617
2619
2694
2618
2620
2695
2621
2696
2620
2910
2621
2911
2912
2623
2691
2624
2692
2693
2626
2808
2913
2627
2809
2914
2810
2915
2629
2703
2630
2704
2705
2632
2835
2922
2633
2836
2923
2837
2924
2635
2670
2636
2671
2672
2638
2877
2639
2878
2879
2641
2643
2649
2642
2644
2650
2645
2651
2644
2811
2645
2812
2813
2647
2883
2648
2884
2885
2650
2889
2651
2890
2891
2653
2895
2654
2896
2897
2656
2658
2657
2659
2660
2659
2907
2660
2908
2909
2662
2664
2667
2663
2665
2668
2666
2669
2665
2694
2666
2695
2696
2668
2916
2669
2917
2918
2671
2672
2674
2841
2675
2842
2843
2677
2679
2802
2678
2680
2803
2681
2804
2680
2681
2683
2904
2684
2905
2906
2686
2688
2856
2687
2689
2857
2690
2858
2689
2691
2690
2692
2693
2692
2693
2695
2696
2698
2832
2865
2699
2833
2866
2834
2867
2701
2703
2868
2702
2704
2869
2705
2870
2704
2705
2707
2934
2994
2708
2935
2995
2936
2996
2710
2769
2931
2711
2770
2932
2771
2933
2713
2718
3000
2714
2719
3001
2720
3002
2716
2781
2949
2717
2782
2950
2783
2951
2719
2946
2720
2947
2948
2722
3006
2723
3007
3008
2725
2937
3024
2726
2938
3025
2939
3026
2728
2952
3030
2729
2953
3031
2954
3032
2731
2733
4608
2732
2734
4609
2735
4610
2734
2769
2735
2770
2771
2737
2739
2997
2738
2740
2998
2741
2999
2740
2742
2741
2743
2744
2743
2778
2744
2779
2780
2746
2748
2928
2747
2749
2929
2750
2930
2749
2781
2750
2782
2783
2752
2754
3012
2753
2755
3013
2756
3014
2755
2757
2756
2758
2759
2758
2787
2759
2788
2789
2761
2763
2766
2762
2764
2767
2765
2768
2764
2838
2765
2839
2840
2767
3027
2768
3028
3029
2770
2771
2773
2775
2961
2774
2776
2962
2777
2963
2776
2934
2777
2935
2936
2779
2937
2780
2938
2939
2782
2783
2785
2946
2970
2786
2947
2971
2948
2972
2788
2789
2791
2793
2982
2792
2794
2983
2795
2984
2794
2940
2795
2941
2942
2797
2799
2988
2798
2800
2989
2801
2990
2800
2955
2801
2956
2957
2803
2805
2804
2806
2807
2806
2877
2807
2878
2879
2809
2811
2810
2812
2813
2812
2813
2815
2829
2919
2816
2830
2920
2831
2921
2818
2898
2819
2899
2900
2821
2901
2822
2902
2903
2824
2826
2904
2825
2827
2905
2828
2906
2827
2907
2828
2908
2909
2830
2832
2831
2833
2834
2833
2834
2836
2838
2837
2839
2840
2839
2840
2842
2898
2843
2899
2900
2845
2847
2846
2848
2849
2848
2901
2849
2902
2903
2851
2853
2910
2852
2854
2911
2855
2912
2854
2856
2855
2857
2858
2857
2858
2860
2862
2913
2861
2863
2914
2864
2915
2863
2865
2864
2866
2867
2866
2867
2869
2874
2870
2875
2876
2872
2874
2922
2873
2875
2923
2876
2924
2875
2876
2878
2879
2881
2883
2886
2882
2884
2887
2885
2888
2884
2885
2887
2888
2890
2892
2891
2893
2894
2893
2894
2896
2897
2899
2900
2902
2903
2905
2906
2908
2909
2911
2912
2914
2915
2917
2919
2918
2920
2921
2920
2921
2923
2924
2926
2979
2982
2927
2980
2983
2981
2984
2929
2991
2930
2992
2993
2932
2967
2933
2968
2969
2935
2936
2938
2939
2941
2943
2942
2944
2945
2944
3018
2945
3019
3020
2947
2948
2950
3003
2951
3004
3005
2953
2955
2954
2956
2957
2956
2957
2959
2961
2964
2960
2962
2965
2963
2966
2962
2963
2965
2967
2966
2968
2969
2968
2969
2971
2976
2972
2977
2978
2974
2976
3006
2975
2977
3007
2978
3008
2977
2978
2980
3003
2981
3004
3005
2983
2984
2986
2988
3024
2987
2989
3025
2990
3026
2989
2990
2992
2994
2993
2995
2996
2995
2996
2998
3000
2999
3001
3002
3001
3002
3004
3005
3007
3008
3010
3012
3015
3011
3013
3016
3014
3017
3013
3014
3016
3021
3017
3022
3023
3019
3021
3020
3022
3023
3022
3023
3025
3026
3028
3030
3029
3031
3032
3031
3032
3034
3089
3414
3090
3415
3050
3096
3416
3059
3417
3056
3060
3080
4161
3061
3418
3040
3051
3062
3063
3419
3042
3052
3064
3066
3420
3045
3053
3068
3069
3071
3072
3417
3074
3075
3421
3048
3054
3077
3078
3049
3057
3080
3082
3083
3084
3422
3058
3086
3088
3095
3418
3101
3102
3419
3108
3109
3420
3115
3116
3421
3122
3123
3422
3086
3128
3252
3266
3129
3448
4174
3058
3448
3450
3132
3134
3060
3426
3081
3062
3433
3101
3064
3436
3108
3068
3424
3067
3069
3439
3070
3070
3074
3070
3115
3073
3423
3073
3077
3427
3079
3425
3076
3424
3076
3078
3442
3079
3425
3079
3083
3079
3122
3081
3448
3082
3426
3088
3428
3085
3427
3085
3087
3445
3088
3428
3087
3132
3088
3128
3090
3093
3431
3094
3430
3092
3193
3429
3094
3253
3430
3094
3097
3194
3254
3096
3099
3434
3100
3432
3098
3195
3431
3100
3255
3432
3100
3104
3196
3256
3103
3433
3103
3106
3437
3107
3435
3105
3197
3434
3107
3257
3435
3107
3111
3198
3258
3110
3436
3110
3113
3440
3114
3438
3112
3199
3437
3114
3259
3438
3114
3118
3200
3260
3117
3439
3117
3120
3443
3121
3441
3119
3201
3440
3121
3261
3441
3121
3125
3202
3262
3124
3442
3124
3264
3446
3127
3444
3126
3203
3443
3127
3263
3444
3264
3265
3267
3445
3130
3449
4175
3131
4158
4177
3449
4615
7888
3133
3252
3134
6997
7845
3450
4617
3148
3149
3240
3452
3151
3152
3455
3139
3145
3154
3155
3157
3158
3243
3453
3160
3161
3456
3142
3147
3163
3164
3166
3167
3246
3454
3169
3170
3457
3172
3173
4889
4903
3175
3249
5141
7202
3179
3180
3456
3182
3183
7209
3188
3189
3457
3150
3380
3458
3150
3154
3462
3156
3460
3153
3459
3153
3155
3470
3156
3460
3156
3160
3156
3179
3159
3389
3461
3159
3163
3465
3165
3463
3162
3462
3162
3164
3473
3165
3463
3165
3169
3165
3188
3168
3398
3464
3168
3172
3468
3174
3466
3171
3465
3171
3173
3476
3174
3466
3174
3177
3174
5177
3176
3407
3467
3469
5141
5145
3178
3468
4889
3469
5142
5145
3181
3470
3181
3185
3474
3187
3472
3184
3471
3184
3186
7296
3187
3472
3187
3191
4900
3187
4900
5222
3190
3473
3190
5174
7282
3475
5176
3192
3474
4901
3475
5173
5176
3253
3477
3195
3206
3254
3255
3478
3197
3209
3256
3257
3479
3199
3212
3258
3259
3480
3201
3215
3260
3261
3481
3203
3218
3262
3263
3482
3205
3221
3264
3265
3268
3269
3483
3272
3273
3478
3275
3276
3484
3210
3223
3278
3279
3281
3282
3479
3284
3285
3485
3213
3226
3287
3288
3290
3291
3480
3293
3294
3486
3216
3229
3296
3297
3299
3300
3481
3302
3303
3487
3219
3232
3305
3306
3308
3309
3482
3311
3312
3488
3222
3235
3314
3315
3317
3318
3483
3320
3321
3489
3326
3327
3485
3329
3330
3490
3227
3238
3332
3333
3335
3336
3486
3338
3339
3491
3230
3241
3341
3342
3344
3345
3487
3347
3348
3492
3233
3244
3350
3351
3353
3354
3488
3356
3357
3493
3236
3247
3359
3360
3362
3363
3489
3365
3366
3494
3250
3368
3369
6902
3373
3374
3491
3376
3377
3451
3242
3379
3380
3382
3383
3492
3385
3386
3452
3245
3388
3389
3391
3392
3493
3394
3395
3453
3248
3397
3398
3400
3401
3494
3403
3404
3454
3251
3406
3407
3409
6977
7821
3411
6978
7202
7844
7845
3254
3495
3272
3256
3498
3281
3258
3501
3290
3260
3504
3299
3262
3507
3308
3265
3510
3268
3317
3267
6896
7844
3271
3447
3270
3446
3270
3513
6951
3271
3447
6896
6951
3274
3495
3274
3278
3499
3280
3497
3277
3496
3277
3279
3515
3280
3497
3280
3284
3280
3326
3283
3498
3283
3287
3502
3289
3500
3286
3499
3286
3288
3518
3289
3500
3289
3293
3289
3335
3292
3501
3292
3296
3505
3298
3503
3295
3502
3295
3297
3521
3298
3503
3298
3302
3298
3344
3301
3504
3301
3305
3508
3307
3506
3304
3505
3304
3306
3524
3307
3506
3307
3311
3307
3353
3310
3507
3310
3314
3511
3316
3509
3313
3508
3313
3315
3527
3316
3509
3316
3320
3316
3362
3319
3510
3319
3323
3514
3325
3512
3322
3511
3322
3324
3530
3325
3512
3325
6897
6955
3325
3371
6897
3328
3515
3328
3332
3519
3334
3517
3331
3516
3331
3333
3533
3334
3517
3334
3338
3334
3373
3337
3518
3337
3341
3522
3343
3520
3340
3519
3340
3342
3536
3343
3520
3343
3347
3343
3382
3346
3521
3346
3350
3525
3352
3523
3349
3522
3349
3351
3539
3352
3523
3352
3356
3352
3391
3355
3524
3355
3359
3528
3361
3526
3358
3525
3358
3360
3542
3361
3526
3361
3365
3361
3400
3364
3527
3364
3368
3531
3370
3529
3367
3528
3367
3369
3545
3370
3529
3370
3372
3370
3409
3530
6901
6962
3531
6902
6964
3375
3533
3375
3379
3537
3381
3535
3378
3534
3378
3380
3458
3381
3535
3381
3385
3381
3384
3536
3384
3388
3540
3390
3538
3387
3537
3387
3389
3461
3390
3538
3390
3394
3390
3393
3539
3393
3397
3543
3399
3541
3396
3540
3396
3398
3464
3399
3541
3399
3403
3399
3402
3542
3402
3406
3546
3408
3544
3405
3543
3405
3407
3467
3408
3544
3408
3411
3408
3410
3545
3547
6977
6981
3412
3546
3547
6978
6981
3415
3429
3416
3431
3430
3432
3426
3427
3433
3434
3436
3437
3439
3440
3442
3443
3445
3446
3425
3425
3428
3428
3430
3432
3435
3435
3438
3438
3441
3441
3444
3444
3447
3447
3449
3450
4615
3458
3459
3461
3462
3464
3465
3467
3468
3470
3471
3473
3474
3476
7282
3460
3460
3463
3463
3466
3466
3469
3469
3472
3472
3475
3475
5177
7283
3495
3496
3498
3499
3501
3502
3504
3505
3507
3508
3510
3511
3513
3514
3515
3516
3518
3519
3521
3522
3524
3525
3527
3528
3530
3531
3533
3534
3536
3537
3539
3540
3542
3543
3545
3546
3497
3497
3500
3500
3503
3503
3506
3506
3509
3509
3512
3512
6953
7830
6955
7830
3517
3517
3520
3520
3523
3523
3526
3526
3529
3529
3532
3532
6962
6964
3535
3535
3538
3538
3541
3541
3544
3544
3547
3547
3549
3554
3595
3596
3551
3571
3572
3552
3592
3598
3639
3641
3554
3600
3601
3555
3622
3624
3625
3627
3591
3607
3608
3632
3674
4135
3633
3634
3592
3606
3607
3558
3593
3595
3597
3603
3559
3560
3609
3610
3594
3610
3611
3614
3662
3578
3579
4485
3581
4488
3562
3599
3616
3617
3566
3582
3583
3568
3585
4491
3567
3604
3619
3620
3568
3588
3589
4524
3599
3622
3623
3606
3625
3626
3628
3629
3570
3612
4515
3580
3613
4533
3573
3600
4494
3573
3581
3596
4497
3575
3616
4500
4521
3618
4518
3577
3612
3660
4530
3663
4506
3580
4536
3580
3610
3614
3615
3609
4509
3584
3616
4503
3584
3585
3623
4539
3628
4512
3587
3600
4527
3590
3602
4542
3590
4545
3590
3620
3629
3621
3637
3638
3642
3664
3636
3637
3594
3631
3646
3673
3705
3597
3633
3597
3609
3611
3636
3639
3640
3602
3602
3619
3634
3621
3605
3631
3633
3635
3605
3606
3619
3634
3635
3608
3632
3608
3625
3608
3637
3611
3611
3613
3661
3615
3709
3615
3662
3710
3618
3618
3640
3621
3621
3626
3624
3639
3624
3628
3630
3627
3627
3629
3630
3630
3630
3632
4320
4135
3635
3635
3638
3638
3641
3641
3643
3664
3665
4317
3645
3667
3668
3717
3670
3671
4375
3673
4320
4332
3674
3675
4135
4320
4332
3650
3677
3678
4318
3652
3680
3681
4334
3654
3683
3684
3686
3687
3722
3725
3689
3690
3723
3692
3693
3965
4319
3694
3695
4318
3697
3698
3964
4377
3700
3701
3965
4319
3658
3706
3708
3755
3760
4142
3703
3704
4138
4424
3660
3706
3707
4136
3661
3663
3709
4136
3705
3710
3707
3784
3666
3674
3666
3677
4321
3676
3679
3669
3670
3683
3669
3686
3809
3685
3688
3672
3694
3672
3697
4385
3696
3699
3703
4332
3676
3676
3680
4345
3682
3679
4325
3679
3681
3684
3682
3682
4350
3682
3689
3685
3694
3685
3689
3691
3688
3837
3688
3690
3832
3691
3691
3691
3835
4328
4026
3696
3696
3700
4326
3702
3699
4391
3699
3701
4024
3702
3702
4329
3702
4027
3705
3827
3706
4136
4138
3710
4137
4138
3708
3708
3937
4371
3710
4137
3712
3713
3773
3774
3797
3798
4331
3800
3801
4331
3735
3803
3805
3823
3716
3803
3806
3807
3864
4342
4343
3809
3810
4375
3736
3812
3814
3846
3720
3815
3816
4333
3721
3820
3821
3828
3829
4333
3831
3832
4335
3834
3835
4334
3741
4342
4356
4358
3837
3838
4335
3840
3841
3967
4378
3843
3844
3969
4336
3742
3846
3847
4356
3745
3813
3849
3851
3852
3853
3969
4336
3756
3815
3855
3856
3734
3817
3859
4148
4150
3861
3862
3759
3947
3949
3950
3952
3864
3866
3882
3867
3869
3891
3739
3867
3870
3871
3740
3743
3873
3874
3812
3876
3877
3879
3880
4337
3865
3884
3886
3884
3891
3892
3896
3897
4337
3746
3903
3904
3978
3876
4365
4367
3910
3911
3984
3913
3914
3994
4383
3916
3917
3995
4338
3752
3778
4548
3919
3920
4143
4339
3761
3781
3782
4551
3763
3922
3923
3801
3802
3855
3926
3927
4340
3765
3857
3925
3926
3928
3929
4424
4139
4140
4347
3929
3930
4140
4141
4346
4349
3816
3818
3819
3825
3934
3935
3817
3933
3934
3928
4142
4143
3762
3936
3937
3784
4569
3785
3786
4581
3766
3858
3938
3939
3860
3941
3942
3770
3788
3789
3772
3791
4575
3771
3931
3944
3945
3772
3794
3795
4578
3858
3947
3948
3933
3950
3951
3953
3954
3775
3797
4554
3775
3778
3800
4557
3777
3938
4560
3787
3940
4584
3922
4563
3780
3797
4596
3783
3799
4599
3783
4602
3783
3920
3936
3921
3937
4572
3787
4587
3787
3923
3941
3943
3790
3938
4590
3790
3791
3948
4593
3953
4566
3793
3861
4608
3796
3863
4611
3796
4605
3796
3945
3954
3946
3799
3799
3919
4421
3921
3802
3922
3802
4422
3924
3804
3864
3805
3806
3820
3822
3824
3808
3828
3808
3831
4343
3830
3833
3811
3837
3811
3840
4386
3839
3842
3813
3867
3814
3876
3848
3851
3856
4145
4147
4347
3821
4146
4147
4145
4146
3819
3932
3822
3828
3822
3825
3826
3824
3882
3826
3826
4332
4424
4426
3830
3830
3834
4348
3836
3833
4353
3833
3835
3836
3836
4351
3836
3839
3839
3843
4354
3845
3842
4394
3842
3844
4033
3845
3845
4359
3845
4038
3848
3891
3848
3852
4357
3854
3850
3968
4365
3851
3853
4036
3854
3854
4360
3854
4039
3857
4139
3857
3859
3860
3926
4148
4149
3860
4145
3942
4149
4150
3863
3863
3944
3946
3865
3866
4342
3883
3886
3868
3869
3871
3889
3890
3893
3872
3877
3896
3872
3899
3898
3900
3875
3879
3903
3875
3897
3908
3905
3909
3878
3878
4362
4364
4367
3881
3910
3881
3916
4363
3912
3918
3883
3888
3885
4356
3886
3887
3892
3888
3888
3894
3890
3899
3895
3893
3893
3894
3895
3895
3898
4362
3898
3901
3902
3900
3902
3902
3908
3905
3910
3905
3906
4066
3907
3907
4086
3909
3909
3912
3912
3913
4078
3915
3915
4415
3915
3917
4106
3918
3918
4368
3918
4109
3921
4339
3921
4144
3924
3924
3925
3927
3927
3941
3927
3930
4143
4339
3930
4425
4341
3932
3933
3944
3935
3935
3950
3935
4146
4144
4371
4371
3940
3940
3942
4149
3943
3943
3943
3946
3946
3951
3949
4148
3949
3953
3955
3952
3952
3954
3955
3955
3955
3957
3958
4159
4162
4372
4374
3979
4372
3960
3962
4007
4008
4010
4011
4376
3980
4013
4015
4035
4016
4017
4376
3982
4013
4019
4020
3970
4023
4024
4026
4027
4029
4030
4180
4432
3973
4032
4033
3990
4035
4036
4038
4039
4041
4042
4377
4044
4045
4181
4433
3977
4047
4048
4379
4050
4051
4378
3996
4019
4053
4055
3977
4056
4057
4379
4053
4059
4060
4196
4062
4063
3984
4065
4066
3986
4090
4092
4068
4070
4093
3983
3985
4071
4072
4068
4400
4401
4074
4075
4435
4077
4078
4080
4081
4435
4002
4123
4125
4372
4005
4129
4131
4193
4195
3989
4083
4084
4382
4001
4090
4091
4093
4094
4365
3993
4096
4097
4380
3995
4099
4100
4338
3997
4102
4103
3998
4105
4106
4108
4109
4400
4403
4405
4111
4112
4380
4114
4115
4383
4004
4117
4118
4441
4006
4120
4121
4384
4123
4124
4382
4005
4127
4128
4373
4006
4126
4127
4384
4129
4130
4209
4133
4134
4215
4132
4133
4009
4010
4009
4016
4023
4022
4025
4012
4012
4029
4388
4031
4014
4068
4015
4020
4032
4034
4037
4018
4041
4018
4044
4389
4043
4046
4021
4400
4021
4050
4052
4055
4028
4025
4041
4025
4027
4028
4028
4028
4031
4447
4031
4230
4034
4050
4034
4038
4040
4037
4093
4037
4039
4040
4040
4040
4043
4043
4047
4392
4049
4046
4450
4046
4048
4233
4049
4049
4397
4049
4062
4052
4052
4056
4395
4058
4054
4403
4055
4057
4060
4058
4058
4398
4058
4063
4061
4178
4265
4061
4063
4064
4224
4064
4233
4064
4234
4067
4077
4083
4067
4086
4085
4087
4069
4070
4096
4401
4095
4098
4073
4074
4102
4073
4080
4105
4104
4107
4076
4111
4076
4274
4459
4113
4276
4079
4412
4079
4415
4414
4417
4082
4114
4082
4117
4460
4116
4119
4085
4412
4085
4088
4091
4089
4087
4089
4089
4092
4123
4092
4095
4095
4099
4366
4101
4098
4406
4098
4100
4103
4101
4101
4369
4101
4108
4104
4111
4104
4108
4110
4107
4114
4107
4109
4110
4110
4110
4113
4113
4277
4407
4279
4116
4116
4120
4416
4122
4119
4477
4119
4121
4130
4122
4122
4419
4122
4132
4125
4125
4126
4413
4128
4128
4418
4128
4133
4131
4305
4131
4132
4134
4134
4134
4320
4137
4138
4141
4340
4141
4347
4341
4144
4371
4144
4147
4147
4150
4150
4153
4159
4160
4156
4160
4161
4162
4163
4428
4155
4157
4165
4166
4168
4169
4427
4174
4428
4430
4171
4172
4427
4176
7885
7888
4162
4428
4174
4164
4164
4166
4429
4167
4374
4167
4168
4216
4167
4171
4217
4170
4445
4170
7890
8382
4446
7891
4173
4429
4173
4176
4431
4177
4430
4175
4177
4430
4177
7904
4188
4222
4224
4190
4222
4226
4227
4182
4229
4230
4184
4232
4233
4235
4236
4432
4187
4238
4239
4434
4241
4242
4433
4204
4226
4244
4246
4187
4247
4248
4434
4252
8139
4253
4255
4265
4191
4192
4256
4257
4253
4456
4457
4259
4260
4436
4262
4263
4436
4210
4305
4307
4437
4213
4311
4313
7969
7974
4215
4216
4437
4265
4266
4403
4201
4268
4269
4438
4203
4271
4272
4381
4202
4274
4275
4440
4203
4277
4278
4381
4205
4280
4281
4206
4283
4284
4286
4287
4456
4465
4467
4291
4292
4438
4296
4297
4440
4212
4299
4300
4443
4214
4302
4303
4442
4305
4306
4441
4213
4309
4310
4444
4214
4308
4309
4442
4311
4312
7998
4218
4315
4316
4314
4315
4217
4373
4217
4445
4374
4219
4444
7974
4446
7891
8012
4221
4225
4229
7940
4231
8101
4223
4253
4224
4227
4232
4234
4235
7942
8106
4228
4456
4228
4241
4243
4246
4231
4235
4231
4234
4241
4234
4237
4237
4238
4448
4240
8106
4240
4453
4240
8132
8139
8133
4243
4243
4247
4451
4249
4245
4250
4465
4246
4248
4251
4249
4249
4454
4249
4252
4251
4289
8137
4252
8138
8140
4254
4255
4268
4457
4267
4270
4258
4259
4280
4258
4262
4283
4282
4285
4261
4291
4261
4462
8214
4293
8216
4264
4296
4264
4299
4463
4298
4301
4267
4267
4271
4404
4273
4270
4468
4270
4272
4281
4273
4273
4409
4273
4286
4276
4474
4276
4278
4284
4279
4279
4410
4279
4287
4282
4291
4282
4286
4288
4285
4296
4285
4287
4288
4288
4288
4290
4465
8206
4466
8207
8211
4293
4293
4294
4469
4295
4295
4472
7981
8216
8217
4298
4298
4302
4475
4304
4301
4483
4301
4303
4312
4304
4304
4480
4304
4314
4307
4307
4308
4478
4310
4310
4481
4310
4315
4313
8263
4313
4314
4316
4316
4316
4321
4325
4326
4328
4329
4322
4325
4324
4327
4324
4328
4330
4327
4327
4329
4330
4330
4330
4421
4422
4345
4426
4347
4348
4350
4351
4353
4354
4359
4360
4362
4363
4368
4369
4341
4421
4423
4341
4422
4423
4344
4344
4353
4355
4358
4346
4350
4352
4425
4426
4349
4349
4351
4352
4352
4352
4355
4355
4359
4361
4357
4358
4360
4361
4361
4361
4364
4364
4368
4370
4366
4367
4369
4370
4370
4370
4373
4374
4385
4386
4388
4389
4391
4392
4394
4395
4397
4398
4406
4407
4409
4410
4412
4413
4415
4416
4418
4419
4387
4391
4387
4394
4393
4396
4390
4447
4390
4450
4449
4452
4393
4393
4397
4399
4396
4396
4398
4399
4399
4399
4402
4402
4406
4405
4408
4404
4405
4409
4411
4408
4408
4410
4411
4411
4411
4414
4414
4418
4420
4417
4417
4419
4420
4420
4420
4423
4423
4425
4426
4431
8382
4429
4430
7904
8383
4447
4448
4450
4451
4453
4454
4459
4460
4462
4463
4444
4445
4468
4469
4471
4472
7979
7981
4474
4475
4477
4478
4480
4481
4483
7998
8506
4446
4446
4449
4449
4453
4455
4452
4452
4454
4455
4455
4455
4458
4458
4468
4467
4470
4461
4474
4461
4477
4476
4479
4464
8503
4464
4483
4484
8505
4466
4467
4471
4473
4470
4470
4472
4473
4473
8211
4473
4476
4476
4480
4482
4479
4479
4481
4482
4482
4482
4484
8506
8509
4486
4488
4536
4487
4489
4537
4490
4538
4489
4509
4490
4510
4511
4492
4512
4524
4493
4513
4525
4514
4526
4495
4497
4527
4496
4498
4528
4499
4529
4498
4509
4499
4510
4511
4501
4503
4521
4502
4504
4522
4505
4523
4504
4539
4505
4540
4541
4507
4530
4572
4508
4531
4573
4532
4574
4510
4511
4513
4539
4514
4540
4541
4516
4530
4533
4517
4531
4534
4532
4535
4519
4521
4520
4522
4523
4522
4523
4525
4545
4526
4546
4547
4528
4542
4529
4543
4544
4531
4532
4534
4536
4535
4537
4538
4537
4538
4540
4541
4543
4545
4544
4546
4547
4546
4547
4549
4563
4581
4550
4564
4582
4565
4583
4552
4569
4602
4553
4570
4603
4571
4604
4555
4557
4596
4556
4558
4597
4559
4598
4558
4563
4559
4564
4565
4561
4584
4590
4562
4585
4591
4586
4592
4564
4565
4567
4575
4593
4568
4576
4594
4577
4595
4570
4572
4571
4573
4574
4573
4574
4576
4578
4577
4579
4580
4579
4605
4580
4606
4607
4582
4587
4583
4588
4589
4585
4587
4586
4588
4589
4588
4589
4591
4593
4592
4594
4595
4594
4595
4597
4599
4598
4600
4601
4600
4602
4601
4603
4604
4603
4604
4606
4611
4607
4612
4613
4609
4611
4610
4612
4613
4612
4613
4615
4616
7102
7888
4617
4617
4618
6913
6997
6914
7001
7102
4691
5881
7104
4621
4628
4692
4693
7105
4623
4631
4694
4695
7106
4625
4634
4696
4697
7107
4627
4637
4698
4699
7108
4701
4702
7105
4704
4705
5892
7497
4632
4641
4707
4708
4710
4711
7106
4713
4714
7109
4635
4642
4716
4717
4719
4720
7107
4722
4723
7110
4638
4645
4725
4726
4728
4729
7108
4731
4732
7111
4640
4648
4734
4735
4737
7112
8672
4739
4740
7109
4742
4743
7110
4745
4746
5906
7113
4646
4652
4748
4749
4751
4752
7111
4754
4755
7114
4649
4655
4757
4758
4760
4761
7112
4763
4764
7115
4651
4658
4766
4767
4769
7116
8687
4770
4771
7114
4773
4774
5924
7117
4656
4662
4776
4777
4779
4780
7115
4782
4783
7118
4659
4665
4785
4786
4788
4789
7116
4791
4792
7119
4661
4668
4794
4795
4797
7120
8704
4798
4799
7118
4801
4802
5942
7121
4666
4672
4804
4805
4807
4808
7119
4810
4811
7122
4669
4675
4813
4814
4816
4817
7120
4819
4820
7123
4671
4678
4822
4823
4825
8721
9121
4826
4827
7122
4829
4830
5960
7124
4676
4680
4832
4833
4835
4836
7123
4838
4839
7125
4679
4683
4841
4842
4844
4845
9121
4847
4848
7126
4853
4854
7125
4856
4857
5978
7127
4684
4687
4859
4860
4862
4863
7126
4865
4866
7128
4686
4689
4868
4869
4872
7129
8755
4874
4875
7128
4690
4877
4878
6016
4880
4881
7129
4883
4884
7130
4692
7131
4701
4694
7134
4710
4696
7137
4719
4698
7140
4728
4700
7143
8561
8669
4703
7131
4703
4707
7135
4709
7133
4706
6167
7132
4706
4708
7601
4709
7133
4709
4713
4709
4739
4712
7134
4712
4716
7138
4718
7136
4715
7135
4715
4717
7146
4718
7136
4718
4722
4718
4742
4721
7137
4721
4725
7141
4727
7139
4724
7138
4724
4726
7149
4727
7139
4727
4731
4727
4751
4730
7140
4730
4734
7144
4736
7142
4733
7141
4733
4735
7152
4736
7142
4736
4737
4736
4760
4738
7144
7145
8672
8675
4741
7601
4741
6209
7147
6211
7603
4744
7146
4744
4748
7150
4750
7148
4747
6209
7147
4747
4749
7156
4750
7148
4750
4754
4750
4770
4753
7149
4753
4757
7153
4759
7151
4756
7150
4756
4758
7159
4759
7151
4759
4763
4759
4779
4762
7152
4762
4766
7155
4768
7154
4765
7153
4765
4767
7162
4768
7154
4768
4769
4768
4788
7155
8688
4772
7156
4772
4776
7160
4778
7158
4775
6263
7157
4775
4777
7166
4778
7158
4778
4782
4778
4798
4781
7159
4781
4785
7163
4787
7161
4784
7160
4784
4786
7169
4787
7161
4787
4791
4787
4807
4790
7162
4790
4794
7165
4796
7164
4793
7163
4793
4795
7172
4796
7164
4796
4797
4796
4816
7165
8705
4800
7166
4800
4804
7170
4806
7168
4803
6317
7167
4803
4805
7176
4806
7168
4806
4810
4806
4826
4809
7169
4809
4813
7173
4815
7171
4812
7170
4812
4814
7179
4815
7171
4815
4819
4815
4835
4818
7172
4818
4822
7175
4824
7174
4821
7173
4821
4823
7182
4824
7174
4824
4825
4824
4844
7175
8722
4828
7176
4828
4832
7180
4834
7178
4831
6371
7177
4831
4833
7185
4834
7178
4834
4838
4834
4853
4837
7179
4837
4841
7183
4843
7181
4840
7180
4840
4842
7188
4843
7181
4843
4847
4843
4862
4846
7182
4846
4850
9167
4852
7184
4849
7183
4849
4851
7191
4852
7184
4852
8582
8738
4852
4871
8582
4855
7185
4855
4859
7189
4861
7187
4858
6425
7186
4858
4860
7194
4861
7187
4861
4865
4861
4874
4864
7188
4864
4868
7192
4870
7190
4867
7189
4867
4869
7197
4870
7190
4870
4872
4870
4880
7191
8589
8754
4873
7192
7193
8755
8758
4876
7194
4876
4877
7198
4879
7196
4879
4883
4879
6483
6539
6484
4882
7197
4882
8777
9179
4887
7199
4885
7198
4885
4886
7200
4887
7199
4887
8597
8805
8777
5056
5138
5139
5164
5142
7205
4892
4906
5143
5144
5146
5147
6907
7203
5149
5150
7206
4895
4909
5152
5153
5155
5156
6910
7204
5158
5159
7207
4898
4912
5161
5162
5064
5164
5166
5170
5167
5168
7208
5066
5170
5171
5213
4901
4918
5173
7210
4904
4921
5174
5175
5177
5178
7205
5180
5181
7211
4907
4924
5183
5184
5186
5187
7206
5189
5190
7212
4910
4927
5192
5193
5195
5196
7207
5198
5199
7213
4913
4930
5201
5202
5204
5205
7208
5207
5208
7214
4916
4933
5210
5211
5074
5213
5215
5219
5216
5217
7215
5076
5219
5220
5276
5222
5223
7210
5225
5226
7216
4922
4939
5228
5229
5231
5232
7211
5234
5235
7217
4925
4942
5237
5238
5240
5241
7212
5243
5244
7218
4928
4945
5246
5247
5249
5250
7213
5252
5253
7219
4931
4948
5255
5256
5258
5259
7214
5261
5262
7220
4934
4951
5264
5265
5267
5268
7215
5270
5271
7221
4937
4954
5273
5274
5084
5276
5278
5282
5279
5280
7222
5086
5282
5283
5339
5285
5286
7217
5288
5289
7223
4943
4960
5291
5292
5294
5295
7218
5297
5298
7224
4946
4963
5300
5301
5303
5304
7219
5306
5307
7225
4949
4966
5309
5310
5312
5313
7220
5315
5316
7226
4952
4969
5318
5319
5321
5322
7221
5324
5325
7227
4955
4972
5327
5328
5330
5331
7222
5333
5334
7228
4958
4975
5336
5337
5094
5339
5341
5345
5342
5343
7229
5096
5345
5346
5402
5348
5349
7224
5351
5352
7230
4964
4981
5354
5355
5357
5358
7225
5360
5361
7231
4967
4984
5363
5364
5366
5367
7226
5369
5370
7232
4970
4987
5372
5373
5375
5376
7227
5378
5379
7233
4973
4990
5381
5382
5384
5385
7228
5387
5388
7234
4976
4993
5390
5391
5393
5394
7229
5396
5397
7235
4979
4996
5399
5400
5104
5402
5404
5408
5405
5406
7236
5106
5408
5409
5465
5411
5412
7231
5414
5415
7237
4985
5002
5417
5418
5420
5421
7232
5423
5424
7238
4988
5005
5426
5427
5429
5430
7233
5432
5433
7239
4991
5008
5435
5436
5438
5439
7234
5441
5442
7240
4994
5011
5444
5445
5447
5448
7235
5450
5451
7241
4997
5014
5453
5454
5456
5457
7236
5459
5460
7242
5000
5017
5462
5463
5114
5465
5467
5471
5468
5469
7243
5116
5471
5472
5528
5474
5475
7238
5477
5478
7244
5006
5023
5480
5481
5483
5484
7239
5486
5487
7245
5009
5026
5489
5490
5492
5493
7240
5495
5496
7246
5012
5029
5498
5499
5501
5502
7241
5504
5505
7247
5015
5032
5507
5508
5510
5511
7242
5513
5514
7248
5018
5035
5516
5517
5519
5520
7243
5522
5523
7249
5021
5038
5525
5526
5121
5528
5530
5534
5531
5532
7250
5123
5534
5535
5591
5537
5538
7245
5540
5541
7251
5027
5044
5543
5544
5546
5547
7246
5549
5550
7252
5030
5045
5552
5553
5555
5556
7247
5558
5559
7253
5033
5046
5561
5562
5564
5565
7248
5567
5568
7254
5036
5047
5570
5571
5573
5574
7249
5576
5577
7255
5039
5048
5579
5580
5582
5583
7250
5585
5586
7256
5042
5049
5588
5589
5128
5591
5593
5597
5050
5594
5595
5051
5130
5597
5598
5603
5604
7252
5609
5610
7253
5615
5616
7254
5621
5622
7255
5627
5628
7256
5050
5633
5634
5636
5637
5135
5639
5640
5642
5643
5894
5907
5645
5646
6947
7258
5061
5648
5649
5926
5651
5652
6944
7257
5654
5655
7428
5059
5065
5657
5658
5660
5661
6947
7258
5663
5664
7259
5062
5068
5666
5667
5669
5670
7510
5672
5673
7260
5071
5675
5676
5944
5681
7428
7430
5678
5679
7259
5681
5682
7437
5069
5075
5684
5685
5687
5688
7260
5690
5691
7261
5072
5078
5693
5694
5696
5697
7516
5699
5700
7262
5081
5702
5703
5962
5708
7437
7439
5705
5706
7261
5708
5709
7446
5079
5085
5711
5712
5714
5715
7262
5717
5718
7263
5082
5088
5720
5721
5723
5724
7522
5726
5727
7264
5091
5729
5730
5980
5735
7446
7448
5732
5733
7263
5735
5736
7455
5089
5095
5738
5739
5741
5742
7264
5744
5745
7265
5092
5098
5747
5748
5750
5751
7528
5753
5754
7266
5101
5756
5757
5999
5762
7455
7457
5759
5760
7265
5762
5763
7464
5099
5105
5765
5766
5768
5769
7266
5771
5772
7267
5102
5108
5774
5775
5777
5778
7535
5780
5781
7268
5111
5783
5784
6020
5789
7464
7466
5786
5787
7267
5789
5790
7473
5109
5115
5792
5793
5795
5796
7268
5798
5799
7269
5112
5118
5801
5802
5804
5805
7542
5807
5808
7549
5810
5811
6039
6057
5816
7473
7475
5813
5814
7269
5816
5817
7479
5119
5122
5819
5820
5822
5823
7549
5825
5826
7270
5125
5828
5829
6058
5834
7479
7481
5831
5832
7270
5834
5835
7485
5126
5129
5837
5838
5840
5841
7557
5843
5844
7271
5132
5846
5847
6079
5852
7485
7487
5849
5850
7271
5135
5852
5853
5133
5136
5855
5856
5858
5859
7564
5861
5862
7272
5137
5864
5865
6100
5867
5868
5870
5871
7272
5876
5877
7571
5140
5654
6911
5140
5165
6995
6993
6996
5143
7274
5144
7284
5145
5149
5145
5186
5148
6980
7273
5148
5152
7277
5154
7275
5151
7274
5151
5153
7287
5154
7275
5154
5158
5154
5195
5157
6989
7276
5157
5161
7280
5163
7278
5160
7277
5160
5162
7290
5163
7278
5163
5167
5163
5204
5165
7428
5166
7279
5172
7281
5169
7280
5169
5171
7293
5172
7281
5172
5681
5172
5214
5175
7299
5176
5180
5176
5231
5179
5179
5183
7285
5185
7283
5182
7282
5182
5184
7302
5185
7283
5185
5189
5185
5240
5188
7284
5188
5192
7288
5194
7286
5191
7285
5191
5193
7305
5194
7286
5194
5198
5194
5249
5197
7287
5197
5201
7291
5203
7289
5200
7288
5200
5202
7308
5203
7289
5203
5207
5203
5258
5206
7290
5206
5210
7294
5212
7292
5209
7291
5209
5211
7311
5212
7292
5212
5216
5212
5267
5214
7437
5215
7293
5221
7295
5218
7294
5218
5220
7314
5221
7295
5221
5708
5221
5277
5224
7296
5224
5228
7300
5230
7298
5227
7297
5227
5229
7317
5230
7298
5230
5234
5230
5285
5233
7299
5233
5237
7303
5239
7301
5236
7300
5236
5238
7320
5239
7301
5239
5243
5239
5294
5242
7302
5242
5246
7306
5248
7304
5245
7303
5245
5247
7323
5248
7304
5248
5252
5248
5303
5251
7305
5251
5255
7309
5257
7307
5254
7306
5254
5256
7326
5257
7307
5257
5261
5257
5312
5260
7308
5260
5264
7312
5266
7310
5263
7309
5263
5265
7329
5266
7310
5266
5270
5266
5321
5269
7311
5269
5273
7315
5275
7313
5272
7312
5272
5274
7332
5275
7313
5275
5279
5275
5330
5277
7446
5278
7314
5284
7316
5281
7315
5281
5283
7335
5284
7316
5284
5735
5284
5340
5287
7317
5287
5291
7321
5293
7319
5290
7318
5290
5292
7338
5293
7319
5293
5297
5293
5348
5296
7320
5296
5300
7324
5302
7322
5299
7321
5299
5301
7341
5302
7322
5302
5306
5302
5357
5305
7323
5305
5309
7327
5311
7325
5308
7324
5308
5310
7344
5311
7325
5311
5315
5311
5366
5314
7326
5314
5318
7330
5320
7328
5317
7327
5317
5319
7347
5320
7328
5320
5324
5320
5375
5323
7329
5323
5327
7333
5329
7331
5326
7330
5326
5328
7350
5329
7331
5329
5333
5329
5384
5332
7332
5332
5336
7336
5338
7334
5335
7333
5335
5337
7353
5338
7334
5338
5342
5338
5393
5340
7455
5341
7335
5347
7337
5344
7336
5344
5346
7356
5347
7337
5347
5762
5347
5403
5350
7338
5350
5354
7342
5356
7340
5353
7339
5353
5355
7359
5356
7340
5356
5360
5356
5411
5359
7341
5359
5363
7345
5365
7343
5362
7342
5362
5364
7362
5365
7343
5365
5369
5365
5420
5368
7344
5368
5372
7348
5374
7346
5371
7345
5371
5373
7365
5374
7346
5374
5378
5374
5429
5377
7347
5377
5381
7351
5383
7349
5380
7348
5380
5382
7368
5383
7349
5383
5387
5383
5438
5386
7350
5386
5390
7354
5392
7352
5389
7351
5389
5391
7371
5392
7352
5392
5396
5392
5447
5395
7353
5395
5399
7357
5401
7355
5398
7354
5398
5400
7374
5401
7355
5401
5405
5401
5456
5403
7464
5404
7356
5410
7358
5407
7357
5407
5409
7377
5410
7358
5410
5789
5410
5466
5413
7359
5413
5417
7363
5419
7361
5416
7360
5416
5418
7380
5419
7361
5419
5423
5419
5474
5422
7362
5422
5426
7366
5428
7364
5425
7363
5425
5427
7383
5428
7364
5428
5432
5428
5483
5431
7365
5431
5435
7369
5437
7367
5434
7366
5434
5436
7386
5437
7367
5437
5441
5437
5492
5440
7368
5440
5444
7372
5446
7370
5443
7369
5443
5445
7389
5446
7370
5446
5450
5446
5501
5449
7371
5449
5453
7375
5455
7373
5452
7372
5452
5454
7392
5455
7373
5455
5459
5455
5510
5458
7374
5458
5462
7378
5464
7376
5461
7375
5461
5463
7395
5464
7376
5464
5468
5464
5519
5466
7473
5467
7377
5473
7379
5470
7378
5470
5472
7398
5473
7379
5473
5816
5473
5529
5476
7380
5476
5480
7384
5482
7382
5479
7381
5479
5481
7401
5482
7382
5482
5486
5482
5537
5485
7383
5485
5489
7387
5491
7385
5488
7384
5488
5490
7404
5491
7385
5491
5495
5491
5546
5494
7386
5494
5498
7390
5500
7388
5497
7387
5497
5499
7407
5500
7388
5500
5504
5500
5555
5503
7389
5503
5507
7393
5509
7391
5506
7390
5506
5508
7410
5509
7391
5509
5513
5509
5564
5512
7392
5512
5516
7396
5518
7394
5515
7393
5515
5517
7413
5518
7394
5518
5522
5518
5573
5521
7395
5521
5525
7399
5527
7397
5524
7396
5524
5526
7416
5527
7397
5527
5531
5527
5582
5529
7479
5530
7398
5536
7400
5533
7399
5533
5535
7419
5536
7400
5536
5834
5536
5592
5539
7401
5539
5543
7405
5545
7403
5542
7402
5542
5544
5600
5545
7403
5545
5549
5545
5603
5548
7404
5548
5552
7408
5554
7406
5551
7405
5551
5553
5606
5554
7406
5554
5558
5554
5609
5557
7407
5557
5561
7411
5563
7409
5560
7408
5560
5562
5612
5563
7409
5563
5567
5563
5615
5566
7410
5566
5570
7414
5572
7412
5569
7411
5569
5571
5618
5572
7412
5572
5576
5572
5621
5575
7413
5575
5579
7417
5581
7415
5578
7414
5578
5580
5624
5581
7415
5581
5585
5581
5627
5584
7416
5584
5588
7420
5590
7418
5587
7417
5587
5589
5630
5590
7418
5590
5594
5590
5633
5592
7485
5593
7419
5599
7421
5596
7420
5596
5598
5636
5599
7421
5599
5852
5599
5640
5602
5603
7251
5602
7251
5605
5605
5605
5607
5608
5609
7252
5608
7252
5611
5611
5611
5613
5614
5615
7253
5614
7253
5617
5617
5617
5619
5620
5621
7254
5620
7254
5623
5623
5623
5625
5626
5627
7255
5626
7255
5629
5629
5629
5631
5632
5633
7256
5632
7256
5635
5635
5635
5637
5638
5640
5638
5641
5641
5867
5641
5644
6173
7049
5644
6212
7052
7050
7053
5647
7096
7872
5647
5649
7425
5650
7873
5650
6269
7100
5650
5669
7101
5653
7088
7875
5653
5657
7423
5659
7876
5656
6949
5656
5658
7429
5659
7876
5659
5663
5659
5678
5662
7097
7422
5662
5666
7426
5668
7424
5665
7423
5665
5667
7431
5668
7424
5668
5672
5668
5687
5671
7425
5671
5675
7641
5677
7427
5674
7426
5674
5676
7434
5677
7427
5677
6323
5677
5696
5680
7429
5680
5684
7432
5686
7430
5683
5683
5685
7438
5686
7430
5686
5690
5686
5705
5689
7431
5689
5693
7435
5695
7433
5692
7432
5692
5694
7440
5695
7433
5695
5699
5695
5714
5698
7434
5698
5702
7659
5704
7436
5701
7435
5701
5703
7443
5704
7436
5704
6377
5704
5723
5707
7438
5707
5711
7441
5713
7439
5710
5710
5712
7447
5713
7439
5713
5717
5713
5732
5716
7440
5716
5720
7444
5722
7442
5719
7441
5719
5721
7449
5722
7442
5722
5726
5722
5741
5725
7443
5725
5729
7677
5731
7445
5728
7444
5728
5730
7452
5731
7445
5731
6431
5731
5750
5734
7447
5734
5738
7450
5740
7448
5737
5737
5739
7456
5740
7448
5740
5744
5740
5759
5743
7449
5743
5747
7453
5749
7451
5746
7450
5746
5748
7458
5749
7451
5749
5753
5749
5768
5752
7452
5752
5756
7695
5758
7454
5755
7453
5755
5757
7461
5758
7454
5758
6488
5758
5777
5761
7456
5761
5765
7459
5767
7457
5764
5764
5766
7465
5767
7457
5767
5771
5767
5786
5770
7458
5770
5774
7462
5776
7460
5773
7459
5773
5775
7467
5776
7460
5776
5780
5776
5795
5779
7461
5779
5783
7716
5785
7463
5782
7462
5782
5784
7470
5785
7463
5785
6551
5785
5804
5788
7465
5788
5792
7468
5794
7466
5791
5791
5793
7474
5794
7466
5794
5798
5794
5813
5797
7467
5797
5801
7471
5803
7469
5800
7468
5800
5802
7476
5803
7469
5803
5807
5803
5822
5806
7470
5806
5810
7737
5812
7472
5809
7471
5809
5811
7757
5812
7472
5812
6612
5812
6665
5815
7474
5815
5819
7477
5821
7475
5818
5818
5820
7480
5821
7475
5821
5825
5821
5831
5824
7476
5824
5828
7758
5830
7478
5827
7477
5827
5829
7482
5830
7478
5830
6668
5830
5840
5833
7480
5833
5837
7483
5839
7481
5836
5836
5838
7486
5839
7481
5839
5843
5839
5849
5842
7482
5842
5846
7779
5848
7484
5845
7483
5845
5847
7488
5848
7484
5848
6731
5848
5858
5851
7486
5851
5855
7489
5857
7487
5854
5854
5856
5868
5857
7487
5857
5861
5857
5870
5860
7488
5860
5864
7800
5866
7490
5863
7489
5863
5865
5873
5866
7490
5866
6794
5866
5876
5869
5869
5870
5872
5872
5872
5874
5875
5876
7272
5875
7272
5878
5878
5878
6855
5880
5887
6128
6129
6130
6131
7492
5890
6133
6137
6138
6919
7493
5885
5893
6140
6141
6143
6144
7491
8300
6146
6147
7494
5888
5896
6149
6150
6152
6153
7492
6155
6156
7495
5891
5899
6158
6159
6161
6162
7104
6164
6165
7496
5902
6167
6168
6170
6171
7494
6173
6174
7499
5897
5910
6176
6177
6179
6180
7495
6182
6183
7500
5900
5913
6185
6186
6188
6189
7496
6191
6192
7501
5903
5916
6194
6195
6197
6198
7497
6200
6201
7502
5905
5919
6203
6204
6206
6207
7503
5922
6209
6210
6212
6213
7499
6215
6216
6940
7504
5911
5925
6218
6219
6221
6222
7500
6224
6225
7505
5914
5928
6227
6228
6230
6231
7501
6233
6234
7506
5917
5931
6236
6237
6239
6240
7502
6242
6243
7507
5920
5934
6245
6246
6248
6249
7503
6251
6252
7508
5923
5937
6254
6255
6257
6258
7113
6260
6261
7509
5940
6263
6264
6266
6267
7505
6269
6270
7510
5929
5943
6272
6273
6275
6276
7506
6278
6279
7511
5932
5946
6281
6282
6284
6285
7507
6287
6288
7512
5935
5949
6290
6291
6293
6294
7508
6296
6297
7513
5938
5952
6299
6300
6302
6303
7509
6305
6306
7514
5941
5955
6308
6309
6311
6312
7117
6314
6315
7515
5958
6317
6318
6320
6321
7511
6323
6324
7516
5947
5961
6326
6327
6329
6330
7512
6332
6333
7517
5950
5964
6335
6336
6338
6339
7513
6341
6342
7518
5953
5967
6344
6345
6347
6348
7514
6350
6351
7519
5956
5970
6353
6354
6356
6357
7515
6359
6360
7520
5959
5973
6362
6363
6365
6366
7121
6368
6369
7521
5976
6371
6372
6374
6375
7517
6377
6378
7522
5965
5979
6380
6381
6383
6384
7518
6386
6387
7523
5968
5982
6389
6390
6392
6393
7519
6395
6396
7524
5971
5985
6398
6399
6401
6402
7520
6404
6405
7525
5974
5988
6407
6408
6410
6411
7521
6413
6414
7526
5977
5991
6416
6417
6419
6420
7124
6422
6423
7527
5994
6425
6426
6428
6429
7523
6431
6432
7528
5983
5998
6434
6435
6437
6438
7524
6440
6441
7529
5986
6001
6443
6444
6446
6447
7525
6449
6450
7530
5989
6004
6452
6453
6455
6456
7526
6458
6459
7531
5992
6007
6461
6462
6464
6465
7527
6467
6468
7532
5995
6010
6470
6471
6473
6474
7127
6476
6477
7533
5997
6013
6479
6480
6482
6483
7534
6485
6486
7529
6488
6489
7535
6002
6019
6491
6492
6494
6495
7530
6497
6498
7536
6005
6022
6500
6501
6503
6504
7531
6506
6507
7537
6008
6025
6509
6510
6512
6513
7532
6515
6516
7538
6011
6028
6518
6519
6521
6522
7533
6524
6525
7539
6014
6031
6527
6528
6530
6531
7534
6533
6534
7540
6017
6034
6536
6537
6539
6540
7130
6542
6543
7541
6545
6546
8608
8994
6548
6549
7536
6551
6552
7542
6023
6038
6554
6555
6557
6558
7537
6560
6561
7543
6026
6041
6563
6564
6566
6567
7538
6569
6570
7544
6029
6044
6572
6573
6575
6576
7539
6578
6579
7545
6032
6047
6581
6582
6584
6585
7540
6587
6588
7546
6035
6050
6590
6591
6593
6594
7541
6596
6597
7547
6037
6053
6599
6600
6604
6605
7548
6609
6610
7543
6612
6613
7550
6042
6060
6615
6616
6618
6619
7544
6621
6622
7551
6045
6063
6624
6625
6627
6628
7545
6630
6631
7552
6048
6066
6633
6634
6636
6637
7546
6639
6640
7553
6051
6069
6642
6643
6645
6646
7547
6648
6649
7554
6054
6072
6651
6652
6654
6655
7548
6657
6658
7555
6056
6075
6660
6661
6663
7556
9038
6665
6666
7550
6668
6669
7557
6061
6078
6671
6672
6674
6675
7551
6677
6678
7558
6064
6081
6680
6681
6683
6684
7552
6686
6687
7559
6067
6084
6689
6690
6692
6693
7553
6695
6696
7560
6070
6087
6698
6699
6701
6702
7554
6704
6705
7561
6073
6090
6707
6708
6710
6711
7555
6713
6714
7562
6076
6093
6716
6717
6719
6720
7556
6722
6723
7563
6096
6725
6726
9005
6728
6729
7558
6731
6732
7564
6082
6099
6734
6735
6737
6738
7559
6740
6741
7565
6085
6102
6743
6744
6746
6747
7560
6749
6750
7566
6088
6105
6752
6753
6755
6756
7561
6758
6759
7567
6091
6108
6761
6762
6764
6765
7562
6767
6768
7568
6094
6111
6770
6771
6773
6774
7563
6776
6777
7569
6097
6114
6779
6780
6782
6783
9245
6785
6786
7570
6117
6788
6789
9011
6791
6792
7565
6794
6795
7571
6103
6120
6797
6798
6800
6801
7566
6803
6804
7572
6106
6121
6806
6807
6809
6810
7567
6812
6813
7573
6109
6122
6815
6816
6818
6819
7568
6821
6822
7574
6112
6123
6824
6825
6827
6828
7569
6830
6831
7575
6115
6124
6833
6834
6836
6837
7570
6839
6840
7576
6118
6125
6842
6843
6845
6846
9247
6848
6849
7577
6126
6851
6852
9017
6857
6858
7572
6863
6864
7573
6869
6870
7574
6875
6876
7575
6881
6882
7576
6887
6888
7577
6893
6894
9249
6129
7583
8301
8320
6130
8317
8321
6152
8321
6132
8527
6132
6133
7586
6134
8528
6134
6161
6136
6140
7581
8302
6142
7579
8322
6139
7018
7578
6139
6141
7589
6142
7579
6142
6146
6142
6170
6145
7580
8315
6145
6149
7584
6151
7582
6148
7581
6148
6150
7592
6151
7582
6151
6155
6151
6179
6154
7583
6154
6158
7587
6160
7585
6157
7584
6157
6159
7595
6160
7585
6160
6164
6160
6188
6163
7586
6163
6167
7132
6169
7588
6166
7587
6166
6168
7598
6169
7588
6169
6169
6197
6172
7589
6172
6176
7593
6178
7591
6175
7590
6175
6177
7607
6178
7591
6178
6182
6178
6221
6181
7592
6181
6185
7596
6187
7594
6184
7593
6184
6186
7610
6187
7594
6187
6191
6187
6230
6190
7595
6190
6194
7599
6196
7597
6193
7596
6193
6195
7613
6196
7597
6196
6200
6196
6239
6199
7598
6199
6203
7602
6205
7600
6202
7599
6202
6204
7616
6205
7600
6205
6206
6205
6248
6208
7602
6208
6210
7619
6211
7603
6211
6211
6257
6214
7604
6214
6218
7608
6220
7606
6217
7078
7605
6217
6219
7622
6220
7606
6220
6224
6220
6266
6223
7607
6223
6227
7611
6229
7609
6226
7608
6226
6228
7625
6229
7609
6229
6233
6229
6275
6232
7610
6232
6236
7614
6238
7612
6235
7611
6235
6237
7628
6238
7612
6238
6242
6238
6284
6241
7613
6241
6245
7617
6247
7615
6244
7614
6244
6246
7631
6247
7615
6247
6251
6247
6293
6250
7616
6250
6254
7620
6256
7618
6253
7617
6253
6255
7634
6256
7618
6256
6260
6256
6302
6259
7619
6259
6263
7157
6265
7621
6262
7620
6262
6264
7637
6265
7621
6265
6265
6311
6268
7622
6268
6272
7626
6274
7624
6271
7623
6271
6273
7640
6274
7624
6274
6278
6274
6320
6277
7625
6277
6281
7629
6283
7627
6280
7626
6280
6282
7643
6283
7627
6283
6287
6283
6329
6286
7628
6286
6290
7632
6292
7630
6289
7629
6289
6291
7646
6292
7630
6292
6296
6292
6338
6295
7631
6295
6299
7635
6301
7633
6298
7632
6298
6300
7649
6301
7633
6301
6305
6301
6347
6304
7634
6304
6308
7638
6310
7636
6307
7635
6307
6309
7652
6310
7636
6310
6314
6310
6356
6313
7637
6313
6317
7167
6319
7639
6316
7638
6316
6318
7655
6319
7639
6319
6319
6365
6322
7640
6322
6326
7644
6328
7642
6325
7641
6325
6327
7658
6328
7642
6328
6332
6328
6374
6331
7643
6331
6335
7647
6337
7645
6334
7644
6334
6336
7661
6337
7645
6337
6341
6337
6383
6340
7646
6340
6344
7650
6346
7648
6343
7647
6343
6345
7664
6346
7648
6346
6350
6346
6392
6349
7649
6349
6353
7653
6355
7651
6352
7650
6352
6354
7667
6355
7651
6355
6359
6355
6401
6358
7652
6358
6362
7656
6364
7654
6361
7653
6361
6363
7670
6364
7654
6364
6368
6364
6410
6367
7655
6367
6371
7177
6373
7657
6370
7656
6370
6372
7673
6373
7657
6373
6373
6419
6376
7658
6376
6380
7662
6382
7660
6379
7659
6379
6381
7676
6382
7660
6382
6386
6382
6428
6385
7661
6385
6389
7665
6391
7663
6388
7662
6388
6390
7679
6391
7663
6391
6395
6391
6437
6394
7664
6394
6398
7668
6400
7666
6397
7665
6397
6399
7682
6400
7666
6400
6404
6400
6446
6403
7667
6403
6407
7671
6409
7669
6406
7668
6406
6408
7685
6409
7669
6409
6413
6409
6455
6412
7670
6412
6416
7674
6418
7672
6415
7671
6415
6417
7688
6418
7672
6418
6422
6418
6464
6421
7673
6421
6425
7186
6427
7675
6424
7674
6424
6426
7691
6427
7675
6427
6427
6473
6430
7676
6430
6434
7680
6436
7678
6433
7677
6433
6435
7694
6436
7678
6436
6440
6436
6485
6439
7679
6439
6443
7683
6445
7681
6442
7680
6442
6444
7697
6445
7681
6445
6449
6445
6494
6448
7682
6448
6452
7686
6454
7684
6451
7683
6451
6453
7700
6454
7684
6454
6458
6454
6503
6457
7685
6457
6461
7689
6463
7687
6460
7686
6460
6462
7703
6463
7687
6463
6467
6463
6512
6466
7688
6466
6470
7692
6472
7690
6469
7689
6469
6471
7706
6472
7690
6472
6476
6472
6521
6475
7691
6475
6479
7195
6481
7693
6478
7692
6478
6480
7709
6481
7693
6481
6482
6481
6530
6484
7195
6484
7712
7196
6487
7694
6487
6491
7698
6493
7696
6490
7695
6490
6492
7715
6493
7696
6493
6497
6493
6548
6496
7697
6496
6500
7701
6502
7699
6499
7698
6499
6501
7718
6502
7699
6502
6506
6502
6557
6505
7700
6505
6509
7704
6511
7702
6508
7701
6508
6510
7721
6511
7702
6511
6515
6511
6566
6514
7703
6514
6518
7707
6520
7705
6517
7704
6517
6519
7724
6520
7705
6520
6524
6520
6575
6523
7706
6523
6527
7710
6529
7708
6526
7707
6526
6528
7727
6529
7708
6529
6533
6529
6584
6532
7709
6532
6536
7713
6538
7711
6535
7710
6535
6537
7730
6538
7711
6538
6542
6538
6593
6541
7712
6541
6545
7201
6547
7714
6544
7713
6544
6546
7733
6547
7714
6547
8808
6547
6602
6550
7715
6550
6554
7719
6556
7717
6553
7716
6553
6555
7736
6556
7717
6556
6560
6556
6609
6559
7718
6559
6563
7722
6565
7720
6562
7719
6562
6564
7739
6565
7720
6565
6569
6565
6618
6568
7721
6568
6572
7725
6574
7723
6571
7722
6571
6573
7742
6574
7723
6574
6578
6574
6627
6577
7724
6577
6581
7728
6583
7726
6580
7725
6580
6582
7745
6583
7726
6583
6587
6583
6636
6586
7727
6586
6590
7731
6592
7729
6589
7728
6589
6591
7748
6592
7729
6592
6596
6592
6645
6595
7730
6595
6599
7734
6601
7732
6598
7731
6598
6600
7751
6601
7732
6601
6604
6601
6654
6603
7733
8994
6608
7735
9024
6606
7734
6606
6607
7754
6608
7735
6608
8995
9035
9025
6611
7736
6611
6615
7740
6617
7738
6614
7737
6614
6616
7760
6617
7738
6617
6621
6617
6674
6620
7739
6620
6624
7743
6626
7741
6623
7740
6623
6625
7763
6626
7741
6626
6630
6626
6683
6629
7742
6629
6633
7746
6635
7744
6632
7743
6632
6634
7766
6635
7744
6635
6639
6635
6692
6638
7745
6638
6642
7749
6644
7747
6641
7746
6641
6643
7769
6644
7747
6644
6648
6644
6701
6647
7748
6647
6651
7752
6653
7750
6650
7749
6650
6652
7772
6653
7750
6653
6657
6653
6710
6656
7751
6656
6660
7755
6662
7753
6659
7752
6659
6661
7775
6662
7753
6662
6663
6662
6719
6664
7755
7756
9038
9041
6667
7757
6667
6671
7761
6673
7759
6670
7758
6670
6672
7778
6673
7759
6673
6677
6673
6728
6676
7760
6676
6680
7764
6682
7762
6679
7761
6679
6681
7781
6682
7762
6682
6686
6682
6737
6685
7763
6685
6689
7767
6691
7765
6688
7764
6688
6690
7784
6691
7765
6691
6695
6691
6746
6694
7766
6694
6698
7770
6700
7768
6697
7767
6697
6699
7787
6700
7768
6700
6704
6700
6755
6703
7769
6703
6707
7773
6709
7771
6706
7770
6706
6708
7790
6709
7771
6709
6713
6709
6764
6712
7772
6712
6716
7776
6718
7774
6715
7773
6715
6717
7793
6718
7774
6718
6722
6718
6773
6721
7775
6721
6725
9258
6727
7777
6724
7776
6724
6726
7796
6727
7777
6727
9054
6727
6782
6730
7778
6730
6734
7782
6736
7780
6733
7779
6733
6735
7799
6736
7780
6736
6740
6736
6791
6739
7781
6739
6743
7785
6745
7783
6742
7782
6742
6744
7802
6745
7783
6745
6749
6745
6800
6748
7784
6748
6752
7788
6754
7786
6751
7785
6751
6753
7805
6754
7786
6754
6758
6754
6809
6757
7787
6757
6761
7791
6763
7789
6760
7788
6760
6762
7808
6763
7789
6763
6767
6763
6818
6766
7790
6766
6770
7794
6772
7792
6769
7791
6769
6771
7811
6772
7792
6772
6776
6772
6827
6775
7793
6775
6779
7797
6781
7795
6778
7794
6778
6780
7814
6781
7795
6781
6785
6781
6836
6784
7796
6784
6788
9264
6790
7798
6787
7797
6787
6789
7817
6790
7798
6790
9072
6790
6845
6793
7799
6793
6797
7803
6799
7801
6796
7800
6796
6798
6854
6799
7801
6799
6803
6799
6857
6802
7802
6802
6806
7806
6808
7804
6805
7803
6805
6807
6860
6808
7804
6808
6812
6808
6863
6811
7805
6811
6815
7809
6817
7807
6814
7806
6814
6816
6866
6817
7807
6817
6821
6817
6869
6820
7808
6820
6824
7812
6826
7810
6823
7809
6823
6825
6872
6826
7810
6826
6830
6826
6875
6829
7811
6829
6833
7815
6835
7813
6832
7812
6832
6834
6878
6835
7813
6835
6839
6835
6881
6838
7814
6838
6842
7818
6844
7816
6841
7815
6841
6843
6884
6844
7816
6844
6848
6844
6887
6847
7817
6847
6851
9270
6853
7819
6850
7818
6850
6852
6890
6853
7819
6853
9090
6853
6893
6856
6857
7571
6856
7571
6859
6859
6859
6861
6862
6863
7572
6862
7572
6865
6865
6865
6867
6868
6869
7573
6868
7573
6871
6871
6871
6873
6874
6875
7574
6874
7574
6877
6877
6877
6879
6880
6881
7575
6880
7575
6883
6883
6883
6885
6886
6887
7576
6886
7576
6889
6889
6889
6891
6892
6893
7577
6892
7577
6895
6895
6895
9106
6921
6950
6899
6901
6931
6950
6952
6953
6955
6956
7820
6933
6958
6959
6968
6961
7820
6963
7821
6905
6908
6965
6966
6941
6968
6970
6974
6971
6972
7822
6943
6974
6975
6991
6909
6979
6980
6982
6983
7822
6985
6986
7203
6912
6988
6989
6949
6991
6993
6994
6995
7204
6914
6920
6997
7000
7823
6916
6923
7002
7003
7007
7008
7824
6918
6926
7010
7011
7015
7016
7825
6929
7018
7019
7021
7022
7823
7024
7026
7844
6924
6932
7027
7028
7030
7031
7824
7033
7034
7826
6927
6935
7036
7037
7039
7040
7825
7042
7043
7827
6930
6938
7045
7046
7048
7049
7493
7051
7052
7498
7024
7856
7857
7054
7055
7826
7057
7058
7865
6936
6942
7060
7061
7063
7064
7827
7066
7067
7828
6939
6945
7069
7070
7072
7073
7498
7075
7076
7829
6948
7078
7079
7084
7865
7867
7081
7082
7828
7084
7085
7874
6946
7087
7088
7090
7091
7829
7093
7094
7257
7096
7097
7099
7100
7504
7874
7876
6951
7024
6953
6954
6958
7856
6954
6960
7830
6957
6957
6959
7831
6960
7830
6960
7057
6960
6969
6962
6965
7832
6967
6964
6966
7834
6967
6967
6971
6967
6982
6969
7865
6970
7831
6976
7833
6973
7832
6973
6975
7837
6976
7833
6976
7084
6976
6992
6979
7835
6980
7273
6981
6985
6981
6984
7834
6984
6988
7838
6990
7836
6987
7835
6987
6989
7276
6990
7836
6990
6994
6990
6992
7874
6993
7837
7839
6996
7838
6996
7279
7839
7021
6999
7002
7840
8332
7004
7103
7914
7001
7003
7847
7004
7103
7004
7007
7004
7030
7006
7010
7842
8333
7012
7841
8349
7009
7840
7009
7011
7850
7012
7841
7012
7015
7012
7039
7014
7018
7578
8334
7020
7843
8350
7017
7842
7017
7019
7853
7020
7843
7020
7020
7048
7023
7845
7023
7027
7848
7029
7846
7025
7026
7028
7857
7029
7846
7029
7033
7029
7054
7032
7847
7032
7036
7851
7038
7849
7035
7848
7035
7037
7859
7038
7849
7038
7042
7038
7063
7041
7850
7041
7045
7854
7047
7852
7044
7851
7044
7046
7862
7047
7852
7047
7051
7047
7072
7050
7853
7050
7590
7855
7053
7854
7053
7604
7855
7056
7857
7056
7060
7860
7062
7858
7059
7856
7059
7061
7866
7062
7858
7062
7066
7062
7081
7065
7859
7065
7069
7863
7071
7861
7068
7860
7068
7070
7868
7071
7861
7071
7075
7071
7090
7074
7862
7074
7078
7605
7080
7864
7077
7863
7077
7079
7871
7080
7864
7080
7080
7099
7083
7866
7083
7087
7869
7089
7867
7086
7086
7088
7875
7089
7867
7089
7093
7089
7092
7868
7092
7096
7872
7098
7870
7095
7869
7095
7097
7422
7098
7870
7098
7098
7101
7871
7101
7623
7873
7103
8381
8387
7131
7132
7134
7135
7137
7138
7140
7141
7143
7144
7146
7147
7149
7150
7152
7153
7155
9151
7156
7157
7159
7160
7162
7163
7165
9156
7166
7167
7169
7170
7172
7173
7175
9161
7176
7177
7179
7180
7182
7183
7185
7186
7188
7189
7191
7192
7194
7195
7197
7198
9178
9179
7200
7201
7133
7133
7136
7136
7139
7139
7142
7142
7145
8669
7145
8671
7148
7148
7151
7151
7154
7154
9152
7158
7158
7161
7161
7164
7164
9157
7168
7168
7171
7171
7174
7174
9162
7178
7178
7181
7181
7184
7184
7187
7187
7190
7190
7193
7193
8754
7196
7196
7199
7199
8805
9187
8808
9187
7273
7274
7276
7277
7279
7280
7284
7285
7287
7288
7290
7291
7293
7294
7296
7297
7299
7300
7302
7303
7305
7306
7308
7309
7311
7312
7314
7315
7317
7318
7320
7321
7323
7324
7326
7327
7329
7330
7332
7333
7335
7336
7338
7339
7341
7342
7344
7345
7347
7348
7350
7351
7353
7354
7356
7357
7359
7360
7362
7363
7365
7366
7368
7369
7371
7372
7374
7375
7377
7378
7380
7381
7383
7384
7386
7387
7389
7390
7392
7393
7395
7396
7398
7399
7401
7402
7404
7405
7407
7408
7410
7411
7413
7414
7416
7417
7419
7420
7422
7423
7425
7426
7431
7432
7434
7435
7440
7441
7443
7444
7449
7450
7452
7453
7458
7459
7461
7462
7467
7468
7470
7471
7476
7477
7482
7483
7488
7489
7275
7275
7278
7278
7281
7281
7283
7286
7286
7289
7289
7292
7292
7295
7295
7298
7298
7301
7301
7304
7304
7307
7307
7310
7310
7313
7313
7316
7316
7319
7319
7322
7322
7325
7325
7328
7328
7331
7331
7334
7334
7337
7337
7340
7340
7343
7343
7346
7346
7349
7349
7352
7352
7355
7355
7358
7358
7361
7361
7364
7364
7367
7367
7370
7370
7373
7373
7376
7376
7379
7379
7382
7382
7385
7385
7388
7388
7391
7391
7394
7394
7397
7397
7400
7400
7403
7403
7406
7406
7409
7409
7412
7412
7415
7415
7418
7418
7421
7421
7424
7424
7427
7427
7429
7430
7433
7433
7436
7436
7438
7439
7442
7442
7445
7445
7447
7448
7451
7451
7454
7454
7456
7457
7460
7460
7463
7463
7465
7466
7469
7469
7472
7472
7474
7475
7478
7478
7480
7481
7484
7484
7486
7487
7490
7490
7583
7584
8301
7586
7587
7589
7590
7592
7593
7595
7596
7598
7599
7601
7602
7604
7605
7607
7608
7610
7611
7613
7614
7616
7617
7619
7620
7622
7623
7625
7626
7628
7629
7631
7632
7634
7635
7637
7638
7640
7641
7643
7644
7646
7647
7649
7650
7652
7653
7655
7656
7658
7659
7661
7662
7664
7665
7667
7668
7670
7671
7673
7674
7676
7677
7679
7680
7682
7683
7685
7686
7688
7689
7691
7692
7694
7695
7697
7698
7700
7701
7703
7704
7706
7707
7709
7710
7712
7713
7715
7716
7718
7719
7721
7722
7724
7725
7727
7728
7730
7731
7733
7734
7736
7737
7739
7740
7742
7743
7745
7746
7748
7749
7751
7752
7754
7755
7757
7758
7760
7761
7763
7764
7766
7767
7769
7770
7772
7773
7775
7776
9257
9258
7778
7779
7781
7782
7784
7785
7787
7788
7790
7791
7793
7794
7796
7797
7799
7800
7802
7803
7805
7806
7808
7809
7811
7812
7814
7815
7817
7818
7579
8520
8529
7582
8312
8521
7582
8521
7585
7585
7588
7588
7591
7591
7594
7594
7597
7597
7600
7600
7603
7603
7606
7606
7609
7609
7612
7612
7615
7615
7618
7618
7621
7621
7624
7624
7627
7627
7630
7630
7633
7633
7636
7636
7639
7639
7642
7642
7645
7645
7648
7648
7651
7651
7654
7654
7657
7657
7660
7660
7663
7663
7666
7666
7669
7669
7672
7672
7675
7675
7678
7678
7681
7681
7684
7684
7687
7687
7690
7690
7693
7693
7696
7696
7699
7699
7702
7702
7705
7705
7708
7708
7711
7711
7714
7714
7717
7717
7720
7720
7723
7723
7726
7726
7729
7729
7732
7732
7735
7735
7738
7738
7741
7741
7744
7744
7747
7747
7750
7750
7753
7753
7756
9035
7756
9037
7759
7759
7762
7762
7765
7765
7768
7768
7771
7771
7774
7774
7777
7777
7780
7780
7783
7783
7786
7786
7789
7789
7792
7792
7795
7795
7798
7798
7801
7801
7804
7804
7807
7807
7810
7810
7813
7813
7816
7816
7819
7819
7831
7832
7834
7835
7837
7838
7847
7848
7850
7851
7853
7854
7859
7860
7862
7863
7868
7869
7871
7872
7833
7833
7836
7836
7839
7839
7841
8534
8539
7843
8535
8540
7846
7846
7849
7849
7852
7852
7855
7855
7858
7858
7861
7861
7864
7864
7866
7867
7870
7870
7873
7873
7875
7876
7878
7916
7879
7962
8177
8181
7881
7884
7889
7890
7892
7893
8379
7883
7887
7895
7896
7898
7899
8380
7901
7902
8379
7904
7905
8381
7907
7908
8327
8332
7910
8335
8380
8381
7891
7892
8012
7891
7901
7894
8428
7894
7896
8384
7897
8429
7897
7898
8014
7897
7910
8015
7900
8431
7900
8020
8536
8021
8432
7903
8382
7903
7907
8385
7909
8383
7906
7906
7908
8387
7909
8383
7909
7912
7909
7914
7911
8384
8335
8339
8386
7913
8327
8385
8336
8339
8386
8332
8387
7917
8434
8439
8550
7962
8033
8036
8034
8037
8376
7923
7966
8446
8448
7971
8042
8449
8450
7932
7933
7973
8091
8393
7922
7935
8097
8351
8407
7937
8362
8541
7987
8455
8457
7929
8059
8060
8397
7992
8062
8063
8455
7928
8065
8066
8398
7929
8068
8069
8397
7930
8074
8075
8077
8078
8080
8081
8398
7936
8086
8087
8399
8009
8089
8091
7935
8093
8094
8400
7936
8092
8093
8399
7937
8099
8100
8098
8099
7938
8400
8362
8367
8402
8019
8360
8364
8401
7941
7942
8101
8102
8103
8408
8105
8408
7964
8107
8108
8114
7945
8117
8118
8190
8120
8121
8446
7947
8126
8127
8410
7950
8129
8130
7949
8131
8132
8411
7953
8134
8135
8141
8142
8410
7956
8144
8145
8413
7958
8147
8148
8412
8150
8151
8411
7985
8153
8154
8162
7958
8156
8157
8412
7960
8159
8160
7986
8117
8162
8164
8165
8166
7963
8414
8168
8169
8413
7963
8174
8175
8414
8123
8177
8181
8182
8184
8185
8488
7967
7968
8187
8188
7987
8190
8192
8193
8194
8417
8200
8201
8417
7999
8263
8265
8418
7972
7975
8002
8269
8271
8196
8203
8204
8007
8285
8287
8419
7976
8009
8010
8293
8012
8418
8013
8014
8419
8016
8017
8393
8019
8020
8329
8360
7982
8208
8209
8420
7984
8211
8212
7983
8214
8215
8422
7984
8217
7989
8218
8219
7995
8221
8222
8224
8225
8227
8494
8495
8191
8227
8229
8230
8232
7994
8233
8234
8421
8236
8237
8420
7993
8239
8240
8424
7994
8242
8243
8421
8230
8245
8246
8004
8248
8249
8251
8252
8254
8255
8422
8001
8257
8258
8425
8003
8260
8261
8423
8263
8264
8002
8267
8268
8427
8003
8266
8267
8423
8006
8269
8270
8013
8273
8274
8272
8273
8275
8276
8424
8011
8282
8283
8426
8285
8286
8425
8010
8289
8290
8430
8011
8288
8289
8426
8291
8293
8016
8295
8296
8294
8295
8428
8015
8427
8015
8431
8429
8018
8430
8018
8019
8401
8021
8432
8021
8021
8340
8023
8024
8046
8436
8025
8026
8047
8025
8029
8437
8028
8030
8028
8071
8391
8028
8031
8391
8441
8032
8030
8353
8553
8032
8368
8032
8354
8443
8369
8035
8123
8392
8035
8392
8434
8036
8037
8038
8038
8377
8378
8041
8394
8404
8433
8041
8053
8124
8394
8055
8058
8043
8044
8196
8045
8062
8197
8045
8065
8450
8064
8067
8047
8048
8050
8049
8071
8049
8051
8074
8073
8076
8051
8395
8436
8052
8080
8082
8085
8395
8055
8178
8403
8055
8059
8403
8453
8061
8057
8404
8405
8440
8058
8060
8072
8061
8404
8061
8458
8061
8077
8064
8245
8064
8068
8456
8070
8067
8461
8067
8069
8075
8070
8070
8459
8070
8078
8073
8405
8073
8077
8405
8079
8076
8080
8076
8078
8079
8079
8079
8082
8082
8086
8462
8088
8085
8395
8406
8445
8085
8087
8096
8406
8088
8088
8468
8088
8098
8090
8291
8464
8091
8092
8466
8094
8094
8469
8094
8099
8096
8370
8406
8407
8097
8098
8100
8407
8100
8100
8102
8104
8104
8126
8471
8128
8106
8131
8472
8133
8109
8137
8184
8109
8115
8134
8136
8138
8112
8141
8112
8144
8143
8146
8114
8116
8153
8487
8115
8488
8116
8150
8152
8155
8119
8191
8119
8121
8159
8161
8164
8122
8415
8447
8122
8168
8170
8173
8125
8409
8125
8178
8409
8177
8180
8128
8474
8128
8130
8141
8133
8477
8133
8135
8136
8150
8136
8139
8140
8138
8206
8140
8140
8143
8143
8147
8475
8149
8146
8483
8146
8148
8160
8149
8149
8480
8149
8165
8152
8152
8156
8478
8158
8155
8494
8155
8157
8163
8158
8158
8481
8158
8166
8161
8168
8161
8165
8167
8163
8227
8164
8166
8167
8167
8167
8170
8170
8174
8484
8176
8172
8415
8416
8452
8173
8175
8179
8176
8415
8176
8486
8176
8182
8183
8180
8416
8180
8182
8416
8183
8183
8183
8186
8206
8186
8208
8489
8207
8210
8189
8193
8218
8189
8200
8221
8220
8223
8191
8446
8192
8229
8232
8195
8236
8195
8239
8491
8238
8241
8197
8198
8199
8245
8199
8204
8248
8247
8250
8202
8254
8202
8257
8492
8256
8259
8205
8279
8449
8205
8275
8277
8281
8207
8213
8210
8497
8210
8212
8219
8213
8213
8213
8224
8216
8503
8216
8217
8222
8225
8220
8236
8220
8224
8226
8223
8254
8223
8225
8226
8226
8226
8228
8229
8233
8495
8235
8231
8455
8232
8234
8246
8235
8235
8500
8235
8251
8238
8238
8242
8498
8244
8241
8510
8241
8243
8249
8244
8244
8501
8244
8252
8247
8247
8251
8253
8250
8275
8250
8252
8253
8253
8253
8256
8256
8260
8504
8262
8259
8513
8259
8261
8270
8262
8262
8507
8262
8272
8265
8265
8266
8506
8268
8268
8508
8268
8273
8271
8285
8271
8272
8274
8274
8274
8277
8277
8282
8511
8284
8279
8280
8291
8464
8281
8465
8281
8283
8292
8284
8284
8516
8284
8294
8287
8287
8288
8514
8290
8290
8517
8290
8295
8292
8293
8294
8296
8296
8296
8303
8304
8361
8519
8299
8302
8306
8307
8311
8312
8521
8301
8314
8315
8319
8322
8521
8305
8366
8531
8305
8306
8523
8308
8533
8308
8311
8308
8322
8325
8326
8310
8314
8525
8316
8524
8313
8523
8313
8315
8316
8524
8316
8319
8316
8318
8527
8321
8526
8320
8525
8321
8526
8529
8324
8325
8331
8520
8326
8346
8532
8326
8529
8533
8336
8534
8330
8333
8337
8338
8340
8341
8530
8343
8344
8535
8334
8346
8347
8534
8349
8535
8350
8520
8337
8537
8338
8539
8339
8343
8339
8349
8342
8536
8342
8346
8532
8348
8538
8345
8537
8345
8347
8540
8348
8538
8348
8348
8350
8539
8540
8355
8372
8541
8549
8357
8358
8361
8519
8368
8543
8369
8542
8374
8375
8546
8373
8374
8545
8359
8365
8547
8359
8522
8548
8363
8530
8365
8366
8365
8547
8364
8366
8531
8367
8402
8367
8367
8369
8371
8544
8549
8372
8373
8556
8375
8549
8375
8559
8375
8377
8550
8378
8384
8385
8536
8537
8387
8383
8386
8386
8392
8394
8433
8434
8395
8436
8438
8445
8404
8433
8440
8442
8405
8440
8409
8400
8401
8409
8415
8447
8452
8454
8458
8459
8461
8462
8468
8469
8402
8402
8416
8452
8544
8549
8471
8472
8474
8475
8477
8478
8480
8481
8483
8484
8486
8491
8492
8427
8428
8430
8431
8497
8498
8500
8501
8503
8504
8507
8508
8510
8511
8513
8514
8516
8517
8429
8429
8432
8432
8435
8435
8439
8442
8437
8438
8553
8555
8557
8444
8551
8441
8442
8443
8444
8444
8542
8552
8544
8557
8447
8448
8454
8457
8451
8465
8451
8461
8463
8467
8453
8454
8458
8460
8456
8457
8459
8460
8460
8460
8463
8463
8468
8470
8465
8466
8467
8467
8469
8470
8470
8470
8473
8474
8473
8477
8476
8479
8476
8476
8480
8482
8479
8479
8481
8482
8482
8482
8485
8485
8486
8488
8490
8494
8489
8490
8497
8496
8499
8493
8510
8493
8513
8512
8515
8496
8496
8500
8502
8499
8499
8501
8502
8502
8502
8505
8505
8507
8509
8508
8509
8509
8512
8512
8516
8518
8515
8515
8517
8518
8518
8518
8522
8523
8529
8524
8524
8526
8528
8531
8532
8533
8533
8539
8540
8538
8538
8546
8547
8552
8553
8554
8556
8558
8559
8548
8548
8551
8552
8555
8555
8558
8560
8557
8559
8560
8560
8560
8562
8563
8667
9117
8669
8670
9117
8565
8567
8673
8674
8678
8679
9118
8569
8681
8682
8684
8685
9118
8570
8572
8689
8690
8692
8693
8695
8696
9119
8574
8698
8699
8701
8702
9119
8575
8577
8706
8707
8709
8710
8712
8713
9120
8579
8715
8716
8718
8719
9120
8580
8583
8723
8724
8726
8727
8729
8730
9122
8586
8732
8733
8584
8589
8735
8736
9122
8738
8739
9123
8587
8591
8741
8742
8744
8745
8747
8748
9124
8594
8750
8751
8753
9123
8592
8598
8756
8757
8759
8760
9124
8762
8763
9125
8595
8601
8765
8766
8768
8769
8771
8772
9126
8604
8774
8775
8599
8607
8777
8778
8779
9125
8781
8782
9127
8602
8610
8784
8785
8787
8788
9126
8790
8791
9128
8605
8613
8793
8794
8796
8797
8799
8800
9129
8616
8802
8803
8805
8806
9127
8808
8809
9242
8611
8811
8812
8996
8814
8815
9128
8817
8818
9130
8614
8619
8820
8821
8823
8824
9129
8826
8827
9131
8617
8622
8829
8830
8832
8833
8835
8836
9132
8625
8838
8839
8841
8842
9131
8844
8845
8998
9133
8623
8628
8847
8848
8850
8851
9132
8853
8854
9134
8626
8631
8856
8857
8859
8860
8862
8863
9135
8634
8865
8866
8868
8869
9134
8871
8872
9003
9136
8632
8637
8874
8875
8877
8878
9135
8880
8881
9137
8635
8640
8883
8884
8886
8887
8889
8890
9138
8643
8892
8893
8895
8896
9137
8898
8899
9009
9139
8641
8646
8901
8902
8904
8905
9138
8907
8908
9140
8644
8649
8910
8911
8913
8914
8916
8917
9141
8652
8919
8920
8922
8923
9140
8925
8926
9015
9142
8650
8655
8928
8929
8931
8932
9141
8934
8935
9143
8653
8658
8937
8938
8940
8941
8943
8944
9144
8661
8946
8947
8949
8950
9143
8952
8953
9021
9145
8659
8664
8955
8956
8958
8959
9144
8961
8962
9146
8662
8665
8964
8965
8967
8968
8970
8971
9147
8666
8973
8974
8979
8980
9146
8985
8986
9147
8991
8992
8668
9148
8676
8671
8671
8673
9149
8675
8674
9151
8675
8678
8675
8684
8677
9148
8683
9150
8680
9149
8680
8682
9153
8683
9150
8683
8683
8692
8686
9151
8686
8689
9154
8691
9152
8688
8690
9156
8691
9152
8691
8695
8691
8701
8694
9153
8694
8698
8700
9155
8697
9154
8697
8699
9158
8700
9155
8700
8700
8709
8703
9156
8703
8706
9159
8708
9157
8705
8707
9161
8708
9157
8708
8712
8708
8718
8711
9158
8711
8715
8717
9160
8714
9159
8714
8716
9163
8717
9160
8717
8717
8726
8720
9161
8720
8723
9164
8725
9162
8722
8724
9166
8725
9162
8725
8729
8725
8735
8728
9163
8728
8732
8734
9165
8731
9164
8731
8733
9169
8734
9165
8734
8734
8744
8737
9166
8737
8741
9170
8743
9168
8740
9167
8740
8742
9172
8743
9168
8743
8747
8743
8759
8746
9169
8746
8750
8752
9171
8749
9170
8749
8751
9175
8752
9171
8752
8752
8768
8754
8756
9173
8758
8757
9178
8758
8762
8758
8778
8761
9172
8761
8765
9176
8767
9174
8764
9173
8764
8766
9181
8767
9174
8767
8771
8767
8787
8770
9175
8770
8774
8776
9177
8773
9176
8773
8775
9184
8776
9177
8776
8776
8796
8781
8780
9178
8780
8784
9182
8786
9180
8783
9179
8783
8785
9188
8786
9180
8786
8790
8786
8814
8789
9181
8789
8793
9185
8795
9183
8792
9182
8792
8794
9191
8795
9183
8795
8799
8795
8823
8798
9184
8798
8802
8804
9186
8801
9185
8801
8803
9194
8804
9186
8804
8804
8832
8807
8807
8811
9189
8813
9187
8810
8810
8812
9251
8813
9187
8813
8817
8813
9026
8816
9188
8816
8820
9192
8822
9190
8819
9189
8819
8821
9197
8822
9190
8822
8826
8822
8841
8825
9191
8825
8829
9195
8831
9193
8828
9192
8828
8830
9200
8831
9193
8831
8835
8831
8850
8834
9194
8834
8838
8840
9196
8837
9195
8837
8839
9203
8840
9196
8840
8840
8859
8843
9197
8843
8847
9201
8849
9199
8846
9032
9198
8846
8848
9206
8849
9199
8849
8853
8849
8868
8852
9200
8852
8856
9204
8858
9202
8855
9201
8855
8857
9209
8858
9202
8858
8862
8858
8877
8861
9203
8861
8865
8867
9205
8864
9204
8864
8866
9212
8867
9205
8867
8867
8886
8870
9206
8870
8874
9210
8876
9208
8873
9048
9207
8873
8875
9215
8876
9208
8876
8880
8876
8895
8879
9209
8879
8883
9213
8885
9211
8882
9210
8882
8884
9218
8885
9211
8885
8889
8885
8904
8888
9212
8888
8892
8894
9214
8891
9213
8891
8893
9221
8894
9214
8894
8894
8913
8897
9215
8897
8901
9219
8903
9217
8900
9066
9216
8900
8902
9224
8903
9217
8903
8907
8903
8922
8906
9218
8906
8910
9222
8912
9220
8909
9219
8909
8911
9227
8912
9220
8912
8916
8912
8931
8915
9221
8915
8919
8921
9223
8918
9222
8918
8920
9230
8921
9223
8921
8921
8940
8924
9224
8924
8928
9228
8930
9226
8927
9084
9225
8927
8929
9233
8930
9226
8930
8934
8930
8949
8933
9227
8933
8937
9231
8939
9229
8936
9228
8936
8938
9236
8939
9229
8939
8943
8939
8958
8942
9230
8942
8946
8948
9232
8945
9231
8945
8947
9239
8948
9232
8948
8948
8967
8951
9233
8951
8955
9237
8957
9235
8954
9102
9234
8954
8956
8976
8957
9235
8957
8961
8957
8979
8960
9236
8960
8964
9240
8966
9238
8963
9237
8963
8965
8982
8966
9238
8966
8970
8966
8985
8969
9239
8969
8973
8975
9241
8972
9240
8972
8974
8988
8975
9241
8975
8975
8991
8978
8979
9145
8978
9115
9145
8981
8981
8981
8983
8984
8985
9146
8984
9146
8987
8987
8987
8989
8990
8991
9147
8990
9147
8993
8993
8993
9024
9242
8997
8999
9025
9026
9027
9130
9029
9030
9243
9001
9032
9033
9035
9036
9243
9002
9004
9039
9040
9042
9043
9133
9045
9046
9244
9007
9048
9049
9051
9052
9244
9054
9055
9245
9008
9010
9057
9058
9060
9061
9136
9063
9064
9246
9013
9066
9067
9069
9070
9246
9072
9073
9247
9014
9016
9075
9076
9078
9079
9139
9081
9082
9248
9019
9084
9085
9087
9088
9248
9090
9091
9249
9020
9022
9093
9094
9096
9097
9142
9099
9100
9250
9023
9102
9103
9108
9109
9250
9114
9115
9145
9025
9252
9029
9028
9251
9028
9032
9198
9034
9253
9031
9252
9031
9033
9254
9034
9253
9034
9034
9042
9037
9037
9039
9255
9041
9040
9257
9041
9045
9041
9051
9044
9254
9044
9048
9207
9050
9256
9047
9255
9047
9049
9260
9050
9256
9050
9050
9060
9053
9257
9053
9057
9261
9059
9259
9056
9258
9056
9058
9263
9059
9259
9059
9063
9059
9069
9062
9260
9062
9066
9216
9068
9262
9065
9261
9065
9067
9266
9068
9262
9068
9068
9078
9071
9263
9071
9075
9267
9077
9265
9074
9264
9074
9076
9269
9077
9265
9077
9081
9077
9087
9080
9266
9080
9084
9225
9086
9268
9083
9267
9083
9085
9272
9086
9268
9086
9086
9096
9089
9269
9089
9093
9273
9095
9271
9092
9270
9092
9094
9105
9095
9271
9095
9099
9095
9108
9098
9272
9098
9102
9234
9104
9274
9101
9273
9101
9103
9111
9104
9274
9104
9104
9114
9107
9108
9249
9107
9249
9110
9110
9110
9112
9113
9114
9250
9113
9250
9116
9116
9116
9148
9149
9153
9154
9158
9159
9163
9164
9166
9167
9169
9170
9172
9173
9175
9176
9181
9182
9184
9185
9188
9189
9191
9192
9194
9195
9197
9198
9200
9201
9203
9204
9206
9207
9209
9210
9212
9213
9215
9216
9218
9219
9221
9222
9224
9225
9227
9228
9230
9231
9233
9234
9236
9237
9239
9240
9150
9150
9152
9155
9155
9157
9160
9160
9162
9165
9165
9168
9168
9171
9171
9174
9174
9177
9177
9180
9180
9183
9183
9186
9186
9190
9190
9193
9193
9196
9196
9199
9199
9202
9202
9205
9205
9208
9208
9211
9211
9214
9214
9217
9217
9220
9220
9223
9223
9226
9226
9229
9229
9232
9232
9235
9235
9238
9238
9241
9241
9251
9252
9254
9255
9260
9261
9263
9264
9266
9267
9269
9270
9272
9273
9253
9253
9256
9256
9259
9259
9262
9262
9265
9265
9268
9268
9271
9271
9274
9274
)


// ************************************************************************* //
