/*--------------------------------*- C++ -*----------------------------------*\
  =========                 |
  \\      /  F ield         | OpenFOAM: The Open Source CFD Toolbox
   \\    /   O peration     | Website:  https://openfoam.org
    \\  /    A nd           | Version:  13
     \\/     M anipulation  |
\*---------------------------------------------------------------------------*/
FoamFile
{
    format      ascii;
    class       labelList;
    note        "nPoints: 19772 nCells: 9269 nFaces: 37692 nInternalFaces: 18391";
    location    "constant/polyMesh";
    object      neighbour;
}
// * * * * * * * * * * * * * * * * * * * * * * * * * * * * * * * * * * * * * //


18391
(
49
4004
4006
2
4
710
2107
5
30
2163
5
17
59
97
5
59
711
18
7
9
10
138
16
17
148
24
25
144
712
11
16
713
11
168
717
714
719
13
14
21
39
2171
20
23
2231
27
39
40
28
33
34
805
18
29
18
193
30
20
24
715
2200
26
2323
23
27
41
141
23
25
141
180
26
26
718
26
183
41
42
36
37
808
30
713
2207
2342
32
40
43
44
42
46
47
35
36
43
35
811
2530
45
2532
38
46
38
361
814
48
363
2614
2982
42
44
2614
509
521
47
521
45
46
45
2708
2710
48
48
634
636
50
738
743
3807
4004
66
67
109
117
54
71
72
739
55
75
76
722
79
80
118
62
82
83
85
86
3820
3822
60
88
89
723
61
91
92
721
61
721
64
94
95
97
98
100
101
722
103
104
447
724
106
107
723
75
725
3810
3832
68
79
121
68
82
111
81
84
70
88
726
3811
90
3833
3867
73
746
3829
73
74
80
3830
3859
85
3820
3859
77
729
77
78
83
3832
3864
86
3822
3864
81
124
81
85
87
84
100
84
86
87
87
87
90
732
90
92
95
93
93
728
3866
93
98
3867
96
106
449
96
98
99
450
99
193
99
194
102
111
102
103
730
105
113
105
735
105
115
464
116
108
455
108
458
733
456
459
111
112
749
114
115
467
778
113
113
114
753
116
116
790
116
472
121
122
749
124
125
739
127
128
751
130
131
750
123
124
123
127
752
126
129
126
126
130
747
132
129
758
129
131
132
132
756
132
149
150
442
762
136
137
152
153
506
155
156
222
443
158
159
761
796
506
507
761
148
167
168
142
170
171
763
144
173
174
712
143
146
509
145
176
177
147
179
180
512
182
183
185
186
763
147
509
510
512
513
192
193
151
167
448
151
170
765
169
172
154
158
176
154
161
179
515
178
181
157
451
764
157
249
772
766
774
160
185
160
164
257
519
187
259
189
515
516
165
325
326
817
191
328
329
820
283
518
519
331
332
823
285
334
335
826
169
192
169
173
175
172
767
172
174
177
175
175
717
175
182
178
185
178
182
184
181
189
522
181
183
184
184
184
187
187
260
768
262
190
337
338
829
522
523
340
341
832
343
344
835
194
448
194
450
201
507
604
605
199
346
347
838
200
508
607
608
215
516
610
611
349
350
841
517
613
614
616
617
797
205
352
353
844
206
619
620
798
315
334
622
624
355
356
847
520
625
626
212
510
628
629
210
358
359
850
211
511
631
632
361
362
853
521
634
635
513
637
638
216
364
365
856
217
514
640
641
523
643
644
367
368
859
524
646
647
235
236
466
775
220
221
649
650
525
526
770
528
529
770
248
249
446
227
251
252
776
229
254
255
771
228
233
257
258
531
229
260
261
771
230
263
264
234
266
267
534
269
270
272
273
776
373
374
862
278
477
656
658
777
234
531
532
534
535
237
248
468
237
251
781
250
253
240
241
263
649
651
240
244
266
540
650
651
265
268
272
525
527
799
801
247
275
537
538
543
653
274
277
799
800
286
540
541
378
379
865
288
381
382
868
289
543
544
250
460
250
254
256
253
783
253
255
264
256
256
772
256
269
259
283
563
259
261
267
262
262
773
262
270
265
272
265
269
271
268
286
565
268
270
271
271
271
274
274
278
784
279
799
289
652
653
280
546
547
655
279
549
550
279
787
550
657
658
390
555
705
706
422
484
552
554
310
556
559
560
674
562
563
287
392
393
871
395
396
874
565
566
398
399
877
401
402
880
568
569
295
386
571
572
293
546
574
575
388
548
659
660
389
577
578
308
391
404
405
324
407
883
305
529
580
581
300
408
409
886
301
530
662
663
321
541
665
666
411
412
889
542
668
669
370
537
671
672
414
415
892
307
372
583
584
371
586
587
307
372
417
418
420
895
311
421
898
422
423
1018
390
674
675
391
589
590
318
532
677
678
316
425
426
901
317
533
680
681
395
683
685
428
429
904
564
686
687
535
689
690
322
431
432
907
323
536
692
693
566
695
696
434
435
910
567
698
699
386
437
438
327
331
604
327
346
913
348
606
330
343
610
330
349
916
351
612
333
616
333
352
919
354
618
336
395
336
355
922
357
624
339
340
628
339
358
925
360
630
342
637
342
364
928
366
639
345
643
345
367
931
369
645
348
934
348
350
608
609
351
937
351
614
615
354
940
354
356
620
621
357
943
357
626
627
360
946
360
362
632
633
363
949
363
635
636
366
952
366
368
641
642
369
955
369
647
648
526
592
594
672
770
529
701
702
592
593
375
571
958
375
376
574
573
576
377
577
1012
579
961
380
384
580
380
408
964
410
582
383
401
665
383
411
967
413
667
385
586
1015
588
1024
595
596
388
538
549
653
654
551
596
597
659
546
704
705
556
599
600
675
598
599
394
398
677
394
425
970
427
679
397
397
428
973
430
685
400
689
400
431
976
433
691
403
695
403
434
979
436
697
406
1027
406
578
598
579
1030
571
982
410
985
410
412
663
664
413
988
413
669
670
416
440
544
416
584
991
545
585
419
587
593
419
1036
588
1039
584
1042
589
994
424
504
424
589
1045
554
591
427
997
427
429
681
682
430
1000
430
687
688
433
1003
433
435
693
694
436
1006
436
699
700
439
568
595
439
1033
570
1009
441
569
1021
570
1048
444
448
449
446
451
452
454
455
762
447
457
458
724
460
461
463
464
450
450
455
453
454
453
457
461
456
459
456
764
456
459
463
459
736
462
468
462
463
465
470
465
465
472
473
468
469
478
471
472
479
470
470
471
495
473
473
497
473
475
481
482
485
486
477
490
491
777
557
558
789
804
494
495
775
497
498
778
500
501
779
483
485
780
483
488
786
782
788
504
601
603
487
494
487
500
496
502
489
490
492
492
786
492
803
804
560
601
707
708
496
780
496
497
499
499
499
501
791
502
502
502
794
561
707
709
505
1051
603
1054
508
515
508
605
797
517
607
511
511
513
629
521
631
514
522
514
638
524
640
517
517
523
611
613
520
562
622
623
520
796
625
798
634
524
524
644
646
527
649
527
537
539
530
540
650
530
581
702
542
662
533
563
533
535
678
564
680
536
565
536
690
567
692
539
671
539
800
801
542
542
566
666
668
545
671
545
569
673
548
575
705
548
550
657
551
660
551
800
551
553
560
601
554
560
674
676
556
557
655
558
558
656
559
561
789
561
707
802
564
683
684
564
686
567
567
696
698
570
652
570
573
573
596
659
661
576
577
576
660
661
579
579
704
582
586
582
662
664
585
592
672
585
673
588
588
701
591
591
599
675
676
594
594
701
703
597
652
597
654
600
704
600
706
602
603
708
606
616
606
607
609
609
609
614
612
643
612
613
615
615
615
618
618
619
797
621
621
798
621
626
623
683
624
625
627
627
627
630
637
630
631
633
633
633
635
636
636
639
639
640
642
642
642
647
645
645
646
648
648
648
651
651
654
654
656
657
658
658
661
661
664
664
669
667
695
667
668
670
670
670
673
673
676
676
679
689
679
680
682
682
682
687
684
685
686
688
688
688
691
691
692
694
694
694
699
697
697
698
700
700
700
703
703
770
770
706
706
709
709
711
2938
3896
721
3897
717
718
714
2960
716
2974
716
718
2961
719
2975
719
719
725
726
3810
3811
728
729
730
732
733
735
736
727
729
727
732
731
734
3897
3931
731
731
735
737
734
734
736
737
737
737
743
744
746
747
742
743
3807
3932
742
746
3829
3932
745
748
745
745
755
757
748
748
756
757
752
753
755
756
758
759
754
758
754
790
760
792
757
757
760
760
793
795
796
797
764
765
767
768
766
766
767
769
769
769
773
774
772
773
774
774
780
781
783
784
786
787
790
791
793
794
782
782
783
785
785
785
787
788
788
788
802
804
792
792
794
795
795
795
798
798
801
801
803
804
806
808
811
807
809
812
810
813
809
814
810
815
816
812
3582
813
3583
3584
815
949
816
950
951
818
823
913
819
824
914
825
915
821
835
916
822
836
917
837
918
824
919
825
920
921
827
874
922
828
875
923
876
924
830
832
925
831
833
926
834
927
833
928
834
929
930
836
931
837
932
933
839
841
934
840
842
935
843
936
842
937
843
938
939
845
847
940
846
848
941
849
942
848
943
849
944
945
851
853
946
852
854
947
855
948
854
949
855
950
951
857
859
952
858
860
953
861
954
860
955
861
956
957
863
958
1012
864
959
1013
960
1014
866
964
1015
867
965
1016
966
1017
869
880
967
870
881
968
882
969
872
877
970
873
878
971
879
972
875
973
876
974
975
878
976
879
977
978
881
979
882
980
981
884
982
1033
885
983
1034
984
1035
887
889
985
888
890
986
891
987
890
988
891
989
990
893
991
1021
894
992
1022
993
1023
896
1036
1042
897
1037
1043
1038
1044
899
994
1027
900
995
1028
996
1029
902
904
997
903
905
998
906
999
905
1000
906
1001
1002
908
910
1003
909
911
1004
912
1005
911
1006
912
1007
1008
914
934
915
935
936
917
937
918
938
939
920
940
921
941
942
923
943
924
944
945
926
946
927
947
948
929
952
930
953
954
932
955
933
956
957
935
936
938
939
941
942
944
945
947
948
950
951
953
954
956
957
959
982
960
983
984
962
1012
1030
963
1013
1031
1014
1032
965
985
966
986
987
968
988
969
989
990
971
997
972
998
999
974
1000
975
1001
1002
977
1003
978
1004
1005
980
1006
981
1007
1008
983
984
986
987
989
990
992
1042
993
1043
1044
995
1045
996
1046
1047
998
999
1001
1002
1004
1005
1007
1008
1010
1033
1048
1011
1034
1049
1035
1050
1013
1014
1016
1024
1017
1025
1026
1019
1045
1051
1020
1046
1052
1047
1053
1022
1048
1023
1049
1050
1025
1039
1026
1040
1041
1028
1030
1029
1031
1032
1031
1032
1034
1035
1037
1039
1038
1040
1041
1040
1041
1043
1044
1046
1047
1049
1050
1052
1054
1053
1055
1056
1055
1056
1060
1666
4033
4050
1063
1067
1732
2985
1060
1061
1607
5248
1724
4051
1062
1608
5251
1725
3944
5252
1064
2986
4056
1066
1067
4058
1066
1067
1071
1876
1072
4059
2872
1069
1070
1071
2874
1070
2871
2877
4079
1072
4081
1072
2923
4082
1074
1084
1225
2987
1226
1227
2783
1076
1081
1113
1114
1478
1116
1117
2784
2790
1078
1082
1119
1120
1481
1122
1123
2785
2793
1080
1083
1125
1126
1484
1128
2208
2786
2796
1478
1479
2784
1481
1482
2785
1484
1485
2786
2034
2783
2988
1088
1103
1151
1152
1487
1089
1154
1155
2820
1090
1157
1158
1603
1104
1160
1161
1490
1163
1164
1604
1166
1167
2822
1094
1105
1169
1170
1493
1095
1172
1173
2823
1096
1175
1176
1548
1106
1178
1179
1496
1181
1182
1606
1184
1185
2799
1100
1107
1187
1188
1499
1101
1190
1191
2800
1102
1193
1194
1550
1108
1196
1197
1502
1199
1200
1551
1204
1205
2802
1104
1487
1488
1490
1491
1106
1493
1494
1496
1497
1108
1499
1500
1502
1503
1110
1148
1233
2989
1149
1234
1235
1129
1151
1881
1882
1153
1884
1885
1888
1115
1116
1157
1115
1132
1160
1508
1159
1162
1118
1166
1118
1135
1169
1511
1168
1171
1121
1122
1175
1121
1138
1178
1514
1177
1180
1124
1184
1124
1141
1187
1517
1186
1189
1127
1128
1193
1127
1144
1196
1520
1195
1198
1204
2209
1207
1505
1506
1232
1315
1316
3024
1209
1318
1319
3027
1210
1508
1509
1136
1321
1322
3030
1212
1324
1325
3033
1213
1511
1512
1327
1328
3036
1215
1330
1331
3039
1216
1514
1515
1142
1333
1334
3042
1218
1336
1337
3045
1219
1517
1518
1339
1340
3048
1221
1342
1343
3051
1222
1520
1521
1147
1345
1346
3054
1224
1348
1349
3057
1351
1352
3060
1149
1274
2990
1275
1276
1277
1887
1889
2915
1153
1207
1523
1882
1153
1155
1161
1156
1885
1156
1468
2857
2916
1156
1164
1887
1888
1159
1166
1159
1163
1713
1165
1162
1210
1526
1162
1164
1165
1165
1716
1165
1168
1168
1172
2863
1174
1171
1213
1529
1171
1173
1179
1174
1174
2866
1174
1182
1177
1184
1177
1181
1563
1183
1180
1216
1532
1180
1182
1183
1183
1722
1183
1186
1186
1190
2804
1192
1189
1219
1535
1189
1191
1197
1192
1192
2807
1192
1200
1195
1204
1195
1199
1569
1201
1198
1222
1538
1198
1200
1201
1201
1572
1201
1203
1575
2177
2787
1576
2255
2256
2257
1206
2257
2813
2179
2262
2788
1523
1524
1211
1354
1355
3063
1357
1358
3066
1526
1527
1360
1361
3069
1363
1364
3072
1529
1530
1217
1366
1367
3075
1369
1370
3078
1532
1533
1372
1373
3081
1375
1376
3084
1535
1536
1223
1378
1379
3087
1381
1382
3090
1538
1539
1384
1385
3093
1387
1388
3096
1226
1233
2991
1228
1234
1228
1229
1881
1236
1883
1231
1505
2783
1231
1237
1314
1542
2034
2783
1239
1507
1890
1477
2992
3099
1234
2995
1236
1236
1276
1884
1886
1390
1541
1542
1241
1391
1392
3102
1242
1890
1891
1281
1506
1893
1894
1394
1395
3105
1507
1896
1897
1249
1479
1899
1900
1247
1397
1398
3108
1248
1480
1902
1903
1287
1509
1905
1906
1400
1401
3111
1510
1908
1909
1911
1912
2791
1253
1403
1404
3114
1254
1914
1915
2792
1293
1512
1917
1918
1406
1407
3117
1513
1920
1921
1261
1482
1923
1924
1259
1409
1410
3120
1260
1483
1926
1927
1299
1515
1929
1930
1412
1413
3123
1516
1932
1933
1935
1936
2794
1265
1415
1416
3126
1266
1938
1939
2795
1305
1518
1941
1942
1418
1419
3129
1519
1944
1945
1273
1485
1947
1948
1271
1421
1422
3132
1272
1486
1950
1951
1311
1521
1953
1954
1424
1425
3135
1522
1956
1957
1959
1960
2797
1275
1470
2996
1277
1474
1277
1889
1476
1284
1488
1962
1963
1282
1427
1428
3138
1283
1489
1965
1966
1524
1968
1969
1430
1431
3141
1525
1971
1972
1491
1974
1975
1288
1433
1434
3144
1289
1492
1977
1978
1527
1980
1981
1436
1437
3147
1528
1983
1984
1296
1494
1986
1987
1294
1439
1440
3150
1295
1495
1989
1990
1530
1992
1993
1442
1443
3153
1531
1995
1996
1497
1998
1999
1300
1445
1446
3156
1301
1498
2001
2002
1533
2004
2005
1448
1449
3159
1534
2007
2008
1308
1500
2010
2011
1306
1451
1452
3162
1307
1501
2013
2014
1536
2016
2017
1454
1455
3165
1537
2019
2020
1503
2022
2023
1312
1457
1458
3168
1313
1504
2025
2026
1539
2028
2029
1460
1461
3171
1540
2031
2032
1390
2034
2997
1317
1477
1541
1317
1391
3174
1393
1543
1320
1357
1893
1320
1394
3177
1396
1895
1323
1327
1899
1323
1397
3180
1399
1901
1326
1363
1905
1326
1400
3183
1402
1907
1329
1911
1329
1403
3186
1405
1913
1332
1369
1917
1332
1406
3189
1408
1919
1335
1339
1923
1335
1409
3192
1411
1925
1338
1375
1929
1338
1412
3195
1414
1931
1341
1935
1341
1415
3198
1417
1937
1344
1381
1941
1344
1418
3201
1420
1943
1347
1351
1947
1347
1421
3204
1423
1949
1350
1387
1953
1350
1424
3207
1426
1955
1353
1959
1353
2491
3210
1961
2493
1356
1360
1962
1356
1427
3213
1429
1964
1359
1968
1359
1430
3216
1432
1970
1362
1974
1362
1433
3219
1435
1976
1365
1980
1365
1436
3222
1438
1982
1368
1372
1986
1368
1439
3225
1441
1988
1371
1992
1371
1442
3228
1444
1994
1374
1998
1374
1445
3231
1447
2000
1377
2004
1377
1448
3234
1450
2006
1380
1384
2010
1380
1451
3237
1453
2012
1383
2016
1383
1454
3240
1456
2018
1386
2022
1386
1457
3243
1459
2024
1389
2028
1389
1460
3246
1462
2030
1544
2998
1393
3249
1393
1395
1891
1892
1396
3252
1396
1897
1898
1399
3255
1399
1401
1903
1904
1402
3258
1402
1909
1910
1405
3261
1405
1407
1915
1916
1408
3264
1408
1921
1922
1411
3267
1411
1413
1927
1928
1414
3270
1414
1933
1934
1417
3273
1417
1419
1939
1940
1420
3276
1420
1945
1946
1423
3279
1423
1425
1951
1952
1426
3282
1426
1957
1958
1429
3285
1429
1431
1966
1967
1432
3288
1432
1972
1973
1435
3291
1435
1437
1978
1979
1438
3294
1438
1984
1985
1441
3297
1441
1443
1990
1991
1444
3300
1444
1996
1997
1447
3303
1447
1449
2002
2003
1450
3306
1450
2008
2009
1453
3309
1453
1455
2014
2015
1456
3312
1456
2020
2021
1459
3315
1459
1461
2026
2027
1462
3318
1462
2032
2033
1464
1465
1469
2999
1466
1470
3000
1466
1471
1472
1474
1475
1468
2035
2036
2857
2914
2916
1471
1868
3001
1474
3002
1473
1869
1473
1475
2035
1871
2037
1476
1476
2914
2915
1544
3003
1480
1508
1480
1900
2791
1510
1902
1483
1514
1483
1924
2794
1516
1926
1486
1520
1486
1948
2797
1522
1950
1489
1523
1489
1491
1963
1525
1965
1492
1526
1492
1975
1528
1977
1495
1529
1495
1497
1987
1531
1989
1498
1532
1498
1999
1534
2001
1501
1535
1501
1503
2011
1537
2013
1504
1538
1504
2023
1540
2025
1507
1881
1507
1524
1894
1896
1510
1510
1527
1906
1908
1513
2790
1513
1530
1918
1920
2792
1516
1516
1533
1930
1932
1519
2793
1519
1536
1942
1944
2795
1522
1522
1539
1954
1956
1525
1525
1969
1971
1528
1528
1981
1983
1531
1531
1993
1995
1534
1534
2005
2007
1537
1537
2017
2019
1540
1540
2029
2031
1543
1544
1543
1890
1892
3004
1549
1553
1554
1597
1556
1557
1598
2801
1552
1559
1560
1600
1562
1563
2799
1565
1566
1641
1568
1569
2802
1571
1572
2800
1574
1575
1650
1555
1695
2868
1555
1566
2806
2808
2870
1558
1565
1698
1558
1568
2810
1567
1570
1561
1704
2809
1561
1575
2787
2789
2811
1564
1664
2803
1564
1722
1665
1723
1567
1806
1567
1571
1573
1570
2812
1570
1572
1573
1573
2806
1573
1576
1833
2064
1576
2066
1591
1601
1845
1846
1592
1657
1658
2821
1594
1605
1660
1661
1595
1663
1664
2824
1582
1590
4031
4084
1666
2815
4033
1584
1593
1667
3943
1668
2816
3945
1586
1596
1669
3641
1670
2817
3643
1588
1599
1671
3645
1672
2818
3649
1673
2088
2090
3651
1674
1675
2815
1616
1848
1849
1629
1680
1681
1683
1684
2816
1632
1686
1687
1638
1689
1690
1692
1693
2817
1641
1695
1696
1647
1698
1699
1701
1702
2818
1650
1704
1705
1616
1851
3005
1623
1709
1710
2819
1712
1713
2822
1715
1716
2820
1632
1718
1719
1721
1722
2823
1608
1724
2827
1626
1725
1610
1726
2830
3960
1635
1727
3656
1612
1728
2833
3662
1644
1729
3670
1614
1730
2836
3685
1653
1731
3693
1617
1852
2825
3006
1853
3007
1621
1854
3008
1624
1737
1738
2828
1625
1740
1741
2826
1623
1743
1744
2819
1858
1859
2825
1625
1749
1750
2826
1752
1753
1630
1755
1756
1758
1759
1761
1762
2827
1633
1764
1765
2831
1634
1767
1768
2829
1770
1771
2821
1773
1774
2828
1634
1776
1777
2829
1779
1780
1639
1782
1783
1785
1786
1788
1789
2830
1642
1791
1792
2834
1643
1794
1795
2832
1797
1798
2824
1800
1801
2831
1643
1803
1804
2832
1806
1807
1648
1809
1810
1812
1813
1815
1816
2833
1651
1818
1819
2837
1652
1821
1822
2835
1824
1825
2801
1827
1828
2834
1652
1830
1831
2835
1833
1834
1836
1837
2096
1839
1840
1842
1843
2836
1677
2038
2039
2851
1707
1861
1862
2854
2041
2042
2853
2918
1659
1680
1709
1659
1712
2860
1711
1714
1662
1686
2859
1662
1719
2865
2861
2867
1665
1689
1718
1665
2869
1720
1724
2839
1683
1725
3944
1726
2842
3946
1692
1727
3642
1728
2845
3644
1701
1729
3646
1730
2848
3650
1731
2112
3652
1676
4084
4085
1676
1737
2840
1736
1739
1743
2044
2045
1733
1746
1864
1865
1745
1748
2047
2048
1682
1752
1682
1755
1771
1754
1757
1685
1761
1685
1764
2843
1763
1766
1688
1770
1688
1776
1780
1772
1778
1691
1779
1691
1782
1798
1781
1784
1694
1788
1694
1791
2846
1790
1793
1697
1797
1697
1803
1807
1799
1805
1700
1806
1700
1809
1825
1808
1811
1703
1815
1703
1818
2849
1817
1820
1706
1824
1706
1830
1834
1826
1832
1708
1867
3009
1868
2854
3010
1711
1752
1711
1715
2852
1717
1714
2862
1714
1716
1717
1717
2856
1717
1720
1779
1720
1721
1723
1723
2865
1723
2878
1761
2887
3961
1788
3657
2896
3663
1815
3671
2905
3686
1842
3694
1872
2872
3011
1734
1873
3012
1746
1874
3013
1736
1740
2871
4083
1742
4085
1739
2881
1739
1741
1756
1742
1742
2875
1742
1759
1745
2045
2851
1745
1749
1753
1751
2047
1878
1879
1750
2050
2051
2873
1751
2053
2054
1751
1758
1751
2051
2876
2054
1754
1754
1758
1760
1757
1773
1757
1759
1760
1760
1760
1763
1763
1767
2879
1769
1766
2890
1766
1768
1783
1769
1769
2884
1769
1786
1772
2859
1772
1773
1775
1775
1775
1777
2882
1778
1778
1785
1778
2885
1781
1781
1785
1787
1784
1800
1784
1786
1787
1787
1787
1790
1790
1794
2888
1796
1793
2899
1793
1795
1810
1796
1796
2893
1796
1813
1799
2868
1799
1800
1802
1802
1802
1804
2891
1805
1805
1812
1805
2894
1808
1808
1812
1814
1811
1827
1811
1813
1814
1814
1814
1817
1817
1821
2897
1823
1820
2908
1820
1822
1837
1823
1823
2902
1823
1840
1826
2809
1826
1827
1829
1829
1829
1831
2900
1832
1832
1839
1832
2903
1835
2109
1835
1839
1841
2111
1838
2110
2128
1838
1840
1841
2111
1841
1841
1844
2112
1844
2122
2906
2114
2124
1847
1848
2038
1847
1851
1861
1863
2040
1850
2044
1850
1853
1864
1866
2046
1867
3014
1855
1872
3015
1873
3016
1858
1874
3017
1857
1875
2825
1857
1859
2825
2920
1877
2922
1860
1878
1860
2050
1880
2052
1863
1867
1863
1870
2042
2043
1866
1873
1866
1879
2048
2049
3018
1869
3019
1871
2854
1871
2854
2919
2917
1875
3020
3021
1878
3022
1877
2872
1877
2872
2923
2925
1880
1880
2053
2055
1883
1883
1885
1886
1886
1889
1886
1888
2916
1889
1892
1892
1897
1895
1968
1895
1896
1898
1898
1898
1901
1911
1901
1902
1904
1904
1904
1909
1907
1980
1907
1908
1910
1910
1910
1913
1913
1914
2791
1916
1916
2792
1916
1921
1919
1992
1919
1920
1922
1922
1922
1925
1935
1925
1926
1928
1928
1928
1933
1931
2004
1931
1932
1934
1934
1934
1937
1937
1938
2794
1940
1940
2795
1940
1945
1943
2016
1943
1944
1946
1946
1946
1949
1959
1949
1950
1952
1952
1952
1957
1955
2028
1955
1956
1958
1958
1958
1961
1961
2633
2797
2635
1964
1974
1964
1965
1967
1967
1967
1972
1970
1970
1971
1973
1973
1973
1976
1976
1977
1979
1979
1979
1984
1982
1982
1983
1985
1985
1985
1988
1998
1988
1989
1991
1991
1991
1996
1994
1994
1995
1997
1997
1997
2000
2000
2001
2003
2003
2003
2008
2006
2006
2007
2009
2009
2009
2012
2022
2012
2013
2015
2015
2015
2020
2018
2018
2019
2021
2021
2021
2024
2024
2025
2027
2027
2027
2032
2030
2030
2031
2033
2033
2033
3023
2037
2914
2037
2855
2857
2917
2040
2044
2040
2041
2851
2043
2043
2853
2043
2919
2046
2046
2047
2049
2049
2049
2053
2052
2920
2052
2054
2055
2055
2055
2064
2065
2089
2926
2061
2067
2068
2091
2059
2070
2071
2927
2062
2073
2074
2063
2076
2077
2167
2079
2080
2098
2082
2083
2927
2085
2086
2191
2066
2109
2066
2253
2929
2255
2069
2115
2928
2069
2080
2965
2930
2967
2072
2073
2079
2072
2272
2932
2081
2274
2075
2134
2075
2083
2137
2136
2139
2078
2082
2219
2078
2086
2154
2084
2156
2081
2134
2081
2275
2277
2084
2931
2084
2151
2153
2087
2250
2296
2087
2160
2162
2252
2108
2934
3723
2095
2109
2110
2112
2113
2934
2098
2115
2116
2118
2935
3721
3733
2099
2119
2120
2936
2100
2122
2123
2838
2125
2126
2926
2128
2129
2837
2100
2131
2132
2838
2134
2135
2103
2137
2138
2140
2141
2105
2145
2146
2938
2106
2148
2149
2937
2151
2152
2936
2106
2154
2155
2937
2107
2157
2158
2160
2161
2163
2938
2118
2939
3724
2111
2111
2126
2114
2114
2119
2940
2121
2117
2125
2117
2131
2135
2127
2133
2942
3734
2121
2945
2121
2123
2138
2124
2124
2911
2124
2141
2127
2928
2127
2128
2130
2130
2130
2132
2909
2133
2133
2140
2133
2912
2136
2136
2140
2142
2139
2151
2139
2141
2142
2142
2142
2144
2148
2943
3722
2150
3732
3738
2147
2951
3731
2147
2149
2158
2150
3732
2150
2948
2150
2161
2153
2153
2155
2946
2156
2156
2160
2156
2949
2159
2163
2251
2159
2161
2162
2252
2162
2162
2342
2165
2172
2210
2211
2569
2213
2214
2952
2976
2169
2173
2216
2217
2572
2191
2219
2220
2175
2222
2223
2960
2225
2226
2953
2979
2171
2174
2228
2229
2575
2231
2954
2982
2569
2570
2952
2572
2573
2953
2575
2576
2954
2207
2250
2251
2180
2253
2254
2956
2182
2256
2955
2181
2201
2258
2259
2578
2182
2261
2955
2185
2263
2264
2202
2266
2267
2581
2269
2270
2188
2272
2273
2958
2190
2275
2276
2957
2278
2279
2956
2189
2203
2281
2282
2584
2190
2284
2285
2957
2194
2287
2288
2204
2290
2291
2587
2293
2294
2296
2297
2197
2299
2300
2961
2199
2302
2303
2959
2305
2306
2958
2198
2205
2308
2309
2590
2199
2311
2312
2959
2200
2314
2315
2206
2317
2318
2593
2320
2321
2323
2961
2202
2578
2579
2581
2582
2204
2584
2585
2587
2588
2206
2590
2591
2593
2594
2342
2960
2209
2232
2258
2596
2257
2260
2212
2213
2263
2212
2234
2266
2599
2265
2268
2215
2278
2215
2237
2281
2602
2280
2283
2218
2225
2287
2218
2240
2290
2605
2289
2292
2221
2931
2221
2297
2971
2933
2973
2224
2250
2296
2224
2299
2974
2298
2301
2227
2305
2227
2243
2308
2608
2307
2310
2230
2231
2314
2230
2246
2317
2611
2316
2319
2323
2324
2596
2597
2326
2419
2420
3321
2327
2599
2600
2238
2422
2423
3324
2329
2425
2426
3327
2330
2602
2603
2428
2429
3330
2332
2431
2432
3333
2333
2605
2606
2244
2434
2435
3336
2335
2437
2438
3339
2336
2608
2609
2440
2441
3342
2338
2443
2444
3345
2339
2611
2612
2249
2446
2447
3348
2341
2449
2450
3351
2452
2453
3354
2252
2252
2342
2255
2962
2255
2256
2264
2269
2262
2260
2324
2615
2260
2261
2267
2262
2262
2270
2265
2278
2265
2269
2271
2268
2327
2618
2268
2270
2271
2271
2271
2274
2968
2274
2276
2288
2277
2277
2965
2277
2293
2280
2280
2284
2963
2286
2283
2330
2621
2283
2285
2291
2286
2286
2966
2286
2294
2289
2305
2289
2293
2295
2292
2333
2624
2292
2294
2295
2295
2295
2298
2298
2302
2304
2301
2975
2301
2303
2315
2304
2304
2971
2304
2320
2307
2307
2311
2969
2313
2310
2336
2627
2310
2312
2318
2313
2313
2972
2313
2321
2316
2323
2316
2320
2322
2319
2339
2630
2319
2321
2322
2322
2322
2615
2616
2328
2455
2456
3357
2458
2459
3360
2618
2619
2461
2462
3363
2464
2465
3366
2621
2622
2334
2467
2468
3369
2470
2471
3372
2624
2625
2473
2474
3375
2476
2477
3378
2627
2628
2340
2479
2480
3381
2482
2483
3384
2630
2631
2485
2486
3387
2488
2489
3390
2346
2491
2492
3393
2347
2633
2634
2798
2386
2597
2636
2637
2494
2495
3396
2598
2639
2640
2354
2570
2642
2643
2352
2497
2498
3399
2353
2571
2645
2646
2392
2600
2648
2649
2500
2501
3402
2601
2651
2652
2654
2655
2977
2358
2503
2504
3405
2359
2657
2658
2978
2398
2603
2660
2661
2506
2507
3408
2604
2663
2664
2366
2573
2666
2667
2364
2509
2510
3411
2365
2574
2669
2670
2404
2606
2672
2673
2512
2513
3414
2607
2675
2676
2678
2679
2980
2370
2515
2516
3417
2371
2681
2682
2981
2410
2609
2684
2685
2518
2519
3420
2610
2687
2688
2378
2576
2690
2691
2376
2521
2522
3423
2377
2577
2693
2694
2416
2612
2696
2697
2524
2525
3426
2613
2699
2700
2702
2703
2983
2381
2527
2528
3429
2382
2705
2706
2984
2530
2531
3432
2614
2708
2709
2389
2579
2711
2712
2387
2533
2534
3435
2388
2580
2714
2715
2616
2717
2718
2536
2537
3438
2617
2720
2721
2582
2723
2724
2393
2539
2540
3441
2394
2583
2726
2727
2619
2729
2730
2542
2543
3444
2620
2732
2733
2401
2585
2735
2736
2399
2545
2546
3447
2400
2586
2738
2739
2622
2741
2742
2548
2549
3450
2623
2744
2745
2588
2747
2748
2405
2551
2552
3453
2406
2589
2750
2751
2625
2753
2754
2554
2555
3456
2626
2756
2757
2413
2591
2759
2760
2411
2557
2558
3459
2412
2592
2762
2763
2628
2765
2766
2560
2561
3462
2629
2768
2769
2594
2771
2772
2417
2563
2564
3465
2418
2595
2774
2775
2631
2777
2778
2566
2567
3468
2632
2780
2781
2421
2458
2636
2421
2494
3471
2496
2638
2424
2428
2642
2424
2497
3474
2499
2644
2427
2464
2648
2427
2500
3477
2502
2650
2430
2654
2430
2503
3480
2505
2656
2433
2470
2660
2433
2506
3483
2508
2662
2436
2440
2666
2436
2509
3486
2511
2668
2439
2476
2672
2439
2512
3489
2514
2674
2442
2678
2442
2515
3492
2517
2680
2445
2482
2684
2445
2518
3495
2520
2686
2448
2452
2690
2448
2521
3498
2523
2692
2451
2488
2696
2451
2524
3501
2526
2698
2454
2702
2454
2527
3504
2529
2704
2457
2461
2711
2457
2533
3507
2535
2713
2460
2717
2460
2536
3510
2538
2719
2463
2723
2463
2539
3513
2541
2725
2466
2729
2466
2542
3516
2544
2731
2469
2473
2735
2469
2545
3519
2547
2737
2472
2741
2472
2548
3522
2550
2743
2475
2747
2475
2551
3525
2553
2749
2478
2753
2478
2554
3528
2556
2755
2481
2485
2759
2481
2557
3531
2559
2761
2484
2765
2484
2560
3534
2562
2767
2487
2771
2487
2563
3537
2565
2773
2490
2777
2490
2566
3540
2568
2779
2493
3543
2493
2495
2634
2635
2496
3546
2496
2640
2641
2499
3549
2499
2501
2646
2647
2502
3552
2502
2652
2653
2505
3555
2505
2507
2658
2659
2508
3558
2508
2664
2665
2511
3561
2511
2513
2670
2671
2514
3564
2514
2676
2677
2517
3567
2517
2519
2682
2683
2520
3570
2520
2688
2689
2523
3573
2523
2525
2694
2695
2526
3576
2526
2700
2701
2529
3579
2529
2531
2706
2707
2532
3582
2532
2709
2710
2535
3585
2535
2537
2715
2716
2538
3588
2538
2721
2722
2541
3591
2541
2543
2727
2728
2544
3594
2544
2733
2734
2547
3597
2547
2549
2739
2740
2550
3600
2550
2745
2746
2553
3603
2553
2555
2751
2752
2556
3606
2556
2757
2758
2559
3609
2559
2561
2763
2764
2562
3612
2562
2769
2770
2565
3615
2565
2567
2775
2776
2568
3618
2568
2781
2782
2571
2599
2571
2643
2977
2601
2645
2574
2605
2574
2667
2980
2607
2669
2577
2611
2577
2691
2983
2613
2693
2580
2615
2580
2582
2712
2617
2714
2583
2618
2583
2724
2620
2726
2586
2621
2586
2588
2736
2623
2738
2589
2624
2589
2748
2626
2750
2592
2627
2592
2594
2760
2629
2762
2595
2630
2595
2772
2632
2774
2598
2796
2598
2616
2637
2639
2798
2601
2601
2619
2649
2651
2604
2976
2604
2622
2661
2663
2978
2607
2607
2625
2673
2675
2610
2979
2610
2628
2685
2687
2981
2613
2613
2631
2697
2699
2708
2984
2617
2617
2718
2720
2620
2620
2730
2732
2623
2623
2742
2744
2626
2626
2754
2756
2629
2629
2766
2768
2632
2632
2778
2780
2635
2798
2635
2640
2638
2717
2638
2639
2641
2641
2641
2644
2654
2644
2645
2647
2647
2647
2652
2650
2729
2650
2651
2653
2653
2653
2656
2656
2657
2977
2659
2659
2978
2659
2664
2662
2741
2662
2663
2665
2665
2665
2668
2678
2668
2669
2671
2671
2671
2676
2674
2753
2674
2675
2677
2677
2677
2680
2680
2681
2980
2683
2683
2981
2683
2688
2686
2765
2686
2687
2689
2689
2689
2692
2702
2692
2693
2695
2695
2695
2700
2698
2777
2698
2699
2701
2701
2701
2704
2704
2705
2983
2707
2707
2984
2707
2709
2710
2710
2713
2723
2713
2714
2716
2716
2716
2721
2719
2719
2720
2722
2722
2722
2725
2725
2726
2728
2728
2728
2733
2731
2731
2732
2734
2734
2734
2737
2747
2737
2738
2740
2740
2740
2745
2743
2743
2744
2746
2746
2746
2749
2749
2750
2752
2752
2752
2757
2755
2755
2756
2758
2758
2758
2761
2771
2761
2762
2764
2764
2764
2769
2767
2767
2768
2770
2770
2770
2773
2773
2774
2776
2776
2776
2781
2779
2779
2780
2782
2782
2782
2790
2791
2793
2794
2796
2797
2789
2955
2789
2813
2955
2814
2792
2792
2795
2795
2798
2798
2803
2804
2806
2807
2809
2810
2812
2813
2805
2869
2805
2807
2808
2870
2808
2808
2811
2811
2812
2814
2814
2814
2839
2840
2842
2843
2845
2846
2848
2849
2851
2852
2856
2857
2859
2860
2862
2863
2865
2866
2868
2869
2875
2876
2878
2879
2881
2882
2884
2885
2887
2888
2890
2891
2893
2894
2896
2897
2899
2900
2902
2903
2905
2906
2908
2909
2911
2912
2841
2878
2841
2881
2880
2883
2844
2887
2844
2890
2889
2892
2847
2896
2847
2899
2898
2901
2850
2905
2850
2908
2907
2910
2853
2853
2856
2858
2858
2917
2918
2858
2858
2918
2861
2861
2862
2864
2864
2864
2866
2867
2867
2867
2870
2870
2875
4086
2876
2920
2921
2877
2923
2924
2877
2877
2921
2924
2880
2880
2884
2886
2883
2883
2885
2886
2886
2886
2889
2889
2893
2895
2892
2892
2894
2895
2895
2895
2898
2898
2902
2904
2901
2901
2903
2904
2904
2904
2907
2907
2911
2913
2910
2910
2912
2913
2913
2913
2915
2916
2919
2919
2922
2922
2924
2925
2925
2925
2928
2929
2931
2932
2930
2930
2962
2964
2933
2933
2968
2970
2939
2940
2942
2943
3722
2945
2946
2948
2949
2951
2941
2942
2941
2945
2944
2947
2944
2944
2948
2950
2947
2947
2949
2950
2950
2950
3892
3896
2976
2977
2979
2980
2982
2983
2962
2963
2965
2966
2968
2969
2971
2972
2974
2975
2964
2964
2966
2967
2967
2967
2970
2970
2972
2973
2973
2973
2975
2978
2978
2981
2981
2984
2984
2986
3011
4092
2988
2991
3023
2990
2995
2996
2995
2993
3003
3099
2994
3003
3100
3003
3101
3002
2998
3023
3004
3000
3001
3002
3019
3004
3007
3014
3008
3015
3016
3017
3010
3018
3019
3020
3013
3021
3022
3018
3020
3021
3022
3025
3099
3174
3026
3100
3175
3101
3176
3028
3066
3177
3029
3067
3178
3068
3179
3031
3036
3180
3032
3037
3181
3038
3182
3034
3072
3183
3035
3073
3184
3074
3185
3037
3186
3038
3187
3188
3040
3078
3189
3041
3079
3190
3080
3191
3043
3048
3192
3044
3049
3193
3050
3194
3046
3084
3195
3047
3085
3196
3086
3197
3049
3198
3050
3199
3200
3052
3090
3201
3053
3091
3202
3092
3203
3055
3060
3204
3056
3061
3205
3062
3206
3058
3096
3207
3059
3097
3208
3098
3209
3061
3210
3062
3211
3212
3064
3069
3213
3065
3070
3214
3071
3215
3067
3216
3068
3217
3218
3070
3219
3071
3220
3221
3073
3222
3074
3223
3224
3076
3081
3225
3077
3082
3226
3083
3227
3079
3228
3080
3229
3230
3082
3231
3083
3232
3233
3085
3234
3086
3235
3236
3088
3093
3237
3089
3094
3238
3095
3239
3091
3240
3092
3241
3242
3094
3243
3095
3244
3245
3097
3246
3098
3247
3248
3100
3101
3103
3105
3249
3104
3106
3250
3107
3251
3106
3252
3107
3253
3254
3109
3111
3255
3110
3112
3256
3113
3257
3112
3258
3113
3259
3260
3115
3117
3261
3116
3118
3262
3119
3263
3118
3264
3119
3265
3266
3121
3123
3267
3122
3124
3268
3125
3269
3124
3270
3125
3271
3272
3127
3129
3273
3128
3130
3274
3131
3275
3130
3276
3131
3277
3278
3133
3135
3279
3134
3136
3280
3137
3281
3136
3282
3137
3283
3284
3139
3141
3285
3140
3142
3286
3143
3287
3142
3288
3143
3289
3290
3145
3147
3291
3146
3148
3292
3149
3293
3148
3294
3149
3295
3296
3151
3153
3297
3152
3154
3298
3155
3299
3154
3300
3155
3301
3302
3157
3159
3303
3158
3160
3304
3161
3305
3160
3306
3161
3307
3308
3163
3165
3309
3164
3166
3310
3167
3311
3166
3312
3167
3313
3314
3169
3171
3315
3170
3172
3316
3173
3317
3172
3318
3173
3319
3320
3175
3249
3176
3250
3251
3178
3252
3179
3253
3254
3181
3255
3182
3256
3257
3184
3258
3185
3259
3260
3187
3261
3188
3262
3263
3190
3264
3191
3265
3266
3193
3267
3194
3268
3269
3196
3270
3197
3271
3272
3199
3273
3200
3274
3275
3202
3276
3203
3277
3278
3205
3279
3206
3280
3281
3208
3282
3209
3283
3284
3211
3543
3212
3544
3545
3214
3285
3215
3286
3287
3217
3288
3218
3289
3290
3220
3291
3221
3292
3293
3223
3294
3224
3295
3296
3226
3297
3227
3298
3299
3229
3300
3230
3301
3302
3232
3303
3233
3304
3305
3235
3306
3236
3307
3308
3238
3309
3239
3310
3311
3241
3312
3242
3313
3314
3244
3315
3245
3316
3317
3247
3318
3248
3319
3320
3250
3251
3253
3254
3256
3257
3259
3260
3262
3263
3265
3266
3268
3269
3271
3272
3274
3275
3277
3278
3280
3281
3283
3284
3286
3287
3289
3290
3292
3293
3295
3296
3298
3299
3301
3302
3304
3305
3307
3308
3310
3311
3313
3314
3316
3317
3319
3320
3322
3360
3471
3323
3361
3472
3362
3473
3325
3330
3474
3326
3331
3475
3332
3476
3328
3366
3477
3329
3367
3478
3368
3479
3331
3480
3332
3481
3482
3334
3372
3483
3335
3373
3484
3374
3485
3337
3342
3486
3338
3343
3487
3344
3488
3340
3378
3489
3341
3379
3490
3380
3491
3343
3492
3344
3493
3494
3346
3384
3495
3347
3385
3496
3386
3497
3349
3354
3498
3350
3355
3499
3356
3500
3352
3390
3501
3353
3391
3502
3392
3503
3355
3504
3356
3505
3506
3358
3363
3507
3359
3364
3508
3365
3509
3361
3510
3362
3511
3512
3364
3513
3365
3514
3515
3367
3516
3368
3517
3518
3370
3375
3519
3371
3376
3520
3377
3521
3373
3522
3374
3523
3524
3376
3525
3377
3526
3527
3379
3528
3380
3529
3530
3382
3387
3531
3383
3388
3532
3389
3533
3385
3534
3386
3535
3536
3388
3537
3389
3538
3539
3391
3540
3392
3541
3542
3394
3396
3543
3395
3397
3544
3398
3545
3397
3546
3398
3547
3548
3400
3402
3549
3401
3403
3550
3404
3551
3403
3552
3404
3553
3554
3406
3408
3555
3407
3409
3556
3410
3557
3409
3558
3410
3559
3560
3412
3414
3561
3413
3415
3562
3416
3563
3415
3564
3416
3565
3566
3418
3420
3567
3419
3421
3568
3422
3569
3421
3570
3422
3571
3572
3424
3426
3573
3425
3427
3574
3428
3575
3427
3576
3428
3577
3578
3430
3432
3579
3431
3433
3580
3434
3581
3433
3582
3434
3583
3584
3436
3438
3585
3437
3439
3586
3440
3587
3439
3588
3440
3589
3590
3442
3444
3591
3443
3445
3592
3446
3593
3445
3594
3446
3595
3596
3448
3450
3597
3449
3451
3598
3452
3599
3451
3600
3452
3601
3602
3454
3456
3603
3455
3457
3604
3458
3605
3457
3606
3458
3607
3608
3460
3462
3609
3461
3463
3610
3464
3611
3463
3612
3464
3613
3614
3466
3468
3615
3467
3469
3616
3470
3617
3469
3618
3470
3619
3620
3472
3546
3473
3547
3548
3475
3549
3476
3550
3551
3478
3552
3479
3553
3554
3481
3555
3482
3556
3557
3484
3558
3485
3559
3560
3487
3561
3488
3562
3563
3490
3564
3491
3565
3566
3493
3567
3494
3568
3569
3496
3570
3497
3571
3572
3499
3573
3500
3574
3575
3502
3576
3503
3577
3578
3505
3579
3506
3580
3581
3508
3585
3509
3586
3587
3511
3588
3512
3589
3590
3514
3591
3515
3592
3593
3517
3594
3518
3595
3596
3520
3597
3521
3598
3599
3523
3600
3524
3601
3602
3526
3603
3527
3604
3605
3529
3606
3530
3607
3608
3532
3609
3533
3610
3611
3535
3612
3536
3613
3614
3538
3615
3539
3616
3617
3541
3618
3542
3619
3620
3544
3545
3547
3548
3550
3551
3553
3554
3556
3557
3559
3560
3562
3563
3565
3566
3568
3569
3571
3572
3574
3575
3577
3578
3580
3581
3583
3584
3586
3587
3589
3590
3592
3593
3595
3596
3598
3599
3601
3602
3604
3605
3607
3608
3610
3611
3613
3614
3616
3617
3619
3620
3647
3868
3933
3947
3623
3653
3871
3948
3634
3773
3952
3626
3658
3869
3969
3627
3664
3665
4009
3630
3667
3668
3672
3673
3939
3632
3676
3677
3872
3633
3679
3680
3870
3682
3683
3869
3633
3687
3688
3870
3636
3690
3691
3695
3696
3698
3699
3871
3639
3703
3704
3873
3706
3707
3872
3639
3709
3710
3873
3712
3713
3750
3813
3715
3716
3653
3874
3934
3942
3642
3643
3654
3655
3657
3644
3660
3661
3663
3646
3649
3667
3669
3671
3648
3676
3875
3675
3678
3947
3650
3682
3684
3686
3652
3690
3723
3692
3694
3881
3949
3655
3660
3937
3965
3968
3657
3960
3967
3968
3659
3668
3970
3672
3939
3972
3661
3940
3666
3973
3663
3665
3670
3666
3666
3973
4012
3666
3673
3669
3682
3669
3672
3674
3671
3673
3674
3674
3674
3681
3974
3975
3678
3884
3678
3680
3691
3681
3681
3878
3975
3681
3695
3684
3684
3687
3877
3689
3686
3688
3693
3689
3689
3879
3689
3696
3692
3706
3692
3695
3697
3694
3696
3697
3697
3697
3700
3767
3773
3700
3703
3882
3705
3769
3702
3704
3713
3750
3705
3769
3799
3705
3887
3705
3715
3708
3723
3708
3709
3885
3711
3724
3711
3888
3711
3716
3733
3734
3714
3725
3837
3714
3715
3717
3727
3717
3717
3736
3737
3719
3720
3725
3726
3728
3729
3890
3730
3731
3890
3722
3735
3736
3738
3724
3734
3727
3728
3727
3730
3735
3737
3824
3837
3824
3840
3891
3732
3738
3732
3892
3734
3736
3737
3738
3737
3740
3744
3753
3754
3756
3757
3898
3742
3745
3759
3760
3762
3763
3899
3765
3806
3809
3983
3767
3768
3898
3770
3771
3899
3747
3776
3777
3900
3751
3783
3784
3749
3790
3791
3918
3795
3796
3819
3799
3901
3800
3801
3900
3803
3804
3818
3902
3755
3756
3984
3755
3767
3773
3985
3986
3758
3774
3758
3776
3903
3775
3778
3761
3762
3781
3761
3770
3783
3782
3785
3764
3788
3764
3790
3906
3789
3792
3766
3795
3828
3797
3983
3994
3769
3769
3799
3904
3772
3800
3772
3834
3907
3802
3836
3986
3775
3984
6426
3780
6779
3778
3909
3778
3779
3784
3780
3780
3786
6427
6780
3782
3788
3976
3787
6781
3785
3800
3785
3786
3787
3787
6428
6782
3789
3979
3794
3990
3792
3922
3792
3793
3796
3794
3794
3798
3980
3991
3797
3855
3797
3798
3996
3982
3996
3912
3802
3802
3803
3910
3805
3805
3915
3805
3835
3852
3836
3807
3932
3999
4000
3810
3811
3825
3826
3828
3829
3932
3831
3833
3816
3834
3835
3919
3837
3838
3901
3817
3840
3841
3921
3818
3843
3844
3902
3821
3846
3847
3823
3849
3850
3852
3853
3855
3856
3918
3858
3920
3860
3861
3919
3863
3920
3865
3866
3921
3839
3842
3827
3831
3846
3827
3833
3849
3848
3851
3830
3855
3830
3857
3832
3860
3862
3865
3836
3925
3836
3847
3839
3839
3843
3913
3845
3842
3894
3842
3844
3850
3845
3845
3916
3845
3853
3848
3860
3848
3852
3854
3851
3865
3851
3853
3854
3854
3854
3857
3857
3858
3923
3859
3859
3928
3862
3862
3863
3926
3864
3864
3929
3867
3867
3931
3874
3875
3934
3877
4015
3878
3879
3881
3882
3884
3885
3887
3888
3876
3881
3876
3884
3883
3886
3879
4016
3880
4013
3880
4014
4016
3883
3883
3887
3889
3886
3886
3888
3889
3889
3889
3891
3892
3893
3894
3893
3895
3896
3895
3921
3897
3931
3897
3903
3904
3906
3907
3909
3910
3912
3913
3915
3916
3905
3909
3905
3912
3911
3914
3908
3922
3908
3925
3924
3927
3911
3911
3915
3917
3914
3914
3916
3917
3917
3917
3922
3923
3925
3926
3928
3929
3931
3924
3924
3928
3930
3927
3927
3929
3930
3930
3930
3934
4600
4601
3941
3937
3956
4008
5256
3938
3962
3963
7766
3940
3965
3966
3967
4390
3971
4009
3973
4008
3942
4600
5219
3949
5221
3944
3945
3954
3955
3946
3958
3959
3961
3974
4601
3949
3950
3952
3951
3951
3953
4371
5221
5222
3953
3986
3987
4372
3955
3958
4387
5249
5252
3957
3965
5257
3966
4390
5259
3959
4391
3964
5260
3961
3963
3964
3964
5260
8063
3964
3967
3966
3968
3968
3970
4015
4614
3972
4615
3972
4011
5262
5263
4010
4393
5213
4013
4393
3979
6424
6781
3981
3988
4018
6786
3982
3989
4017
6788
3990
8169
3982
3991
4017
3992
3993
3997
3995
3992
3999
3985
6422
3987
6768
3987
6769
3989
3993
6787
3995
6789
3991
8280
8283
3994
4001
3994
3995
3996
3996
4001
4002
4018
4005
4006
4019
4000
4001
4003
4004
4003
4003
4005
4020
4007
4007
4007
4021
4007
4010
8068
4011
4012
4012
8069
8066
8070
8070
4014
7768
7847
8071
4016
7846
7847
8282
8283
4020
8297
4021
8299
4021
8298
8300
4023
4024
4052
4087
4053
4054
4077
4056
4077
4088
4026
4037
4038
4086
4044
4045
4083
4028
4034
4060
4089
4035
4061
4062
4037
4068
4069
4078
4036
4039
4071
4072
4032
4033
4042
4043
4046
4084
4049
4035
4064
4090
4065
4066
4041
4074
4075
4039
4069
4079
4039
4040
4045
4041
4072
4041
4047
4379
4075
5234
4043
4049
4380
4048
5235
4046
4084
4085
4046
4047
4048
4048
4381
5236
4050
4385
4051
5246
5247
5248
4053
4060
4091
4055
4061
4055
4057
4068
4063
4070
4058
4092
4059
4077
4080
4059
4077
4082
4061
4093
4063
4063
4066
4071
4073
4065
4094
5337
4067
5341
4067
4074
4076
5343
4070
4080
4070
4072
4073
4073
4074
4073
4076
4076
6204
6205
4079
4080
4081
4081
4086
4082
4082
4085
4086
4088
4091
4092
4090
4093
4094
4093
8416
4174
5264
5265
7668
4097
4106
5939
5940
5942
5943
7669
4099
4109
5945
5946
5948
5949
7670
4101
4112
5951
5952
5954
5955
7671
4103
4115
5957
5958
5960
5961
7672
4174
5267
7668
8359
4107
4119
5268
8360
4423
4424
5940
7669
5272
5273
7673
4110
4121
4429
4430
4432
4433
5946
7670
4435
4436
7674
4113
4124
4438
4439
4441
4442
5952
7671
4444
4445
7675
4116
4127
4447
4448
4450
4451
5958
7672
4453
4454
7676
4118
4130
4456
4457
4459
4460
7677
5275
7673
8361
4122
4135
5276
8362
4464
4465
7674
5280
5281
7678
4125
4137
4470
4471
4473
4474
7675
4476
4477
7679
4128
4140
4479
4480
4482
4483
7676
4485
4486
7680
4131
4143
4488
4489
4491
4492
7677
4494
4495
7681
4133
4146
4497
4498
4500
4501
7682
4149
4503
4504
6329
5283
7678
8363
4138
4153
5284
8364
4508
4509
7679
5288
5289
7684
4141
4155
4514
4515
4517
4518
7680
4520
4521
7685
4144
4158
4523
4524
4526
4527
7681
4529
4530
7686
4147
4161
4532
4533
4535
4536
7682
4538
4539
7687
4150
4164
4541
4542
4544
4545
7683
4547
4548
7688
4152
4167
4550
4551
4553
4554
7689
5291
7684
8365
4156
4169
5292
8366
4558
4559
7685
5296
5297
7690
4159
4170
4564
4565
4567
4568
7686
4570
4571
7691
4162
4171
4573
4574
4576
4577
7687
4579
4580
7692
4165
4172
4582
4583
4585
4586
7688
4588
4589
7693
4168
4173
4591
4592
4594
4595
7689
4597
4598
7694
5299
7690
8367
4604
4605
7691
4607
4608
7692
4610
4611
7693
4613
4614
7694
5456
8368
4176
5963
5964
7695
4187
5966
5967
4178
5969
5970
7698
4196
5972
5973
4180
5975
5976
7701
4205
5978
5979
4182
5981
5982
7704
4214
5984
5985
4184
5987
5988
7707
4223
5990
5991
4186
5304
7696
8369
4190
5305
8370
4683
4684
5966
7695
4193
4686
4687
7699
4195
4689
4690
7697
5309
5310
7696
4194
4695
4696
7710
4195
4698
4699
7697
4199
4701
4702
4232
4704
4705
4707
4708
4710
4711
5972
7698
4202
4713
4714
7702
4204
4716
4717
7700
4719
4720
7699
4203
4722
4723
7713
4204
4725
4726
7700
4208
4728
4729
4241
4731
4732
4734
4735
4737
4738
5978
7701
4211
4740
4741
7705
4213
4743
4744
7703
4746
4747
7702
4212
4749
4750
7716
4213
4752
4753
7703
4217
4755
4756
4250
4758
4759
4761
4762
4764
4765
5984
7704
4220
4767
4768
7708
4222
4770
4771
7706
4773
4774
7705
4221
4776
4777
7719
4222
4779
4780
7706
4225
4782
4783
4259
4785
4786
4788
4789
4791
5990
6548
7707
4229
4792
6553
7709
4793
4794
7708
4228
4796
4797
7722
4229
4799
4800
7709
4268
4802
6558
4803
6560
4231
5312
7711
8371
4235
5313
8372
4806
4807
7710
4238
4809
4810
7714
4240
4812
4813
7712
5317
5318
7711
4239
4818
4819
7725
4240
4821
4822
7712
4244
4824
4825
4277
4827
4828
4830
4831
4833
4834
7713
4247
4836
4837
7717
4249
4839
4840
7715
4842
4843
7714
4248
4845
4846
7728
4249
4848
4849
7715
4253
4851
4852
4286
4854
4855
4857
4858
4860
4861
7716
4256
4863
4864
7720
4258
4866
4867
7718
4869
4870
7717
4257
4872
4873
7731
4258
4875
4876
7718
4262
4878
4879
4295
4881
4882
4884
4885
4887
4888
7719
4265
4890
4891
7723
4267
4893
4894
7721
4896
4897
7720
4266
4899
4900
7734
4267
4902
4903
7721
4270
4905
4906
4304
4908
4909
4911
4912
4914
4915
7722
4274
4919
4920
7724
4922
4923
7723
4273
4925
4926
7737
4274
4928
4929
7724
4313
4933
4934
4936
4937
4276
5320
7726
8373
4280
5321
8374
4941
4942
7725
4283
4944
4945
7729
4285
4947
4948
7727
5325
5326
7726
4284
4953
4954
7741
4285
4956
4957
7727
4289
4959
4960
4325
4962
4963
4965
4966
4968
4969
7728
4292
4971
4972
7732
4294
4974
4975
7730
4977
4978
7729
4293
4980
4981
7744
4294
4983
4984
7730
4298
4986
4987
4334
4989
4990
4992
4993
4995
4996
7731
4301
4998
4999
7735
4303
5001
5002
7733
5004
5005
7732
4302
5007
5008
7747
4303
5010
5011
7733
4307
5013
5014
4343
5016
5017
5019
5020
5022
5023
7734
4310
5025
5026
7738
4312
5028
5029
7736
5031
5032
7735
4311
5034
5035
7750
4312
5037
5038
7736
4316
5040
5041
4352
5043
5044
5046
5047
5049
5050
7737
4319
5052
5053
7740
4321
5055
5056
7739
5058
5059
7738
4320
5061
5062
7753
4321
5064
5065
7739
4322
5067
5068
4361
5070
5071
5073
5074
5076
5077
7740
4324
5328
7742
8375
4328
5329
8376
5084
5085
7741
4331
5087
5088
7745
4333
5090
5091
7743
5333
5334
7742
4332
5096
5097
7758
4333
5099
5100
7743
4337
5102
5103
4375
5105
5106
5108
5109
5111
5112
7744
4340
5114
5115
7748
4342
5117
5118
7746
5120
5121
7745
4341
5123
5124
7761
4342
5126
5127
7746
4346
5129
5130
4382
5132
5133
5135
5136
5138
5139
7747
4349
5141
5142
7751
4351
5144
5145
7749
5147
5148
7748
4350
5150
5151
7764
4351
5153
5154
7749
4355
5156
5157
4389
5159
5160
5162
5163
5165
5166
7750
4358
5168
5169
7754
4360
5171
5172
7752
5174
5175
7751
4359
5177
5178
7767
4360
5180
5181
7752
4364
5183
5184
4392
5186
5187
5189
5190
5192
5193
7753
4367
5195
5196
7756
4369
5198
5199
7755
5201
5202
7754
4368
5204
5205
7768
4369
5207
5208
7755
4370
5210
5211
4393
5213
5214
5216
5217
5219
5220
7756
4372
5222
7757
6421
6769
4374
5336
7759
8377
4378
5337
8378
5224
5225
7758
4380
5227
5228
7762
4381
5230
5231
7760
5341
5342
7759
4381
5234
7760
4385
5235
5236
5237
5238
7761
4387
5240
5241
7765
4388
5243
5244
7763
5246
7762
4388
5247
5248
7763
4391
5249
5250
5251
5253
5254
7764
5258
7766
5260
7765
5261
5262
7767
7768
4616
5303
5935
5936
4618
5993
5994
7769
4617
4620
5996
5997
4400
4623
5999
6000
4423
4625
6002
6003
4624
4627
6005
6006
4630
6008
6009
4632
6011
6012
7772
4631
4634
6014
6015
4406
4637
6017
6018
4432
4639
6020
6021
4638
4641
6023
6024
4644
6026
6027
4646
6029
6030
7775
4645
4648
6032
6033
4412
4651
6035
6036
4441
4653
6038
6039
4652
4655
6041
6042
4658
6044
6045
4660
6047
6048
7778
4659
4662
6050
6051
4418
4665
6053
6054
4450
4667
6056
6057
4666
4669
6059
6060
4672
6062
6063
4674
6065
6066
7781
4673
4676
6068
6069
4681
5347
7770
8379
4426
4682
5348
8380
4425
4683
6002
4425
4686
7773
4685
4688
4692
5352
5353
4695
6071
6072
7784
4694
4697
6074
6075
4431
4435
4701
4431
4464
4704
4703
4706
4434
4710
6020
4434
4713
7776
4712
4715
4437
4719
4437
4722
7787
4721
4724
4440
4444
4728
4440
4473
4731
4730
4733
4443
4737
6038
4443
4740
7779
4739
4742
4446
4746
4446
4749
7790
4748
4751
4449
4453
4755
4449
4482
4758
4757
4760
4452
4764
6056
4452
4767
7782
4766
4769
4455
4773
4455
4776
7793
4775
4778
4458
4459
4782
4458
4491
4785
4784
4787
4461
4793
4461
4796
7796
4795
4798
4804
5355
7785
8381
4467
4805
5356
8382
4466
4806
4466
4809
7788
4808
4811
4815
5360
5361
4818
6077
6078
7799
4817
4820
6080
6081
4472
4476
4824
4472
4508
4827
4826
4829
4475
4833
4475
4836
7791
4835
4838
4478
4842
4478
4845
7802
4844
4847
4481
4485
4851
4481
4517
4854
4853
4856
4484
4860
4484
4863
7794
4862
4865
4487
4869
4487
4872
7805
4871
4874
4490
4494
4878
4490
4526
4881
4880
4883
4493
4887
4493
4890
7797
4889
4892
4496
4896
4496
4899
7808
4898
4901
4499
4500
4905
4499
4535
4908
4907
4910
4502
4922
4502
4925
7811
4924
4927
4505
6469
6614
4505
4544
4933
4932
4935
4939
5363
7800
8383
4511
4940
5364
8384
4510
4941
4510
4944
7803
4943
4946
4950
5368
5369
4953
6083
6084
7815
4952
4955
6086
6087
4516
4520
4959
4516
4558
4962
4961
4964
4519
4968
4519
4971
7806
4970
4973
4522
4977
4522
4980
7818
4979
4982
4525
4529
4986
4525
4567
4989
4988
4991
4528
4995
4528
4998
7809
4997
5000
4531
5004
4531
5007
7821
5006
5009
4534
4538
5013
4534
4576
5016
5015
5018
4537
5022
4537
5025
7812
5024
5027
4540
5031
4540
5034
7824
5033
5036
4543
4547
5040
4543
4585
5043
5042
5045
4546
5049
4546
5052
7814
5051
5054
4549
5058
4549
5061
7827
5060
5063
4552
4553
5067
4552
4594
5070
5069
5072
4555
5076
4555
5079
7830
5078
5080
5082
5371
7816
8385
4561
5083
5372
8386
4560
5084
4560
5087
7819
5086
5089
5093
5376
5377
5096
6089
6090
7833
5095
5098
6092
6093
4566
4570
5102
4566
4604
5105
5104
5107
4569
5111
4569
5114
7822
5113
5116
4572
5120
4572
5123
7836
5122
5125
4575
4579
5129
4575
4607
5132
5131
5134
4578
5138
4578
5141
7825
5140
5143
4581
5147
4581
5150
7839
5149
5152
4584
4588
5156
4584
4610
5159
5158
5161
4587
5165
4587
5168
7828
5167
5170
4590
5174
4590
5177
7842
5176
5179
4593
4597
5183
4593
4613
5186
5185
5188
4596
5192
4596
5195
7831
5194
5197
4599
5201
4599
5204
7845
5203
5206
4602
5210
4602
5213
5212
5215
5223
5379
7834
8387
4606
5224
4606
5227
7837
5226
5229
4609
5237
4609
5240
7840
5239
5242
4612
5253
4612
5256
7843
5255
5257
4615
5261
4615
7846
5263
5383
5508
5509
4622
5511
5512
6095
6096
7848
4621
4626
6098
6099
4622
6101
6102
4628
5520
5521
5523
5524
4630
5526
5527
4629
5529
5530
4683
6104
6105
4628
6107
6108
4629
6110
6111
5538
5539
5541
5542
5544
5545
4636
5547
5548
6113
6114
7857
4635
4640
6116
6117
4636
6119
6120
4642
5556
5557
5559
5560
4644
5562
5563
4643
5565
5566
4710
6122
6123
4642
6125
6126
4643
6128
6129
5574
5575
5577
5578
5580
5581
4650
5583
5584
6131
6132
7866
4649
4654
6134
6135
4650
6137
6138
4656
5592
5593
5595
5596
4658
5598
5599
4657
5601
5602
4737
6140
6141
4656
6143
6144
4657
6146
6147
5610
5611
5613
5614
5616
5617
4664
5619
5620
6149
6150
7875
4663
4668
6152
6153
4664
6155
6156
4670
5628
5629
5631
5632
4672
5634
5635
4671
5637
5638
4764
6158
6159
4670
6161
6162
4671
6164
6165
5646
5647
5649
5650
5652
5653
4678
5655
5656
6167
6168
7884
4677
4679
6170
6171
4678
6173
6174
4680
5664
5665
5667
5668
4680
6176
6177
5672
5673
5420
7851
8388
4692
5421
8389
4685
6104
4685
4689
7849
4691
4688
7860
4688
4690
4702
4691
4691
7854
4691
4707
5425
5426
4698
6179
6180
7852
4700
6182
6183
4697
6072
7893
4697
4699
4705
4700
6075
4700
6180
7855
4700
4708
6183
4703
4719
4703
4707
4709
4706
4806
4706
4708
4709
4709
4709
4712
6122
4712
4716
7858
4718
4715
7869
4715
4717
4729
4718
4718
7863
4718
4734
4721
4721
4725
7861
4727
4724
7902
4724
4726
4732
4727
4727
7864
4727
4735
4730
4746
4730
4734
4736
4733
4833
4733
4735
4736
4736
4736
4739
6140
4739
4743
7867
4745
4742
7878
4742
4744
4756
4745
4745
7872
4745
4761
4748
4748
4752
7870
4754
4751
7911
4751
4753
4759
4754
4754
7873
4754
4762
4757
4773
4757
4761
4763
4760
4860
4760
4762
4763
4763
4763
4766
6158
4766
4770
7876
4772
4769
7887
4769
4771
4783
4772
4772
7881
4772
4788
4775
4775
4779
7879
4781
4778
7920
4778
4780
4786
4781
4781
7882
4781
4789
4784
4793
4784
4788
4790
4787
4887
4787
4789
4790
4790
4790
4792
6549
7885
6554
7890
4795
4795
4799
7888
4801
4798
7929
4798
4800
4802
4801
4801
7891
4801
4803
4803
6559
6561
5428
7896
8390
4815
5429
8391
4808
4808
4812
7894
4814
4811
7905
4811
4813
4825
4814
4814
7899
4814
4830
5433
5434
4821
6185
6186
7897
4823
6188
6189
4820
6078
7938
4820
4822
4828
4823
6081
4823
6186
7900
4823
4831
6189
4826
4842
4826
4830
4832
4829
4941
4829
4831
4832
4832
4832
4835
4835
4839
7903
4841
4838
7914
4838
4840
4852
4841
4841
7908
4841
4857
4844
4844
4848
7906
4850
4847
7947
4847
4849
4855
4850
4850
7909
4850
4858
4853
4869
4853
4857
4859
4856
4968
4856
4858
4859
4859
4859
4862
4862
4866
7912
4868
4865
7923
4865
4867
4879
4868
4868
7917
4868
4884
4871
4871
4875
7915
4877
4874
7956
4874
4876
4882
4877
4877
7918
4877
4885
4880
4896
4880
4884
4886
4883
4995
4883
4885
4886
4886
4886
4889
4889
4893
7921
4895
4892
7932
4892
4894
4906
4895
4895
7926
4895
4911
4898
4898
4902
7924
4904
4901
7965
4901
4903
4909
4904
4904
7927
4904
4912
4907
4922
4907
4911
4913
4910
5022
4910
4912
4913
4913
4913
4916
6463
6558
4916
4919
7930
4921
6465
4918
4920
4931
6368
4921
6465
6613
4921
7935
4921
4936
4924
4924
4928
7933
4930
4927
7974
4927
4929
4934
4930
4930
7936
4930
4937
4932
4936
6369
4938
6614
4935
5049
4935
4937
4938
4938
4938
5436
7941
8392
4950
5437
8393
4943
4943
4947
7939
4949
4946
7950
4946
4948
4960
4949
4949
7944
4949
4965
5441
5442
4956
6191
6192
7942
4958
6194
6195
4955
6084
7985
4955
4957
4963
4958
6087
4958
6192
7945
4958
4966
6195
4961
4977
4961
4965
4967
4964
5084
4964
4966
4967
4967
4967
4970
4970
4974
7948
4976
4973
7959
4973
4975
4987
4976
4976
7953
4976
4992
4979
4979
4983
7951
4985
4982
7994
4982
4984
4990
4985
4985
7954
4985
4993
4988
5004
4988
4992
4994
4991
5111
4991
4993
4994
4994
4994
4997
4997
5001
7957
5003
5000
7968
5000
5002
5014
5003
5003
7962
5003
5019
5006
5006
5010
7960
5012
5009
8003
5009
5011
5017
5012
5012
7963
5012
5020
5015
5031
5015
5019
5021
5018
5138
5018
5020
5021
5021
5021
5024
5024
5028
7966
5030
5027
7977
5027
5029
5041
5030
5030
7971
5030
5046
5033
5033
5037
7969
5039
5036
8012
5036
5038
5044
5039
5039
7972
5039
5047
5042
5058
5042
5046
5048
5045
5165
5045
5047
5048
5048
5048
5051
5051
5055
7975
5057
5054
7983
5054
5056
5068
5057
5057
7980
5057
5073
5060
5060
5064
7978
5066
5063
8021
5063
5065
5071
5066
5066
7981
5066
5074
5069
5076
5069
5073
5075
5072
5192
5072
5074
5075
5075
5075
5078
5078
6694
7984
5081
5080
6396
8030
5081
6693
6694
6695
5444
7988
8394
5093
5445
8395
5086
5086
5090
7986
5092
5089
7997
5089
5091
5103
5092
5092
7991
5092
5108
5449
5450
5099
6197
6198
7989
5101
6200
6201
5098
6090
8038
5098
5100
5106
5101
6093
5101
6198
7992
5101
5109
6201
5104
5120
5104
5108
5110
5107
5224
5107
5109
5110
5110
5110
5113
5113
5117
7995
5119
5116
8006
5116
5118
5130
5119
5119
8000
5119
5135
5122
5122
5126
7998
5128
5125
8047
5125
5127
5133
5128
5128
8001
5128
5136
5131
5147
5131
5135
5137
5134
5237
5134
5136
5137
5137
5137
5140
5140
5144
8004
5146
5143
8015
5143
5145
5157
5146
5146
8009
5146
5162
5149
5149
5153
8007
5155
5152
8056
5152
5154
5160
5155
5155
8010
5155
5163
5158
5174
5158
5162
5164
5161
5253
5161
5163
5164
5164
5164
5167
5167
5171
8013
5173
5170
8024
5170
5172
5184
5173
5173
8018
5173
5189
5176
5176
5180
8016
5182
5179
8065
5179
5181
5187
5182
5182
8019
5182
5190
5185
5201
5185
5189
5191
5188
5261
5188
5190
5191
5191
5191
5194
5194
5198
8022
5200
5197
8032
5197
5199
5211
5200
5200
8027
5200
5216
5203
5203
5207
8025
5209
5206
8071
5206
5208
5214
5209
5209
8028
5209
5217
5212
5219
5212
5216
5218
5215
5215
5217
5218
5218
5218
5221
5221
5222
8033
8036
5452
8041
8396
5226
5226
5230
8039
5232
5229
8050
5229
5231
5235
5232
5232
8044
5232
5236
5234
6203
6204
8042
6204
8045
5236
5239
5239
5243
8048
5245
5242
8059
5242
5244
5249
5245
5245
8053
5245
5250
5247
8051
8054
5251
5250
5252
5252
5255
5255
5258
8057
5259
5257
8068
5259
5259
8062
8060
5263
5263
8066
5266
5344
5456
5266
5269
5993
5346
5995
5270
5347
8397
5272
5348
8398
5271
7668
8073
5271
5349
7668
5351
8075
5274
5352
5274
5277
6071
5354
6073
5278
5355
8399
5280
5356
8400
5279
7673
8079
5279
5357
7673
5359
8081
5282
5360
5282
5285
6077
5362
6079
5286
5363
8401
5288
5364
8402
5287
7678
8085
5287
5365
7678
5367
8087
5290
5368
5290
5293
6083
5370
6085
5294
5371
8403
5296
5372
8404
5295
7684
8091
5295
5373
7684
5375
8093
5298
5376
5298
5300
6089
5378
6091
5301
5379
8405
5302
7690
8097
5302
5380
7690
5382
8099
5383
5938
8406
5306
5420
8407
5309
5421
8408
5308
5422
7696
5308
5310
7696
8103
5424
8105
5311
5425
5311
6179
5427
6181
5314
5428
8409
5317
5429
8410
5316
5430
7711
5316
5318
7711
8109
5432
8111
5319
5433
5319
6185
5435
6187
5322
5436
8411
5325
5437
8412
5324
5438
7726
5324
5326
7726
8115
5440
8117
5327
5441
5327
6191
5443
6193
5330
5444
8413
5333
5445
8414
5332
5446
7742
5332
5334
7742
8121
5448
8123
5335
5449
5335
6197
5451
6199
5338
5452
8415
5341
8416
5340
5453
7759
5340
5342
7759
8127
5455
8129
5343
5343
6203
6205
5346
5675
5935
5937
8072
5384
5457
6206
6207
5459
6207
6208
5349
8417
5352
8418
5351
7770
5351
5423
7770
8077
8078
5354
5354
5426
6074
6076
5357
8419
5360
8420
5359
7785
5359
5431
7785
8083
8084
5362
5362
5434
6080
6082
5365
8421
5368
8422
5367
7800
5367
5439
7800
8089
8090
5370
5370
5442
6086
6088
5373
8423
5376
8424
5375
7816
5375
5447
7816
8095
8096
5378
5378
5450
6092
6094
5380
8425
5382
7834
5382
5454
7834
8101
8102
5933
8426
5385
5678
5679
5457
5683
5684
5387
5515
5692
5693
5518
5699
5700
5389
5461
5706
5707
5463
5711
5712
5391
5533
5720
5721
5536
5727
5728
5393
5467
5734
5735
5469
5739
5740
5395
5551
5748
5749
5554
5755
5756
5397
5473
5762
5763
5475
5767
5768
5399
5569
5776
5777
5572
5783
5784
5401
5479
5790
5791
5481
5795
5796
5403
5587
5804
5805
5590
5811
5812
5405
5485
5818
5819
5487
5823
5824
5407
5605
5832
5833
5608
5839
5840
5409
5491
5846
5847
5493
5851
5852
5411
5623
5860
5861
5626
5867
5868
5413
5497
5874
5875
5499
5879
5880
5415
5641
5888
5889
5644
5895
5896
5417
5503
5902
5903
5505
5907
5908
5419
5659
5916
5917
5662
5923
5924
5422
8427
5425
8428
5424
7851
5424
7851
8106
8108
5427
5427
6182
6184
5430
8429
5433
8430
5432
7896
5432
7896
8112
8114
5435
5435
6188
6190
5438
8431
5441
8432
5440
7941
5440
7941
8118
8120
5443
5443
6194
6196
5446
8433
5449
8434
5448
7988
5448
7988
8124
8126
5451
5451
6200
6202
5453
8435
5455
8041
5455
8041
8130
8132
5675
8436
6209
6210
5459
5517
5994
5997
5998
5995
6210
6211
5462
5466
5939
6000
6001
5463
6212
6213
5465
5941
6213
6214
6215
6216
5465
5535
6003
6006
6007
6004
6216
6217
5468
5942
6009
6010
5469
6218
6219
5471
5944
6219
6220
6221
6222
5471
5553
6012
6015
6016
6013
6222
6223
5474
5478
5945
6018
6019
5475
6224
6225
5477
5947
6225
6226
6227
6228
5477
5571
6021
6024
6025
6022
6228
6229
5480
5948
6027
6028
5481
6230
6231
5483
5950
6231
6232
6233
6234
5483
5589
6030
6033
6034
6031
6234
6235
5486
5490
5951
6036
6037
5487
6236
6237
5489
5953
6237
6238
6239
6240
5489
5607
6039
6042
6043
6040
6240
6241
5492
5954
6045
6046
5493
6242
6243
5495
5956
6243
6244
6245
6246
5495
5625
6048
6051
6052
6049
6246
6247
5498
5502
5957
6054
6055
5499
6248
6249
5501
5959
6249
6250
6251
6252
5501
5643
6057
6060
6061
6058
6252
6253
5504
5960
6063
6064
5505
6254
6255
5507
5962
6255
6256
6257
6258
5507
5661
6066
6069
6070
6067
6258
6259
5510
5676
5933
5510
5678
5936
5677
5680
5513
5683
5996
5513
5523
5686
5685
5687
5516
5532
5964
6099
6100
5518
6260
6261
5519
5965
6261
6262
5519
6096
6102
6103
6263
6264
6097
6264
6265
5522
5538
5690
5522
5692
6098
5691
5694
5525
5697
5525
5699
6101
5698
5701
5528
5544
5704
5528
5706
5999
5705
5708
5531
5711
6005
5531
5541
5714
5713
5715
5534
5967
6108
6109
5536
6266
6267
5537
5968
6267
6268
5537
6105
6111
6112
6269
6270
6106
6270
6271
5540
5718
5540
5720
6107
5719
5722
5543
5725
5543
5727
6110
5726
5729
5546
5732
5546
5734
6008
5733
5736
5549
5739
6014
5549
5559
5742
5741
5743
5552
5568
5970
6117
6118
5554
6272
6273
5555
5971
6273
6274
5555
6114
6120
6121
6275
6276
6115
6276
6277
5558
5574
5746
5558
5748
6116
5747
5750
5561
5753
5561
5755
6119
5754
5757
5564
5580
5760
5564
5762
6017
5761
5764
5567
5767
6023
5567
5577
5770
5769
5771
5570
5973
6126
6127
5572
6278
6279
5573
5974
6279
6280
5573
6123
6129
6130
6281
6282
6124
6282
6283
5576
5774
5576
5776
6125
5775
5778
5579
5781
5579
5783
6128
5782
5785
5582
5788
5582
5790
6026
5789
5792
5585
5795
6032
5585
5595
5798
5797
5799
5588
5604
5976
6135
6136
5590
6284
6285
5591
5977
6285
6286
5591
6132
6138
6139
6287
6288
6133
6288
6289
5594
5610
5802
5594
5804
6134
5803
5806
5597
5809
5597
5811
6137
5810
5813
5600
5616
5816
5600
5818
6035
5817
5820
5603
5823
6041
5603
5613
5826
5825
5827
5606
5979
6144
6145
5608
6290
6291
5609
5980
6291
6292
5609
6141
6147
6148
6293
6294
6142
6294
6295
5612
5830
5612
5832
6143
5831
5834
5615
5837
5615
5839
6146
5838
5841
5618
5844
5618
5846
6044
5845
5848
5621
5851
6050
5621
5631
5854
5853
5855
5624
5640
5982
6153
6154
5626
6296
6297
5627
5983
6297
6298
5627
6150
6156
6157
6299
6300
6151
6300
6301
5630
5646
5858
5630
5860
6152
5859
5862
5633
5865
5633
5867
6155
5866
5869
5636
5652
5872
5636
5874
6053
5873
5876
5639
5879
6059
5639
5649
5882
5881
5883
5642
5985
6162
6163
5644
6302
6303
5645
5986
6303
6304
5645
6159
6165
6166
6305
6306
6160
6306
6307
5648
5886
5648
5888
6161
5887
5890
5651
5893
5651
5895
6164
5894
5897
5654
5900
5654
5902
6062
5901
5904
5657
5907
6068
5657
5667
5910
5909
5911
5660
5670
5988
6171
6172
5662
6308
6309
5663
5989
6309
6310
5663
6168
6174
6175
6311
6312
6169
6312
6313
5666
5672
5914
5666
5916
6170
5915
5918
5669
5921
5669
5923
6173
5922
5925
5671
5991
6177
6178
5992
6315
6840
7295
5674
5928
5674
5930
6176
5929
5931
8072
8437
5677
5934
8486
5682
8708
5680
6206
5680
5681
5684
5682
5682
5688
8489
8711
5685
6209
5685
5688
5689
5687
5697
8492
5689
8714
5689
8495
8717
5691
5718
8498
5696
8720
5694
6260
5694
5695
5700
5696
5696
5702
8501
8723
5698
8504
5703
8726
5701
6263
5701
5702
5703
5703
8507
8729
5705
5732
8510
5710
8732
5708
6212
5708
5709
5712
5710
5710
5716
8513
8735
5713
6215
5713
5716
5717
5715
5725
8516
5717
8738
5717
8519
8741
5719
8522
5724
8744
5722
6266
5722
5723
5728
5724
5724
5730
8525
8747
5726
8528
5731
8750
5729
6269
5729
5730
5731
5731
8531
8753
5733
8534
5738
8756
5736
6218
5736
5737
5740
5738
5738
5744
8537
8759
5741
6221
5741
5744
5745
5743
5753
8540
5745
8762
5745
8543
8765
5747
5774
8546
5752
8768
5750
6272
5750
5751
5756
5752
5752
5758
8549
8771
5754
8552
5759
8774
5757
6275
5757
5758
5759
5759
8555
8777
5761
5788
8558
5766
8780
5764
6224
5764
5765
5768
5766
5766
5772
8561
8783
5769
6227
5769
5772
5773
5771
5781
8564
5773
8786
5773
8567
8789
5775
8570
5780
8792
5778
6278
5778
5779
5784
5780
5780
5786
8573
8795
5782
8576
5787
8798
5785
6281
5785
5786
5787
5787
8579
8801
5789
8582
5794
8804
5792
6230
5792
5793
5796
5794
5794
5800
8585
8807
5797
6233
5797
5800
5801
5799
5809
8588
5801
8810
5801
8591
8813
5803
5830
8594
5808
8816
5806
6284
5806
5807
5812
5808
5808
5814
8597
8819
5810
8600
5815
8822
5813
6287
5813
5814
5815
5815
8603
8825
5817
5844
8606
5822
8828
5820
6236
5820
5821
5824
5822
5822
5828
8609
8831
5825
6239
5825
5828
5829
5827
5837
8612
5829
8834
5829
8615
8837
5831
8618
5836
8840
5834
6290
5834
5835
5840
5836
5836
5842
8621
8843
5838
8624
5843
8846
5841
6293
5841
5842
5843
5843
8627
8849
5845
8630
5850
8852
5848
6242
5848
5849
5852
5850
5850
5856
8633
8855
5853
6245
5853
5856
5857
5855
5865
8636
5857
8858
5857
8639
8861
5859
5886
8642
5864
8864
5862
6296
5862
5863
5868
5864
5864
5870
8645
8867
5866
8648
5871
8870
5869
6299
5869
5870
5871
5871
8651
8873
5873
5900
8654
5878
8876
5876
6248
5876
5877
5880
5878
5878
5884
8657
8879
5881
6251
5881
5884
5885
5883
5893
8660
5885
8882
5885
8663
8885
5887
8666
5892
8888
5890
6302
5890
5891
5896
5892
5892
5898
8669
8891
5894
8672
5899
8894
5897
6305
5897
5898
5899
5899
8675
8897
5901
8678
5906
8900
5904
6254
5904
5905
5908
5906
5906
5912
8681
8903
5909
6257
5909
5912
5913
5911
5921
8684
5913
8906
5913
8687
8909
5915
5928
8690
5920
8912
5918
6308
5918
5919
5924
5920
5920
5926
8693
8915
5922
8696
5927
8918
5925
6311
5925
5926
5927
5927
8699
8921
5929
8702
5932
8924
5931
6314
6792
5932
6918
6919
8927
5934
8438
8439
8705
5937
5938
5937
6206
6208
8072
8442
5941
5942
5941
6002
6004
5944
5944
6011
7669
6013
5947
5948
5947
6020
6022
5950
5950
6029
7670
6031
5953
5954
5953
6038
6040
5956
5956
6047
7671
6049
5959
5960
5959
6056
6058
5962
5962
6065
7672
6067
5965
6095
7695
5965
5967
6097
5968
6104
5968
6106
5971
6113
7698
5971
5973
6115
5974
6122
5974
6124
5977
6131
7701
5977
5979
6133
5980
6140
5980
6142
5983
6149
7704
5983
5985
6151
5986
6158
5986
6160
5989
6167
7707
5989
5991
6169
5992
7235
5992
7237
5995
8073
5995
6096
5998
6209
5998
6102
6211
6001
6212
6001
6009
6214
6004
6004
6105
6007
6215
6007
6111
6217
6010
6218
6010
6220
6013
7772
6013
6114
6016
6221
6016
6120
6223
6019
6224
6019
6027
6226
6022
6022
6123
6025
6227
6025
6129
6229
6028
6230
6028
6232
6031
7775
6031
6132
6034
6233
6034
6138
6235
6037
6236
6037
6045
6238
6040
6040
6141
6043
6239
6043
6147
6241
6046
6242
6046
6244
6049
7778
6049
6150
6052
6245
6052
6156
6247
6055
6248
6055
6063
6250
6058
6058
6159
6061
6251
6061
6165
6253
6064
6254
6064
6256
6067
7781
6067
6168
6070
6257
6070
6174
6259
6073
8079
6073
6075
6076
6076
6182
6076
6079
8085
6079
6081
6082
6082
6188
6082
6085
8091
6085
6087
6088
6088
6194
6088
6091
8097
6091
6093
6094
6094
6200
6094
6097
7848
6097
6100
6260
6100
6108
6262
6103
6263
6103
6265
6106
6106
6109
6266
6109
6268
6112
6269
6112
6271
6115
7857
6115
6118
6272
6118
6126
6274
6121
6275
6121
6277
6124
6124
6127
6278
6127
6280
6130
6281
6130
6283
6133
7866
6133
6136
6284
6136
6144
6286
6139
6287
6139
6289
6142
6142
6145
6290
6145
6292
6148
6293
6148
6295
6151
7875
6151
6154
6296
6154
6162
6298
6157
6299
6157
6301
6160
6160
6163
6302
6163
6304
6166
6305
6166
6307
6169
7884
6169
6172
6308
6172
6177
6310
6175
6311
6175
6313
6178
6314
6178
6315
6181
8103
6181
6183
6184
6184
6184
6187
8109
6187
6189
6190
6190
6190
6193
8115
6193
6195
6196
6196
6196
6199
8121
6199
6201
6202
6202
6202
6205
8127
6205
6208
6208
6210
6211
6211
6214
6214
6216
6217
6217
6220
6220
6222
6223
6223
6226
6226
6228
6229
6229
6232
6232
6234
6235
6235
6238
6238
6240
6241
6241
6244
6244
6246
6247
6247
6250
6250
6252
6253
6253
6256
6256
6258
6259
6259
6262
6262
6264
6265
6265
6268
6268
6270
6271
6271
6274
6274
6276
6277
6277
6280
6280
6282
6283
6283
6286
6286
6288
6289
6289
6292
6292
6294
6295
6295
6298
6298
6300
6301
6301
6304
6304
6306
6307
6307
6310
6310
6312
6313
6313
6315
6837
7295
6317
6320
7175
7176
7178
7179
8133
6319
6322
7181
7182
7184
7185
8134
6442
6443
7176
8133
6323
6327
6445
6446
6448
6449
7182
8134
6451
6452
8135
6325
6328
6454
6455
6457
6458
8136
6331
6460
6461
7036
6463
6464
8135
6466
6467
8136
6469
6470
7683
6332
6335
6472
6473
6475
6476
8137
6478
6479
8138
6334
6337
6481
6482
6484
6485
8139
6487
6488
8138
6338
6342
6490
6491
6493
6494
8139
6496
6497
8140
6340
6343
6499
6500
6505
6506
8141
6344
6508
6509
7018
6511
6512
8140
6514
6515
8141
6517
6518
8285
6346
7187
7188
8142
6351
7190
7191
7193
7194
7197
8145
6360
7196
7197
7332
6350
6550
6551
8143
6354
6555
6556
6562
6563
7190
8142
6357
6565
6566
8146
6359
6568
6569
8144
6571
6572
8143
6358
6574
6575
8148
6359
6577
6578
8144
6362
6580
6581
6370
6583
6584
6586
6587
6589
6590
7197
8145
6367
6592
6593
8147
6595
6596
8146
6366
6598
6599
8151
6367
6601
6602
8147
6604
6605
7037
7038
6379
6607
6608
6610
6611
6369
6613
8149
6373
6614
6615
6616
8148
6376
6618
6619
8152
6378
6621
6622
8150
6624
6625
8149
6377
6627
6628
8156
6378
6630
6631
8150
6382
6633
6634
6393
6636
6637
6639
6640
6642
6643
8151
6385
6645
6646
8154
6387
6648
6649
8153
6651
6652
8152
6386
6654
6655
8158
6387
6657
6658
8153
6388
6660
6661
6401
6663
6664
6666
6667
6669
6670
8154
6391
6672
6673
8161
6392
6675
6676
8155
6410
6678
6679
6681
6682
7386
6684
6685
8156
6398
6687
6688
8159
6400
6690
6691
8157
6399
6693
8164
6400
6694
6695
8157
6404
6696
6697
6419
6699
6700
6702
6703
6705
6706
8158
6407
6708
6709
8162
6409
6711
6712
8160
6714
6715
8159
6408
6717
6718
8165
6409
6720
6721
8160
6413
6723
6724
6423
6726
6727
6729
6730
6732
6733
8161
6416
6735
6736
8286
6418
6738
6739
8163
6741
6742
8162
6417
6744
6745
8168
6418
6747
6748
8163
6750
6751
7019
6429
6753
6754
6756
6757
6759
6760
8164
6422
6762
6763
8166
6765
6766
7757
6426
6768
6770
6771
8165
6773
6774
8169
6428
6776
6777
8167
6779
8166
6428
6780
8167
6782
6783
6784
8168
6433
6520
7199
7200
6442
6522
7202
7203
6521
6523
7205
7206
6525
7208
7209
6527
7211
7212
8170
6526
6529
7214
7215
6439
6532
7217
7218
6448
6534
7220
7221
6533
6536
7223
7224
6539
7226
7227
6541
7229
7230
8173
6540
6543
7232
7233
6444
6548
7202
6444
6550
8171
6549
6552
6447
6451
6555
6447
6463
6558
6557
6559
6450
6562
7220
6450
6565
8174
6564
6567
6453
6571
6453
6574
8176
6573
6576
6456
6457
6580
6456
6466
6583
6582
6585
6459
6595
6459
6598
8179
6597
6600
6462
6604
7047
6462
6475
6607
6606
6609
6465
6465
6613
8177
6468
6615
6468
6618
8180
6617
6620
6471
6624
6471
6627
8185
6626
6629
6474
6478
6633
6474
6487
6636
6635
6638
6477
6642
6477
6645
8183
6644
6647
6480
6651
6480
6654
8187
6653
6656
6483
6484
6660
6483
6493
6663
6662
6665
6486
6669
6486
6672
8190
6671
6674
6489
6684
6489
6687
8188
6686
6689
6492
6496
6696
6492
6511
6699
6698
6701
6495
6705
6495
6708
8191
6707
6710
6498
6714
6498
6717
8193
6716
6719
6501
6505
6723
6501
6514
6726
6725
6728
6504
6732
7385
7389
6504
6735
7385
8326
6734
6737
6507
6741
6507
6744
8196
6743
6746
6510
6750
7022
6510
6517
6753
6752
6755
6513
6759
6513
6762
8194
6761
6764
6516
6770
6516
6773
8197
6772
6775
6519
6783
6519
6786
8289
6785
6787
6525
6831
6832
6524
6834
6835
6548
7235
7236
6524
7238
7239
6841
6842
6844
6845
6531
6847
6848
7241
7242
8199
6530
6535
7244
7245
6531
7247
7248
6537
6856
6857
6859
6860
6539
6862
6863
6538
6865
6866
6562
7250
7251
6537
7253
7254
6538
7256
7257
6874
6875
6877
6878
6880
6881
6545
6883
6884
7259
7260
8208
6544
6546
7262
7263
6545
7265
7266
6547
6892
6893
6895
6896
6547
7268
7269
6901
6902
6549
7235
6554
6552
8202
6552
6553
6556
6554
6554
6560
6557
6571
6557
6560
6561
6559
6561
6561
6564
7250
6564
6568
8200
6570
6567
8211
6567
6569
6581
6570
6570
8205
6570
6586
6573
6573
6577
8203
6579
6576
8217
6576
6578
6584
6579
6579
8206
6579
6587
6582
6595
6582
6586
6588
6585
6615
6585
6587
6588
6588
6588
6591
7044
7051
7332
6591
6592
8209
6594
7046
6594
8214
6594
6610
7054
7055
6597
6597
6601
8212
6603
6600
8226
6600
6602
6608
6603
6603
8215
6603
6611
6606
7056
6606
6610
7054
6612
6609
6642
6609
6611
6612
6612
6612
8220
6624
6617
6617
6621
8218
6623
6620
8229
6620
6622
6634
6623
6623
8223
6623
6639
6626
6626
6630
8221
6632
6629
8241
6629
6631
6637
6632
6632
8224
6632
6640
6635
6651
6635
6639
6641
6638
6684
6638
6640
6641
6641
6641
6644
6644
6648
8227
6650
6647
8235
6647
6649
6661
6650
6650
8232
6650
6666
6653
6653
6657
8230
6659
6656
8248
6656
6658
6664
6659
6659
8233
6659
6667
6662
6669
6662
6666
6668
6665
6705
6665
6667
6668
6668
6668
6671
6671
6675
8236
6677
6674
8257
6674
6676
6679
6677
6677
8239
6677
6682
6680
6732
7389
6680
6682
6683
7390
6683
7392
7395
6683
7396
6686
6686
6690
8242
6692
6689
8251
6689
6691
6697
6692
6692
8245
6692
6702
6695
6700
8246
6703
6698
6714
6698
6702
6704
6701
6759
6701
6703
6704
6704
6704
6707
6707
6711
8249
6713
6710
8260
6710
6712
6724
6713
6713
8254
6713
6729
6716
6716
6720
8252
6722
6719
8267
6719
6721
6727
6722
6722
8255
6722
6730
6725
6741
6725
6729
6731
6728
6770
6728
6730
6731
6731
6731
6734
6734
6738
8258
6740
6737
8291
6737
6739
6751
6740
6740
8263
6740
6756
6743
6743
6747
8261
6749
6746
8276
6746
6748
6754
6749
6749
8264
6749
6757
6752
7025
6752
6756
6758
6755
6783
6755
6757
6758
6758
6758
6761
6761
6765
8266
6767
6764
8270
6764
6766
6768
6767
6767
8035
6767
6769
6769
6772
6772
6776
8268
6778
6775
8279
6775
6777
6781
6778
6778
8273
6778
6782
6780
8271
8274
6782
6785
6785
6788
8277
6789
6787
8297
6789
6789
8282
6791
6808
6906
6907
6810
6911
6912
6793
6837
6918
6839
6922
6923
6795
6814
6929
6930
6816
6934
6935
6797
6851
6943
6944
6854
6950
6951
6799
6820
6957
6958
6822
6962
6963
6801
6869
6971
6972
6872
6978
6979
6803
6826
6985
6986
6828
6990
6991
6805
6887
6999
7000
6890
7006
7007
7013
7014
7078
7317
6809
6813
7175
7200
7201
6810
7271
7272
6812
7177
7272
7273
7274
7275
6812
6838
7203
7206
7207
7204
7275
7276
6815
7178
7209
7210
6816
7277
7278
6818
7180
7278
7279
7280
7281
6818
6853
7212
7215
7216
7213
7281
7282
6821
6825
7181
7218
7219
6822
7283
7284
6824
7183
7284
7285
7286
7287
6824
6871
7221
7224
7225
7222
7287
7288
6827
7184
7227
7228
6828
7289
7290
6830
7186
7290
7291
7292
7293
6830
6889
7230
7233
7234
7231
7293
7294
6833
6844
6904
6833
6906
7199
6905
6908
6836
6911
7205
6836
6841
6914
6913
6915
6839
7295
6840
7236
7239
7240
7296
7297
7237
7297
7298
6843
6920
6843
6922
7238
6921
6924
6846
6927
6846
6929
7208
6928
6931
6849
6934
7214
6849
6859
6937
6936
6938
6852
6868
7188
7245
7246
6854
7299
7300
6855
7189
7300
7301
6855
7242
7248
7249
7302
7303
7243
7303
7304
6858
6874
6941
6858
6943
7244
6942
6945
6861
6948
6861
6950
7247
6949
6952
6864
6880
6955
6864
6957
7217
6956
6959
6867
6962
7223
6867
6877
6965
6964
6966
6870
7191
7254
7255
6872
7305
7306
6873
7192
7306
7307
6873
7251
7257
7258
7308
7309
7252
7309
7310
6876
6969
6876
6971
7253
6970
6973
6879
6976
6879
6978
7256
6977
6980
6882
6983
6882
6985
7226
6984
6987
6885
6990
7232
6885
6895
6993
6992
6994
6888
6898
7194
7263
7264
6890
7311
7312
6891
7195
7312
7313
6891
7260
7266
7267
7314
7315
7261
7315
7316
6894
6901
6997
6894
6999
7262
6998
7001
6897
7004
6897
7006
7265
7005
7008
6900
7198
7269
7270
6900
7094
7317
7319
7095
7196
7319
6903
7011
6903
7013
7268
7012
7015
6905
6927
8930
6910
9029
6908
7271
6908
6909
6912
6910
6910
6916
8933
9032
6913
7274
6913
6916
6917
6915
6920
8936
6917
9035
6917
8939
9038
6919
6923
6925
8942
6921
8945
6926
9041
6924
7296
6924
6925
6926
6926
8948
9044
6928
8951
6933
9047
6931
7277
6931
6932
6935
6933
6933
6939
8954
9050
6936
7280
6936
6939
6940
6938
6948
8957
6940
9053
6940
8960
9056
6942
6969
8963
6947
9059
6945
7299
6945
6946
6951
6947
6947
6953
8966
9062
6949
8969
6954
9065
6952
7302
6952
6953
6954
6954
8972
9068
6956
6983
8975
6961
9071
6959
7283
6959
6960
6963
6961
6961
6967
8978
9074
6964
7286
6964
6967
6968
6966
6976
8981
6968
9077
6968
8984
9080
6970
8987
6975
9083
6973
7305
6973
6974
6979
6975
6975
6981
8990
9086
6977
8993
6982
9089
6980
7308
6980
6981
6982
6982
8996
9092
6984
8999
6989
9095
6987
7289
6987
6988
6991
6989
6989
6995
9002
9098
6992
7292
6992
6995
6996
6994
7004
9005
6996
9101
6996
9008
9104
6998
7011
9011
7003
9107
7001
7311
7001
7002
7007
7003
7003
7009
9014
9110
7005
9017
7010
9113
7008
7314
7008
7009
7010
7010
9020
9116
7012
9023
7017
9119
7015
7318
7015
7016
7140
7017
7017
7142
9026
9122
7022
7023
8285
7025
7026
8286
7028
7029
8287
7031
7032
8324
7024
7025
7024
7028
8288
7027
7030
7027
7027
7031
8292
7033
7030
8294
7030
7032
7033
7033
8332
7033
7065
7084
7320
7322
7044
7045
7320
7321
8301
7047
7048
8137
7053
7054
8303
7056
7057
8303
7059
7060
7405
8305
7062
7063
7406
8304
7067
7075
7323
7324
7044
7051
7326
7327
7050
7329
7330
8321
7046
7326
7046
7053
8307
7055
7049
7056
7049
7059
8182
7058
7061
7052
7090
7091
7332
7334
7096
7097
8321
7055
8312
7055
7058
7058
7062
8313
7064
7061
8318
7061
7063
7435
7064
7064
8316
7064
7438
7099
7338
7340
7341
7343
7354
8302
7079
7344
7345
7069
7072
7351
7352
7074
7105
7106
7348
7354
7355
8309
7073
7357
7358
7456
7074
7360
7361
7114
7115
7458
7117
7118
7079
7122
7123
7077
7085
7125
7126
7087
7130
7131
7139
7140
7369
7146
7147
7081
7100
7149
7150
7102
7154
7155
7083
7109
7163
7164
7112
7170
7171
7086
7099
7324
7325
7087
7363
7364
7089
7322
7364
7365
7366
7367
7089
7093
7327
7330
7331
7328
7367
7368
7092
7130
7329
7092
7096
7133
7132
7134
7095
7334
7336
7337
7095
7369
7371
7333
7371
7098
7137
7098
7139
7335
7138
7141
7101
7345
7346
7102
7372
7373
7104
7340
7373
7374
7375
7376
7104
7111
7349
7352
7353
7350
7376
7377
7107
7154
7351
7107
7117
7157
7156
7158
7110
7342
7358
7359
7476
7112
7378
7379
7113
7343
7379
7380
7113
7355
7361
7362
7381
7382
7356
7382
7383
7116
7161
7482
7116
7163
7357
7162
7165
7119
7168
7119
7170
7360
7169
7172
7121
7122
7144
9125
7124
7129
9167
7124
7146
7124
7125
7323
7127
7127
7363
7127
7128
7131
7129
7129
7135
9128
9170
7132
7366
7132
7135
7136
7134
7137
9131
7136
9173
7136
9134
9176
7138
9137
7143
9179
7141
7370
7141
7142
7143
7143
9140
9182
7145
7146
9143
7148
7153
9185
7148
7148
7149
7344
7151
7151
7372
7151
7152
7155
7153
7153
7159
9146
9188
7156
7375
7156
7159
7160
7158
7168
9149
7160
9191
7160
9152
9194
7162
7502
9155
7167
9197
7165
7378
7165
7166
7171
7167
7167
7173
9158
9200
7169
9161
7174
9203
7172
7381
7172
7173
7174
7174
9164
9206
7177
7178
7177
7202
7204
7180
7180
7211
8133
7213
7183
7184
7183
7220
7222
7186
7186
7229
8134
7231
7189
7241
8142
7189
7191
7243
7192
7250
7192
7252
7195
7259
8145
7195
7198
7261
7198
7333
7198
7201
7271
7201
7209
7273
7204
7204
7236
7207
7274
7207
7239
7276
7210
7277
7210
7279
7213
8170
7213
7242
7216
7280
7216
7248
7282
7219
7283
7219
7227
7285
7222
7222
7251
7225
7286
7225
7257
7288
7228
7289
7228
7291
7231
8173
7231
7260
7234
7292
7234
7266
7294
7237
7237
7240
7296
7240
7298
7243
8199
7243
7246
7299
7246
7254
7301
7249
7302
7249
7304
7252
7252
7255
7305
7255
7307
7258
7308
7258
7310
7261
8208
7261
7264
7311
7264
7269
7313
7267
7314
7267
7316
7270
7318
7270
7319
7273
7273
7275
7276
7276
7279
7279
7281
7282
7282
7285
7285
7287
7288
7288
7291
7291
7293
7294
7294
7297
7298
7298
7301
7301
7303
7304
7304
7307
7307
7309
7310
7310
7313
7313
7315
7316
7316
7318
7369
7319
7321
7338
7322
7326
7328
7325
7363
7325
7345
7365
7328
7328
7334
7331
7366
7331
7336
7368
7333
7334
7337
7370
8321
7337
8321
7371
7339
8301
7340
7347
8301
7350
7342
7449
8302
7343
7614
7356
7346
7372
7346
7374
7348
7350
8306
7349
8306
7350
7355
7353
7375
7353
7361
7377
7356
8309
7356
7359
7378
7359
7629
7380
7362
7381
7362
7383
7365
7365
7367
7368
7368
7370
7371
7374
7374
7376
7377
7377
7380
7380
7382
7383
7383
7385
7388
7389
7573
8322
7391
7392
8155
7394
7395
7409
7574
7390
7394
7576
7390
7396
7393
7444
8238
7393
7447
7445
7448
7396
7583
7396
7447
7410
7411
7609
7611
8338
7399
7400
7413
7414
7416
7417
8347
7419
7420
8347
7422
7423
7449
7613
8302
7404
7425
7426
8334
7406
7428
7429
8304
7407
7431
7432
7408
7434
7435
7437
7438
7440
7441
8334
7443
7444
8305
7446
7447
8348
7412
7422
7451
7619
7412
7425
8341
7424
7427
7415
7416
7431
7415
7419
7434
7433
7436
7418
7440
7418
7579
8349
7442
7580
7421
7443
7421
7446
8350
7445
7448
7424
7455
7625
7424
7428
8310
7430
7427
8335
7427
7429
7432
7430
7430
8315
7430
7437
7433
7440
7433
7437
7439
7436
7443
7436
7438
7439
7439
7439
7442
7442
7581
8336
7582
7445
7445
8319
7448
8354
7448
7613
7614
7453
7517
7616
7617
7619
7620
7625
7454
7457
7622
7623
7470
7471
7520
7459
7473
7474
7613
7625
7627
7458
7628
7629
7459
7631
7632
7482
7483
7485
7486
7461
7465
7490
7491
7467
7495
7496
7463
7477
7504
7505
7480
7511
7512
7466
7540
7610
7616
7618
7467
7634
7635
7469
7612
7635
7636
7637
7638
7469
7479
7620
7623
7624
7621
7638
7639
7472
7488
7546
7472
7490
7617
7489
7492
7475
7495
7622
7475
7485
7498
7497
7499
7478
7614
7629
7630
7480
7640
7641
7481
7615
7641
7642
7481
7626
7632
7633
7643
7644
7627
7644
7645
7484
7502
7484
7504
7628
7503
7506
7487
7509
7487
7511
7631
7510
7513
7489
7558
9209
7494
9233
7492
7634
7492
7493
7496
7494
7494
7500
9212
9236
7497
7637
7497
7500
7501
7499
7509
9215
7501
9239
7501
9218
9242
7503
9221
7508
9245
7506
7640
7506
7507
7512
7508
7508
7514
9224
9248
7510
9227
7515
9251
7513
7643
7513
7514
7515
7515
9230
9254
7650
7652
7662
8339
7520
7653
7654
7648
7656
7658
8340
7521
7524
7659
7660
7546
7547
7526
7549
7550
7656
7662
7663
8343
7525
7527
7591
7592
7526
7665
7666
7528
7552
8444
7554
7555
7528
7594
7595
7557
8447
7530
7541
7560
7561
7543
7564
7565
7533
7539
7591
7593
7651
7535
7537
7597
7598
7536
7598
7599
7652
7536
7544
7663
7665
7667
7538
7600
7601
7601
7602
7664
7538
7567
7568
7570
7571
7594
7596
7542
7647
7653
7655
7543
7603
7604
7545
7604
7605
7649
7606
7607
7545
7657
7660
7661
7607
7608
7658
7548
7558
7548
7560
7654
7559
7562
7551
7564
7659
7551
7554
8450
7566
8453
7553
7567
7592
7569
9260
7556
8456
7556
7570
7666
7572
8459
7595
8462
7559
9257
7563
9263
7562
7603
7562
7565
8465
7563
9266
7566
7606
7566
8468
8471
7569
7597
7569
7571
8474
8477
7572
7600
7572
8480
8483
7576
7577
8322
7583
7584
8348
7586
7587
8323
7578
7583
7578
7586
8325
7585
7588
7580
8352
7582
7582
8345
7585
7585
7589
8355
7590
7588
8328
7588
7590
7590
8357
7593
7594
7593
7597
7599
7596
7596
7599
7599
7601
7602
7666
7602
7667
7605
7654
7605
7607
7655
7608
7659
7608
7661
7610
7611
7646
7612
7647
7612
7619
7621
7615
7615
7627
7618
7653
7618
7634
7636
7621
7621
7626
7624
7637
7624
7632
7639
7626
7627
7630
7640
7630
7642
7633
7643
7633
7645
7636
7636
7638
7639
7639
7642
7642
7644
7645
7645
7647
7648
8338
7649
7649
8338
7658
7651
8339
7652
7664
7655
7655
7657
8340
7658
7663
7661
7661
7665
7664
8343
7664
7667
7667
7772
7773
7775
7776
7778
7779
7781
7782
7787
7788
7790
7791
7793
7794
7796
7797
7802
7803
7805
7806
7808
7809
7811
7812
7814
8185
7818
7819
7821
7822
7824
7825
7827
7828
7830
7831
7836
7837
7839
7840
7842
7843
7845
7846
7848
7849
7854
7855
7857
7858
7860
7861
7863
7864
7866
7867
7869
7870
7872
7873
7875
7876
7878
7879
7881
7882
7884
7885
7887
7888
7890
7891
7893
7894
7899
7900
7902
7903
7905
7906
7908
7909
7911
7912
7914
7915
7917
7918
7920
7921
7923
7924
7926
7927
7929
7930
7932
7933
7935
7936
7938
7939
7944
7945
7947
7948
7950
7951
7953
7954
7956
7957
7959
7960
7962
7963
7965
7966
7968
7969
7971
7972
7974
7975
7977
7978
7980
7981
7983
7984
7985
7986
7991
7992
7994
7995
7997
7998
8000
8001
8003
8004
8006
8007
8009
8010
8012
8013
8015
8016
8018
8019
8021
8022
8024
8025
8027
8028
8032
8033
8035
8036
8038
8039
8044
8045
8047
8048
8050
8051
8053
8054
8056
8057
8059
8060
8062
8063
8065
8066
8071
7848
8073
8074
7851
7850
7853
8076
8077
7774
7857
7774
7860
7859
7862
7777
7866
7777
7869
7868
7871
7780
7875
7780
7878
7877
7880
7783
7884
7783
7887
7886
7889
7893
8079
8080
7896
7895
7898
8082
8083
7789
7902
7789
7905
7904
7907
7792
7911
7792
7914
7913
7916
7795
7920
7795
7923
7922
7925
7798
7929
7798
7932
7931
7934
7938
8085
8086
7941
7940
7943
8088
8089
7804
7947
7804
7950
7949
7952
7807
7956
7807
7959
7958
7961
7810
7965
7810
7968
7967
7970
7813
7974
7813
7977
7976
7979
7983
8186
7985
8091
8092
7988
7987
7990
8094
8095
7820
7994
7820
7997
7996
7999
7823
8003
7823
8006
8005
8008
7826
8012
7826
8015
8014
8017
7829
8021
7829
8024
8023
8026
7832
8030
7832
8032
8031
8034
8038
8097
8098
8041
8040
8043
8100
8101
7838
8047
7838
8050
8049
8052
7841
8056
7841
8059
8058
8061
7844
8065
7844
8068
8067
8069
7847
8071
7847
7850
8074
7850
7854
7856
8076
7855
8103
8104
7856
8106
8107
7856
7856
8104
8107
7859
7859
7863
7865
7862
7862
7864
7865
7865
7865
7868
7868
7872
7874
7871
7871
7873
7874
7874
7874
7877
7877
7881
7883
7880
7880
7882
7883
7883
7883
7886
7886
7890
7892
7889
7889
7891
7892
7892
7892
7895
8080
7895
7899
7901
8082
7900
8109
8110
7901
8112
8113
7901
7901
8110
8113
7904
7904
7908
7910
7907
7907
7909
7910
7910
7910
7913
7913
7917
7919
7916
7916
7918
7919
7919
7919
7922
7922
7926
7928
7925
7925
7927
7928
7928
7928
7931
7931
7935
7937
7934
7934
7936
7937
7937
7937
7940
8086
7940
7944
7946
8088
7945
8115
8116
7946
8118
8119
7946
7946
8116
8119
7949
7949
7953
7955
7952
7952
7954
7955
7955
7955
7958
7958
7962
7964
7961
7961
7963
7964
7964
7964
7967
7967
7971
7973
7970
7970
7972
7973
7973
7973
7976
7976
7980
7982
7979
7979
7981
7982
7982
7982
8244
8244
8246
7987
8092
7987
7991
7993
8094
7992
8121
8122
7993
8124
8125
7993
7993
8122
8125
7996
7996
8000
8002
7999
7999
8001
8002
8002
8002
8005
8005
8009
8011
8008
8008
8010
8011
8011
8011
8014
8014
8018
8020
8017
8017
8019
8020
8020
8020
8023
8023
8027
8029
8026
8026
8028
8029
8029
8029
8031
8164
8037
8266
8034
8034
8036
8037
8037
8266
8037
8040
8098
8040
8044
8046
8100
8045
8127
8128
8046
8130
8131
8046
8046
8128
8131
8049
8049
8053
8055
8052
8052
8054
8055
8055
8055
8058
8058
8062
8064
8061
8061
8063
8064
8064
8064
8067
8067
8070
8069
8070
8443
8075
8075
8076
8078
8078
8078
8106
8081
8081
8082
8084
8084
8084
8112
8087
8087
8088
8090
8090
8090
8118
8093
8093
8094
8096
8096
8096
8124
8099
8099
8100
8102
8102
8102
8130
8105
8105
8107
8108
8108
8108
8111
8111
8113
8114
8114
8114
8117
8117
8119
8120
8120
8120
8123
8123
8125
8126
8126
8126
8129
8129
8131
8132
8132
8132
8170
8171
8173
8174
8176
8177
8179
8180
8182
8183
8187
8188
8190
8191
8193
8194
8196
8197
8199
8200
8202
8203
8205
8206
8208
8209
8211
8212
8214
8215
8217
8218
8220
8221
8223
8224
8226
8227
8229
8230
8232
8233
8235
8236
8238
8239
8241
8242
8245
8246
8248
8249
8251
8252
8254
8255
8257
8258
8260
8261
8263
8264
8266
8267
8268
8270
8271
8273
8274
8276
8277
8279
8280
8172
8199
8172
8202
8201
8204
8175
8208
8175
8211
8210
8213
8178
8217
8178
8220
8219
8222
8181
8226
8181
8229
8228
8231
8184
8318
8184
8235
8237
8320
8186
8241
8243
8244
8189
8248
8189
8251
8250
8253
8192
8257
8192
8260
8259
8262
8195
8267
8195
8270
8269
8272
8198
8276
8198
8279
8278
8281
8201
8201
8205
8207
8204
8204
8206
8207
8207
8207
8210
8210
8214
8216
8213
8213
8215
8216
8216
8216
8219
8219
8223
8225
8222
8222
8224
8225
8225
8225
8228
8228
8232
8234
8231
8231
8233
8234
8234
8234
8237
8237
8239
8240
8240
8319
8240
8320
8243
8243
8245
8247
8247
8247
8247
8250
8250
8254
8256
8253
8253
8255
8256
8256
8256
8259
8259
8263
8265
8262
8262
8264
8265
8265
8265
8269
8269
8273
8275
8272
8272
8274
8275
8275
8275
8278
8278
8282
8284
8281
8281
8283
8284
8284
8284
8288
8289
8291
8292
8294
8295
8290
8294
8290
8297
8296
8298
8293
8326
8293
8332
8327
8333
8296
8296
8299
8300
8298
8300
8300
8306
8307
8309
8310
8312
8313
8315
8316
8318
8319
8308
8309
8308
8312
8311
8314
8311
8311
8315
8317
8314
8314
8316
8317
8317
8317
8320
8320
8325
8326
8328
8329
8331
8332
8327
8328
8327
8330
8330
8330
8331
8333
8333
8333
8335
8336
8337
8341
8337
8345
8342
8346
8340
8341
8343
8342
8343
8342
8344
8344
8346
8346
8349
8350
8354
8355
8351
8352
8351
8354
8353
8356
8353
8358
8356
8356
8357
8358
8358
8368
8397
8361
8398
8399
8363
8400
8401
8365
8402
8403
8367
8404
8405
8436
8370
8407
8408
8372
8409
8410
8374
8411
8412
8376
8413
8414
8378
8415
8416
8388
8417
8389
8418
8390
8419
8391
8420
8392
8421
8393
8422
8394
8423
8395
8424
8396
8425
8427
8428
8429
8430
8431
8432
8433
8434
8435
8417
8418
8419
8420
8421
8422
8423
8424
8425
8426
8442
8427
8428
8429
8430
8431
8432
8433
8434
8435
8438
8437
8443
8439
8440
8441
8440
8705
8441
8706
8707
8443
8445
8447
9260
8446
8448
9261
8449
9262
8448
8462
8449
8463
8464
8451
8453
8456
8452
8454
8457
8455
8458
8454
8471
8455
8472
8473
8457
8459
8458
8460
8461
8460
8483
8461
8484
8485
8463
8464
8466
8468
9266
8467
8469
9267
8470
9268
8469
8471
8470
8472
8473
8472
8473
8475
8477
8480
8476
8478
8481
8479
8482
8478
9260
8479
9261
9262
8481
8483
8482
8484
8485
8484
8485
8487
8705
8708
8488
8706
8709
8707
8710
8490
8495
8711
8491
8496
8712
8497
8713
8493
8504
8714
8494
8505
8715
8506
8716
8496
8717
8497
8718
8719
8499
8522
8720
8500
8523
8721
8524
8722
8502
8507
8723
8503
8508
8724
8509
8725
8505
8726
8506
8727
8728
8508
8729
8509
8730
8731
8511
8534
8732
8512
8535
8733
8536
8734
8514
8519
8735
8515
8520
8736
8521
8737
8517
8528
8738
8518
8529
8739
8530
8740
8520
8741
8521
8742
8743
8523
8744
8524
8745
8746
8526
8531
8747
8527
8532
8748
8533
8749
8529
8750
8530
8751
8752
8532
8753
8533
8754
8755
8535
8756
8536
8757
8758
8538
8543
8759
8539
8544
8760
8545
8761
8541
8552
8762
8542
8553
8763
8554
8764
8544
8765
8545
8766
8767
8547
8570
8768
8548
8571
8769
8572
8770
8550
8555
8771
8551
8556
8772
8557
8773
8553
8774
8554
8775
8776
8556
8777
8557
8778
8779
8559
8582
8780
8560
8583
8781
8584
8782
8562
8567
8783
8563
8568
8784
8569
8785
8565
8576
8786
8566
8577
8787
8578
8788
8568
8789
8569
8790
8791
8571
8792
8572
8793
8794
8574
8579
8795
8575
8580
8796
8581
8797
8577
8798
8578
8799
8800
8580
8801
8581
8802
8803
8583
8804
8584
8805
8806
8586
8591
8807
8587
8592
8808
8593
8809
8589
8600
8810
8590
8601
8811
8602
8812
8592
8813
8593
8814
8815
8595
8618
8816
8596
8619
8817
8620
8818
8598
8603
8819
8599
8604
8820
8605
8821
8601
8822
8602
8823
8824
8604
8825
8605
8826
8827
8607
8630
8828
8608
8631
8829
8632
8830
8610
8615
8831
8611
8616
8832
8617
8833
8613
8624
8834
8614
8625
8835
8626
8836
8616
8837
8617
8838
8839
8619
8840
8620
8841
8842
8622
8627
8843
8623
8628
8844
8629
8845
8625
8846
8626
8847
8848
8628
8849
8629
8850
8851
8631
8852
8632
8853
8854
8634
8639
8855
8635
8640
8856
8641
8857
8637
8648
8858
8638
8649
8859
8650
8860
8640
8861
8641
8862
8863
8643
8666
8864
8644
8667
8865
8668
8866
8646
8651
8867
8647
8652
8868
8653
8869
8649
8870
8650
8871
8872
8652
8873
8653
8874
8875
8655
8678
8876
8656
8679
8877
8680
8878
8658
8663
8879
8659
8664
8880
8665
8881
8661
8672
8882
8662
8673
8883
8674
8884
8664
8885
8665
8886
8887
8667
8888
8668
8889
8890
8670
8675
8891
8671
8676
8892
8677
8893
8673
8894
8674
8895
8896
8676
8897
8677
8898
8899
8679
8900
8680
8901
8902
8682
8687
8903
8683
8688
8904
8689
8905
8685
8696
8906
8686
8697
8907
8698
8908
8688
8909
8689
8910
8911
8691
8702
8912
8692
8703
8913
8704
8914
8694
8699
8915
8695
8700
8916
8701
8917
8697
8918
8698
8919
8920
8700
8921
8701
8922
8923
8703
8924
8704
8925
8926
8706
8707
8709
8711
8710
8712
8713
8712
8713
8715
8717
8716
8718
8719
8718
8719
8721
8723
8722
8724
8725
8724
8725
8727
8729
8728
8730
8731
8730
8731
8733
8735
8734
8736
8737
8736
8737
8739
8741
8740
8742
8743
8742
8743
8745
8747
8746
8748
8749
8748
8749
8751
8753
8752
8754
8755
8754
8755
8757
8759
8758
8760
8761
8760
8761
8763
8765
8764
8766
8767
8766
8767
8769
8771
8770
8772
8773
8772
8773
8775
8777
8776
8778
8779
8778
8779
8781
8783
8782
8784
8785
8784
8785
8787
8789
8788
8790
8791
8790
8791
8793
8795
8794
8796
8797
8796
8797
8799
8801
8800
8802
8803
8802
8803
8805
8807
8806
8808
8809
8808
8809
8811
8813
8812
8814
8815
8814
8815
8817
8819
8818
8820
8821
8820
8821
8823
8825
8824
8826
8827
8826
8827
8829
8831
8830
8832
8833
8832
8833
8835
8837
8836
8838
8839
8838
8839
8841
8843
8842
8844
8845
8844
8845
8847
8849
8848
8850
8851
8850
8851
8853
8855
8854
8856
8857
8856
8857
8859
8861
8860
8862
8863
8862
8863
8865
8867
8866
8868
8869
8868
8869
8871
8873
8872
8874
8875
8874
8875
8877
8879
8878
8880
8881
8880
8881
8883
8885
8884
8886
8887
8886
8887
8889
8891
8890
8892
8893
8892
8893
8895
8897
8896
8898
8899
8898
8899
8901
8903
8902
8904
8905
8904
8905
8907
8909
8908
8910
8911
8910
8911
8913
8915
8914
8916
8917
8916
8917
8919
8921
8920
8922
8923
8922
8923
8925
8927
8926
8928
8929
8928
8942
8929
8943
8944
8931
8951
9029
8932
8952
9030
8953
9031
8934
8939
9032
8935
8940
9033
8941
9034
8937
8945
9035
8938
8946
9036
8947
9037
8940
9038
8941
9039
9040
8943
8948
8944
8949
8950
8946
9041
8947
9042
9043
8949
9044
8950
9045
9046
8952
9047
8953
9048
9049
8955
8960
9050
8956
8961
9051
8962
9052
8958
8969
9053
8959
8970
9054
8971
9055
8961
9056
8962
9057
9058
8964
8987
9059
8965
8988
9060
8989
9061
8967
8972
9062
8968
8973
9063
8974
9064
8970
9065
8971
9066
9067
8973
9068
8974
9069
9070
8976
8999
9071
8977
9000
9072
9001
9073
8979
8984
9074
8980
8985
9075
8986
9076
8982
8993
9077
8983
8994
9078
8995
9079
8985
9080
8986
9081
9082
8988
9083
8989
9084
9085
8991
8996
9086
8992
8997
9087
8998
9088
8994
9089
8995
9090
9091
8997
9092
8998
9093
9094
9000
9095
9001
9096
9097
9003
9008
9098
9004
9009
9099
9010
9100
9006
9017
9101
9007
9018
9102
9019
9103
9009
9104
9010
9105
9106
9012
9023
9107
9013
9024
9108
9025
9109
9015
9020
9110
9016
9021
9111
9022
9112
9018
9113
9019
9114
9115
9021
9116
9022
9117
9118
9024
9119
9025
9120
9121
9027
9122
9140
9028
9123
9141
9124
9142
9030
9032
9031
9033
9034
9033
9034
9036
9038
9037
9039
9040
9039
9040
9042
9044
9043
9045
9046
9045
9046
9048
9050
9049
9051
9052
9051
9052
9054
9056
9055
9057
9058
9057
9058
9060
9062
9061
9063
9064
9063
9064
9066
9068
9067
9069
9070
9069
9070
9072
9074
9073
9075
9076
9075
9076
9078
9080
9079
9081
9082
9081
9082
9084
9086
9085
9087
9088
9087
9088
9090
9092
9091
9093
9094
9093
9094
9096
9098
9097
9099
9100
9099
9100
9102
9104
9103
9105
9106
9105
9106
9108
9110
9109
9111
9112
9111
9112
9114
9116
9115
9117
9118
9117
9118
9120
9122
9121
9123
9124
9123
9124
9126
9143
9167
9127
9144
9168
9145
9169
9129
9134
9170
9130
9135
9171
9136
9172
9132
9137
9173
9133
9138
9174
9139
9175
9135
9176
9136
9177
9178
9138
9179
9139
9180
9181
9141
9182
9142
9183
9184
9144
9185
9145
9186
9187
9147
9152
9188
9148
9153
9189
9154
9190
9150
9161
9191
9151
9162
9192
9163
9193
9153
9194
9154
9195
9196
9156
9197
9221
9157
9198
9222
9199
9223
9159
9164
9200
9160
9165
9201
9166
9202
9162
9203
9163
9204
9205
9165
9206
9166
9207
9208
9168
9170
9169
9171
9172
9171
9172
9174
9176
9175
9177
9178
9177
9178
9180
9182
9181
9183
9184
9183
9184
9186
9188
9187
9189
9190
9189
9190
9192
9194
9193
9195
9196
9195
9196
9198
9200
9199
9201
9202
9201
9202
9204
9206
9205
9207
9208
9207
9208
9210
9233
9257
9211
9234
9258
9235
9259
9213
9218
9236
9214
9219
9237
9220
9238
9216
9227
9239
9217
9228
9240
9229
9241
9219
9242
9220
9243
9244
9222
9245
9223
9246
9247
9225
9230
9248
9226
9231
9249
9232
9250
9228
9251
9229
9252
9253
9231
9254
9232
9255
9256
9234
9236
9235
9237
9238
9237
9238
9240
9242
9241
9243
9244
9243
9244
9246
9248
9247
9249
9250
9249
9250
9252
9254
9253
9255
9256
9255
9256
9258
9263
9259
9264
9265
9261
9262
9264
9266
9265
9267
9268
9267
9268
)


// ************************************************************************* //
