/*--------------------------------*- C++ -*----------------------------------*\
  =========                 |
  \\      /  F ield         | OpenFOAM: The Open Source CFD Toolbox
   \\    /   O peration     | Website:  https://openfoam.org
    \\  /    A nd           | Version:  13
     \\/     M anipulation  |
\*---------------------------------------------------------------------------*/
FoamFile
{
    format      ascii;
    class       labelList;
    note        "nPoints: 19686 nCells: 9124 nFaces: 37213 nInternalFaces: 18056";
    location    "constant/polyMesh";
    object      neighbour;
}
// * * * * * * * * * * * * * * * * * * * * * * * * * * * * * * * * * * * * * //


18056
(
17
467
78
452
566
104
275
453
20
21
455
541
23
24
543
567
7
11
26
27
276
29
30
457
542
32
33
544
570
10
14
35
36
285
38
39
459
8169
41
42
545
573
276
277
544
17
279
280
577
15
18
282
283
285
286
545
288
289
546
149
291
292
297
576
577
294
295
546
120
150
297
299
22
462
547
22
26
551
28
549
25
548
25
27
556
582
28
549
28
32
28
46
300
31
464
550
31
35
554
37
552
34
551
34
36
558
591
37
552
37
41
37
55
327
40
466
553
40
6568
8171
44
555
43
554
43
600
601
6569
44
555
6568
6569
49
585
586
300
301
556
52
303
304
559
54
306
307
557
309
310
53
312
313
561
54
315
316
557
58
318
319
67
321
322
324
325
327
328
558
65
330
331
345
63
333
334
560
336
337
559
62
339
340
563
63
342
343
560
151
291
345
347
71
348
349
351
352
600
602
6602
8195
435
603
604
152
603
606
8194
354
355
561
70
357
358
564
165
166
562
627
74
168
169
363
364
563
120
153
366
368
77
468
469
565
173
174
564
77
176
177
565
154
366
471
472
372
373
179
180
443
448
566
82
159
375
376
86
378
379
608
184
185
762
381
382
609
91
295
384
385
87
89
187
188
88
296
387
388
355
390
391
90
190
191
356
393
394
90
193
630
194
633
474
475
580
95
100
477
478
96
480
481
581
97
483
484
611
101
486
487
489
490
612
364
492
493
103
121
396
397
399
122
365
397
398
493
494
101
201
202
204
205
103
121
495
496
399
400
207
208
446
130
181
402
403
112
378
498
499
131
212
213
636
133
380
501
502
111
117
357
359
384
115
134
405
406
136
386
406
407
519
390
504
505
116
137
215
216
139
392
507
508
140
218
639
141
642
119
360
362
474
123
195
408
409
197
409
410
476
122
155
368
411
412
495
299
412
413
142
219
220
143
171
222
223
156
229
230
645
144
367
510
511
146
232
233
648
147
370
414
415
132
376
417
418
377
420
421
241
242
651
382
423
424
383
513
514
140
426
427
138
388
516
517
389
519
520
141
244
245
394
522
523
395
525
526
247
654
248
657
195
249
250
198
252
253
411
528
529
148
257
258
660
260
261
663
396
429
430
263
264
666
432
433
613
155
613
615
432
435
437
436
440
7017
155
441
442
441
531
532
442
6694
268
269
669
280
577
578
607
622
623
272
443
445
576
609
621
622
161
207
273
759
209
211
795
164
165
498
562
164
212
562
672
214
500
167
504
167
215
675
217
506
173
678
218
358
681
172
369
483
619
620
198
534
535
200
485
535
536
175
684
175
219
361
221
687
178
222
618
178
225
373
224
226
274
446
448
181
375
444
377
402
447
448
183
185
417
765
240
419
798
186
241
690
186
423
243
425
189
193
426
189
191
516
428
518
192
194
244
192
522
246
524
247
693
248
696
449
450
197
199
478
479
481
450
451
482
537
538
200
487
488
490
491
538
539
203
249
477
203
205
699
251
702
206
252
486
206
705
254
708
209
275
209
402
447
404
211
239
403
768
404
801
214
711
214
242
502
503
217
714
217
245
508
509
405
717
221
408
221
250
720
723
224
534
224
227
253
228
226
235
771
228
804
228
255
774
807
231
268
471
231
232
726
234
473
234
729
234
260
511
512
236
373
777
238
374
810
238
266
415
780
416
813
240
420
783
422
816
243
732
243
513
515
246
248
246
525
527
426
735
738
251
449
251
741
744
254
537
254
255
256
256
786
819
259
263
496
259
261
747
262
497
262
529
262
750
530
265
400
265
753
267
401
267
430
789
431
822
270
531
270
271
6840
533
6842
792
6867
452
467
275
756
453
566
278
300
278
303
571
302
305
281
309
281
312
311
314
284
288
318
284
294
321
320
323
287
327
287
330
574
329
332
290
336
290
339
579
338
341
293
432
293
298
348
347
350
296
354
296
385
580
356
387
298
613
299
363
365
302
302
306
583
308
305
594
305
307
319
308
308
588
308
324
311
311
315
586
317
314
607
314
316
322
317
317
589
317
325
320
336
320
324
326
323
354
323
325
326
326
326
329
329
333
592
335
332
604
332
334
346
335
335
597
335
351
338
338
342
595
344
341
610
341
343
349
344
344
598
344
352
346
435
347
351
353
350
363
350
352
353
353
353
356
356
391
608
393
359
360
359
405
407
362
564
362
408
564
410
365
365
493
611
367
441
472
368
411
510
413
371
469
470
492
371
396
414
468
470
398
494
374
414
468
374
416
377
621
377
382
418
421
380
390
499
380
381
608
383
501
383
609
383
424
514
386
474
386
387
389
389
389
394
517
520
392
505
392
393
395
507
395
395
523
526
398
429
398
412
401
429
401
496
431
404
404
420
407
407
427
410
410
450
413
528
413
416
416
430
419
423
419
421
422
422
422
425
425
514
515
428
428
519
521
431
431
434
434
438
614
437
439
436
437
603
440
439
616
6605
440
7016
7018
532
7082
7082
7163
444
452
445
621
578
623
447
453
448
451
477
451
479
461
540
456
462
463
541
458
464
465
542
460
466
7266
8169
462
547
464
550
466
553
576
470
470
619
473
531
473
510
512
476
476
480
580
482
479
479
487
482
581
482
490
485
492
485
489
611
491
488
537
488
539
491
612
491
494
494
497
528
497
530
500
504
500
501
503
503
503
513
506
506
507
509
509
509
525
512
512
529
515
515
518
522
518
520
521
521
521
524
524
526
527
527
527
530
530
533
533
7366
7368
536
618
536
538
620
539
539
547
548
550
551
553
554
567
568
570
571
573
574
579
580
549
549
552
552
555
555
582
583
588
589
591
592
594
595
597
598
607
608
624
610
611
618
619
569
582
569
585
584
587
572
591
572
594
593
596
575
601
575
604
602
605
578
578
581
610
581
612
584
584
588
590
587
587
589
590
590
590
593
593
597
599
596
596
598
599
599
599
601
7007
602
606
605
605
606
8195
609
609
622
612
612
614
615
616
617
6694
617
8186
6697
8238
620
620
623
623
625
627
672
626
628
673
629
674
628
675
629
676
677
631
633
693
632
634
694
635
695
634
696
635
697
698
637
651
711
638
652
712
653
713
640
654
717
641
655
718
656
719
643
657
714
644
658
715
659
716
646
669
726
647
670
727
671
728
649
663
729
650
664
730
665
731
652
732
653
733
734
655
735
656
736
737
658
738
659
739
740
661
666
747
662
667
748
668
749
664
750
665
751
752
667
753
668
754
755
670
792
671
793
794
673
711
674
712
713
676
714
677
715
716
679
681
684
680
682
685
683
686
682
717
683
718
719
685
687
686
688
689
688
723
689
724
725
691
732
762
692
733
763
734
764
694
735
695
736
737
697
738
698
739
740
700
702
705
701
703
706
704
707
703
744
704
745
746
706
708
707
709
710
709
819
710
820
821
712
713
715
716
718
719
721
723
741
722
724
742
725
743
724
725
727
729
728
730
731
730
731
733
734
736
737
739
740
742
744
743
745
746
745
746
748
750
749
751
752
751
752
754
822
755
823
824
757
759
758
760
761
760
795
761
796
797
763
765
764
766
767
766
798
767
799
800
769
783
801
770
784
802
785
803
772
777
804
773
778
805
779
806
775
786
807
776
787
808
788
809
778
810
779
811
812
781
789
813
782
790
814
791
815
784
816
785
817
818
787
819
788
820
821
790
822
791
823
824
793
8486
794
8487
8488
796
801
797
802
803
799
816
800
817
818
802
803
805
807
806
808
809
808
809
811
813
812
814
815
814
815
817
818
820
821
823
824
827
828
832
833
829
846
6319
6329
830
843
844
830
834
835
846
847
849
850
837
842
854
855
843
860
863
834
866
836
869
836
850
852
840
853
839
847
849
851
854
857
858
6346
6371
848
858
859
6372
841
872
853
875
6364
847
855
845
845
849
854
856
848
6387
848
6389
851
851
857
859
853
857
6346
6383
856
856
859
859
6371
861
863
862
864
865
864
866
865
867
868
867
869
868
870
871
870
872
871
873
874
873
875
874
876
877
876
6426
877
6427
6428
879
1003
1006
1026
886
1005
1030
887
888
1007
4142
890
1007
4142
4153
884
891
1008
4158
884
1008
1086
1087
892
1089
886
887
1009
1038
889
1033
889
1011
889
1004
4151
1005
891
1012
4154
1015
4159
893
4158
4166
903
1089
4167
895
904
1018
1311
896
905
1319
909
910
1018
898
902
4160
4164
900
1308
4161
900
904
1022
4161
1310
1312
906
916
917
928
903
1290
1308
1307
4164
1019
1312
909
1299
1320
921
922
929
909
915
925
926
1299
1384
911
924
925
931
911
911
933
1020
925
934
914
917
968
1521
914
1373
1524
918
1374
920
1383
1384
918
921
1404
918
950
1406
920
922
923
924
953
926
1397
923
1397
923
970
1397
926
975
926
933
994
996
4196
4894
929
949
950
969
970
932
935
973
1001
1002
934
975
976
936
994
995
934
4922
976
995
996
936
989
990
998
999
978
4365
938
943
1500
952
958
959
941
972
979
980
954
974
982
983
955
961
962
944
957
964
1503
952
966
1506
1509
4296
947
958
1533
947
948
979
1527
960
981
961
1512
951
966
969
951
968
967
1515
985
986
954
970
971
975
977
982
986
987
972
988
989
978
997
998
4295
991
992
4296
960
1539
960
982
986
984
963
979
963
964
988
965
1536
965
991
1542
967
985
1518
1530
971
985
971
987
1000
1001
974
976
995
977
983
1000
1002
977
977
998
4366
4367
981
981
983
1000
984
984
984
987
987
990
991
990
1001
993
993
993
997
4331
999
996
4365
996
999
4381
999
1002
1002
1005
1023
4508
1005
4508
4536
1023
1036
1690
1011
1012
1015
1016
1010
1011
1470
1013
1014
1472
1013
1013
1015
1017
1017
1473
1474
1017
1017
1086
1474
1019
1020
1021
1022
1021
4922
4902
4923
4887
4902
4953
4957
1029
1035
1688
1689
1026
1027
1028
1683
1030
1036
1029
1030
1031
1029
1686
1688
1032
1033
1032
1033
1037
1035
1051
1038
1035
1042
1689
1061
1683
1975
1038
1039
1051
1470
1052
1053
1470
1041
1055
1056
1092
1058
1059
1475
1043
1061
1062
1063
1046
1065
1066
1471
1048
1068
1069
1049
1071
1072
1074
1075
1102
1077
1078
1080
1081
1471
1083
1084
1290
1476
1052
1061
1054
1062
1054
1065
1472
1064
1067
1057
1058
1071
1057
1074
1117
1073
1076
1060
1080
1060
1083
1479
1082
1085
1062
1064
1064
1068
1070
1067
1473
1067
1069
1072
1070
1070
1070
1077
1073
1080
1073
1077
1079
1076
1143
1076
1078
1079
1079
1079
1082
1082
1086
1474
1088
1085
1482
1085
1087
1307
1088
1088
1088
1089
1307
1093
1098
1111
1112
1094
1114
1115
1288
1493
1117
1118
1475
1108
1120
1121
1123
1124
1293
1105
1126
1097
1099
1419
1420
1101
1239
1441
1442
1108
1132
1133
1101
1241
1242
1187
1188
1545
1272
1273
1438
1439
1143
1144
1106
1146
1147
1477
1107
1149
1150
1152
1153
1109
1155
1156
1158
1159
1161
1162
1164
1165
1477
1167
1168
1294
1478
1113
1120
1126
1113
1127
1133
1129
1116
1123
1132
1388
1491
1493
1134
1140
1253
1492
1493
1119
1143
1119
1146
1480
1145
1148
1122
1152
1122
1155
1162
1154
1157
1125
1161
1125
1167
1317
1163
1169
1152
1129
1135
1419
1421
1129
1244
1245
1420
1421
1195
1196
1548
1244
1246
1134
1161
1134
1135
1137
1425
1241
1243
1425
1427
1139
1141
1422
1423
1140
1425
1426
1250
1251
1305
1445
1491
1142
1428
1429
1253
1254
1142
1256
1257
1206
1207
1145
1145
1149
1151
1148
1485
1148
1150
1156
1151
1151
1151
1159
1154
1154
1158
1160
1157
1164
1157
1159
1160
1160
1160
1163
1163
1164
1166
1166
1166
1168
1486
1169
1169
1321
1169
1489
1173
1259
1260
1443
1174
1200
1209
1210
1202
1252
1431
1432
1203
1212
1213
1186
1215
1551
1176
1178
1216
1554
1198
1217
1218
1180
1238
1262
1263
1198
1265
1266
1199
1240
1268
1269
1192
1220
1221
1185
1194
1223
1224
1193
1247
1434
1435
1226
1227
1557
1185
1194
1229
1230
1232
1560
1200
1233
1234
1189
1190
1259
1189
1209
1563
1211
1261
1191
1212
1626
1214
1566
1238
1271
1272
1242
1437
1438
1274
1275
1197
1204
1262
1197
1265
1638
1264
1267
1277
1278
1246
1269
1278
1279
1280
1281
1202
1248
1254
1429
1430
1255
1281
1282
1432
1283
1284
1443
1205
1220
1629
1222
1569
1208
1233
1428
1208
1236
1257
1235
1237
1211
1215
1211
1281
1432
1433
1214
1259
1214
1283
1354
1356
1635
1265
1572
1219
1277
1219
1575
1578
1222
1262
1222
1223
1271
1225
1225
1274
1225
1581
1644
1228
1236
1257
1228
1230
1584
1231
1258
1231
1275
1435
1231
1232
1436
1587
1235
1280
1235
1641
1590
1237
1632
1647
1440
1441
1240
1245
1420
1246
1268
1440
1442
1243
1419
1243
1247
1438
1249
1245
1246
1249
1422
1424
1434
1249
1423
1424
1426
1427
1284
1443
1445
1252
1253
1492
1255
1431
1444
1445
1255
1255
1426
1258
1422
1434
1258
1436
1261
1261
1431
1444
1433
1264
1264
1268
1440
1270
1267
1267
1269
1278
1270
1270
1270
1273
1274
1273
1441
1276
1276
1276
1437
1439
1279
1279
1282
1428
1282
1430
1285
1416
1285
1305
1305
1418
1287
1289
1380
1468
1469
1295
1446
1447
1293
1388
1390
1452
1454
1295
1408
1409
1462
1463
1291
1307
1308
1309
1476
1294
1313
1314
1478
1316
1317
1321
1322
1383
1384
1298
1301
1385
1386
1303
1304
1449
1450
1300
1316
1385
1446
1448
1300
1447
1448
1318
1320
1316
1452
1453
1305
1388
1389
1491
1306
1455
1456
1306
1348
1349
1351
1466
1394
1395
1310
1310
1313
1483
1315
1312
1314
1319
1315
1315
1488
1315
1322
1318
1452
1318
1321
1323
1320
1322
1323
1323
1323
1330
1352
1354
1355
1336
1381
1398
1399
1328
1346
1357
1358
1347
1382
1458
1459
1329
1593
1611
1346
1360
1361
1333
1365
1596
1392
1401
1402
1464
1366
1367
1656
1352
1369
1370
1339
1397
1404
1405
1338
1341
1372
1373
1340
1375
1376
1338
1341
1378
1677
1599
1383
1461
1462
1381
1407
1408
1410
1411
1344
1353
1398
1497
1344
1357
1494
1602
1359
1400
1347
1386
1391
1450
1451
1413
1414
1387
1414
1415
1459
1350
1360
1449
1350
1363
1395
1362
1364
1418
1465
1466
1416
1417
1375
1605
1650
1356
1416
1356
1659
1662
1359
1614
1359
1414
1459
1460
1362
1413
1362
1665
1617
1364
1366
1653
1668
1370
1620
1368
1395
1368
1370
1671
1371
1396
1371
1402
1417
1371
1403
1374
1405
1410
1374
1623
1406
1377
1398
1377
1378
1407
1379
1608
1379
1411
1674
1680
1382
1385
1446
1467
1468
1387
1458
1467
1469
1397
1462
1447
1387
1387
1453
1390
1390
1392
1464
1466
1393
1393
1453
1456
1457
1393
1401
1455
1457
1454
1396
1401
1455
1396
1403
1404
1400
1400
1458
1467
1460
1403
1403
1465
1406
1406
1461
1409
1411
1409
1468
1412
1412
1461
1412
1463
1415
1449
1415
1451
1418
1418
1465
1421
1421
1424
1424
1429
1427
1427
1430
1430
1433
1433
1436
1436
1437
1439
1439
1442
1442
1444
1445
1448
1448
1451
1451
1456
1454
1454
1457
1457
1460
1460
1463
1463
1465
1466
1469
1469
1472
1473
1474
1473
1479
1480
1482
1483
1485
1486
1488
1489
1481
1482
1481
1485
1484
1487
1484
1484
1488
1490
1487
1487
1489
1490
1490
1490
1492
1493
1495
1497
1602
1496
1498
1603
1499
1604
1498
1650
1499
1651
1652
1501
1506
1539
1502
1507
1540
1508
1541
1504
1509
1542
1505
1510
1543
1511
1544
1507
1518
1508
1519
1520
1510
5658
1511
5659
5660
1513
1527
1536
1514
1528
1537
1529
1538
1516
1518
1530
1517
1519
1531
1520
1532
1519
1520
1522
1524
1530
1523
1525
1531
1526
1532
1525
1623
1526
1624
1625
1528
1533
1529
1534
1535
1531
1532
1534
1539
1535
1540
1541
1537
1542
1538
1543
1544
1540
1541
1543
1544
1546
1563
1626
1547
1564
1627
1565
1628
1549
1629
1638
1550
1630
1639
1631
1640
1552
1635
1641
1553
1636
1642
1637
1643
1555
1572
1575
1556
1573
1576
1574
1577
1558
1584
1632
1559
1585
1633
1586
1634
1561
1581
1587
1562
1582
1588
1583
1589
1564
1635
1565
1636
1637
1567
1626
1662
1568
1627
1663
1628
1664
1570
1629
1644
1571
1630
1645
1631
1646
1573
1638
1574
1639
1640
1576
1578
1577
1579
1580
1579
1580
1582
1644
1583
1645
1646
1585
1587
1586
1588
1589
1588
1589
1591
1641
1647
1592
1642
1648
1643
1649
1594
1611
1665
1595
1612
1666
1613
1667
1597
1620
1659
1598
1621
1660
1622
1661
1600
1623
1677
1601
1624
1678
1625
1679
1603
1614
1604
1615
1616
1606
1608
1650
1607
1609
1651
1610
1652
1609
1680
1610
1681
1682
1612
1614
1613
1615
1616
1615
1616
1618
1665
1668
1619
1666
1669
1667
1670
1621
1671
1622
1672
1673
1624
1625
1627
1628
1630
1631
1633
1647
1634
1648
1649
1636
1637
1639
1640
1642
1643
1645
1646
1648
1649
1651
1652
1654
1656
1668
1655
1657
1669
1658
1670
1657
1671
1658
1672
1673
1660
1662
1661
1663
1664
1663
1664
1666
1667
1669
1670
1672
1673
1675
1677
1680
1676
1678
1681
1679
1682
1678
1679
1681
1682
1686
1781
1685
1687
1783
1688
1689
1687
1782
1688
1784
1755
1975
4957
1692
1752
1794
5689
1694
1822
5691
1694
1754
1823
5686
1824
5688
1733
1734
1756
1942
1705
1706
1843
1989
1736
1737
1758
5705
1733
1749
1750
1850
1701
1711
1712
1992
1703
1735
1739
1740
1714
1995
1704
1737
1742
1743
1738
1745
1746
1748
5984
5998
1707
1749
1863
1707
1711
1998
1713
1751
1709
1710
1742
2004
1715
1744
2010
1748
2007
5781
1713
2001
1713
1714
1740
1741
1715
1745
1747
2013
1719
1767
1898
1941
1718
1771
1888
5959
1720
1910
5961
1720
1775
5962
1941
5964
1723
1724
1766
1885
1726
1727
1757
1891
1725
1726
1901
1725
1729
1768
1728
1730
1728
1913
1728
1731
1762
1732
1730
1773
5862
1732
5865
1732
1764
5863
5866
1735
1750
1943
1735
1736
1756
1738
1739
1738
1758
1738
1743
5984
1746
1741
1750
1741
1745
1751
1744
1748
1744
1746
1747
1747
1747
5999
1751
1957
1751
1753
1976
6092
1772
1977
6093
1755
1978
6094
1979
4955
1758
1759
1825
1761
1762
1827
1760
6097
6161
1760
1761
1830
1763
6099
1763
1835
1763
1764
1765
1765
6096
6099
6100
1768
1769
1886
1774
1775
1895
1770
1773
1770
1774
1905
1776
6119
1772
1983
6142
1986
6144
6116
6119
1776
1925
1776
6121
6122
1778
1779
1792
1780
1801
1816
1780
1783
1784
1803
1782
1802
1975
1784
1803
1784
1795
1796
1887
1983
1787
1798
1799
1823
1801
1802
1978
1804
1805
1899
1791
1807
1808
1976
1793
1810
1811
1794
1813
1814
1816
1817
1819
1820
1822
1976
1797
1804
1908
1797
1807
1986
1806
1809
1800
1813
1824
1800
1801
1816
1815
1818
1803
1803
1979
1806
1935
1806
1810
1812
1809
1977
1809
1811
1814
1812
1812
1812
1819
1815
1822
1815
1819
1821
1818
1818
1820
1821
1821
1821
1824
1824
1978
1829
1830
1841
1942
1832
1833
1842
1945
1835
1836
1891
1838
1839
1893
1980
1831
1832
1844
1948
1831
1835
1834
1837
1834
1847
1951
1834
1838
1981
1840
1837
1837
1839
1914
1840
1840
1982
1840
1919
1942
1944
1948
1945
1946
1863
1864
2016
1948
1949
1951
1846
1848
1866
1867
1849
1869
2019
1945
1951
1953
1849
1870
1871
1873
2022
1943
1957
1958
1853
1874
1875
2025
1855
1944
1960
1961
1877
1878
2028
1858
1949
1963
1964
1950
1966
1967
1859
1861
1954
1955
1860
1947
1955
1956
1973
1952
1969
1970
1862
1880
1881
1953
1972
1973
1862
1883
2031
1884
2034
1865
1957
1865
1874
2037
1876
1959
1868
1869
1877
1868
1870
1963
1879
1965
2040
1872
1969
1872
1873
1880
1882
1971
1884
2043
1876
2046
1876
1878
1961
1962
1879
2049
1879
1966
1968
1882
1884
1882
1955
1973
1974
1954
2052
2055
1886
1901
1902
1904
1905
1888
1907
1908
1910
1983
1892
1911
1984
1893
1912
1980
1913
1914
1894
1916
1917
1919
1920
1922
1923
1984
1898
1925
1926
1900
1928
1929
1985
1900
1931
1985
1932
1933
1935
1936
1938
1939
1903
1913
1903
1904
1916
1915
1918
1906
1922
1906
1925
1924
1927
1909
1910
1932
1909
1935
1934
1937
1941
1912
1917
1920
1915
1915
1919
1921
1918
1922
1918
1920
1921
1921
1921
1924
1924
1928
1987
1930
1927
1927
1929
1933
1930
1930
1988
1930
1938
1939
1934
1941
1934
1938
1940
1937
1937
1939
1940
1940
1940
1943
1944
1958
1950
1960
1947
1947
1953
1950
1950
1952
1964
1967
1952
1953
1970
1972
1956
1956
1959
1959
1960
1962
1962
1962
1966
1965
1969
1965
1967
1968
1968
1968
1971
1971
1972
1974
1974
1974
1979
1977
1986
1979
1982
1982
1986
1987
1988
1988
1990
1998
2016
1991
1999
2017
2000
2018
1993
1995
2001
1994
1996
2002
1997
2003
1996
2013
1997
2014
2015
1999
2001
2000
2002
2003
2002
2003
2005
2007
2010
2006
2008
2011
2009
2012
2008
6268
2009
6269
6270
2011
2013
2012
2014
2015
2014
2015
2017
2037
2018
2038
2039
2020
2022
2040
2021
2023
2041
2024
2042
2023
2043
2024
2044
2045
2026
2028
2046
2027
2029
2047
2030
2048
2029
2049
2030
2050
2051
2032
2034
2052
2033
2035
2053
2036
2054
2035
2055
2036
2056
2057
2038
2046
2039
2047
2048
2041
2049
2042
2050
2051
2044
2055
2045
2056
2057
2047
2048
2050
2051
2053
2054
2056
2057
2167
2190
2197
3570
2064
2154
2156
2168
3841
2064
2128
2129
3848
7995
2066
2127
2128
6438
2065
2094
2149
2150
2170
2066
2078
2133
2135
6438
2157
2159
3860
2154
2155
2174
2157
2158
2069
2087
2096
2097
2074
2089
2099
2100
2093
2102
2103
2076
2095
2105
2106
2073
2082
2110
2111
2084
2130
2131
3867
2090
2115
2116
2092
2118
2119
2077
2121
2122
6439
2079
2124
2125
2133
2134
6442
2094
2137
2138
2158
2095
2136
2137
2081
2085
2110
2209
2109
2112
2230
2090
2160
2161
2084
2169
2177
4860
2131
2160
2162
4861
2086
2115
2212
2114
2117
2233
2093
2139
2140
2091
2143
2144
2170
2181
2092
2142
2143
2163
2164
2146
2147
2171
2183
2145
2146
2148
2149
2152
2153
2155
2151
2152
2098
2102
2218
2098
2100
2139
2101
2221
2101
2118
2239
2101
2142
2245
2104
2224
2104
2106
2148
2107
2227
2107
2124
2248
2107
2151
2251
2109
2130
2215
3916
2132
2254
2112
2115
2112
2131
2160
2132
2114
2118
2242
2120
2260
2117
2117
2119
2163
2120
2120
2120
2145
2123
2257
2123
2125
2134
2126
2236
2126
2263
2126
2136
2266
2129
6441
8039
2129
2157
8040
2132
4086
2132
2135
6446
2135
2136
2138
2138
2138
2152
2141
2142
2141
2149
2170
2144
2170
2144
2144
2146
2147
2163
2147
2165
2150
2151
2150
2153
2153
2153
2156
2180
2156
2158
2159
2159
2159
2162
2162
2164
2169
2169
2165
2165
2171
2171
2194
2206
3965
4793
2206
4744
4793
2175
2180
2182
3948
2171
2173
2174
2176
2175
2178
2179
4006
4818
2176
2177
2178
2180
2181
2184
2185
4011
2183
2184
2179
4883
2179
2184
4884
2182
2182
2183
2185
2185
2185
2187
2202
7403
8273
2195
2203
7449
2189
2194
2206
7817
2190
7818
7819
2196
2206
2193
2196
7781
7800
2193
2198
7781
8293
2197
2199
2195
2204
2205
7817
2197
7818
2200
2199
2207
3510
2200
3569
3570
3571
2270
3593
7834
7836
2203
2271
8340
2205
3842
2205
3940
3965
3987
2208
4778
8293
4794
8294
8305
2210
2212
2230
2211
2213
2231
2214
2232
2213
2233
2214
2234
2235
2216
2254
5604
2217
2255
5605
2256
5606
2219
2221
2224
2220
2222
2225
2223
2226
2222
2245
2223
2246
2247
2225
2227
2226
2228
2229
2228
2251
2229
2252
2253
2231
2254
2232
2255
2256
2234
2260
2235
2261
2262
2237
2257
2266
2238
2258
2267
2259
2268
2240
2242
2245
2241
2243
2246
2244
2247
2243
2260
2244
2261
2262
2246
2247
2249
2251
2263
2250
2252
2264
2253
2265
2252
2253
2255
2256
2258
8360
2259
8361
8362
2261
2262
2264
2266
2265
2267
2268
2267
2268
2270
2273
3584
3585
3592
7788
2272
3842
8338
3847
3848
7995
2274
7788
8304
3584
4794
8305
2276
2278
2279
2321
2281
2282
4632
2287
2288
2332
2342
2280
2281
3624
2280
2287
2384
2289
3626
2283
3639
2283
2284
3642
3641
3644
2286
3661
4632
2286
2290
2385
3234
4632
2292
2308
3663
4814
2289
2446
2289
2417
3628
3629
2449
3232
3234
2293
2305
2306
4633
2308
2309
3665
2299
2300
4634
2311
2312
2679
3235
2303
2680
4998
2298
2985
3235
3237
2298
2306
2307
2309
4635
4714
2310
2986
3237
2301
2305
2311
2301
4640
5001
2302
2313
2304
5343
2304
2312
2859
2313
5346
2307
3236
2307
4637
3237
2310
3234
2310
3786
3233
2313
3236
2313
3110
2363
2364
3363
4729
2316
2318
2366
2367
2369
2370
4641
2324
2327
2372
2373
2375
2376
4641
2326
2378
2379
4643
2322
2804
2972
2973
2384
2385
4632
2670
2975
2976
3302
2509
2683
2978
2979
2352
2392
2393
2395
2396
2511
4685
2354
2398
2399
2352
2401
2402
2330
2404
2405
4644
2331
2407
2408
4731
2333
2410
2411
2413
2414
3370
2416
2417
4646
2419
2420
4644
2339
2422
2423
4647
2341
2425
2426
4645
2360
2428
2429
2517
2340
2431
2432
2518
2341
2434
2435
4645
2345
2437
2438
2440
2441
2519
3262
2443
2444
2446
2447
4646
2347
2349
2981
2982
2348
2452
2453
3238
4648
2455
2456
4647
2348
2461
2996
2998
3239
4648
2350
2781
3226
3228
3241
3238
3239
2350
2984
2985
3242
3241
3242
2353
2472
2473
4649
2475
2476
2355
2478
2479
2481
2482
4643
2484
2485
4649
2362
2487
2488
4651
2490
2491
2525
4650
2361
2493
2494
4690
2362
2496
2497
4651
2499
2500
2536
2502
2503
2537
2505
2506
2365
2401
3414
2365
2407
4747
2403
2409
2368
2369
3438
2368
2375
2410
2412
3440
2371
3618
2371
2416
4652
2418
3620
2374
2392
4658
2374
2402
4661
4660
4663
2377
2419
2377
2422
4653
2421
2424
2380
2398
2428
2380
2434
4659
2430
2436
2383
2387
2437
2973
2974
3244
2440
2548
4717
4718
2439
2442
4718
4719
2386
2446
2386
2449
2448
2451
2455
3244
3245
2391
2458
3247
3248
2457
2460
2987
2988
2465
2467
2786
2787
2471
2788
2789
2394
2481
2394
2476
2484
2483
2486
2397
2490
2553
2397
2493
4693
2492
2495
2400
2499
2400
2482
2505
2501
2507
2403
2475
2403
2404
2406
2406
4661
2406
2408
2411
2409
2409
4752
2409
2414
2412
2419
2412
2414
2415
2415
3436
3439
2415
3440
2418
4667
2418
3622
3623
2421
2421
2425
4662
2427
2424
4670
2424
2426
2438
2427
2427
4665
2427
2443
2430
2499
2430
2431
2573
2433
2433
2575
2433
2435
2441
2436
2436
4664
2436
2444
2439
2455
2439
2443
2445
2442
2581
3056
4718
2442
2444
2445
2445
2445
2448
2448
2452
4668
2454
2451
2981
2983
3232
2453
2464
4720
4721
2454
4721
4722
2454
4673
2454
2468
3005
4721
2457
3245
2457
2461
4671
2463
2987
4723
2471
2990
2991
2462
2466
2792
3229
3231
3250
2463
2993
2994
4674
4723
4725
2469
2996
2997
4723
4724
2468
2999
3000
2470
3002
3003
2469
3250
3251
2470
2795
2796
3005
3006
3008
3009
3251
3253
3254
2801
2802
2474
3412
4676
2474
2479
3490
3413
3491
2477
3414
2477
2478
2480
3416
2480
2484
2480
3493
3494
2483
4658
2483
2487
2489
2486
2486
2488
4677
2489
2489
2505
2489
4682
2492
2601
2492
2496
4680
2498
2495
4705
2495
2497
2503
2498
2498
4683
2498
2506
2501
2501
2502
2635
2504
2504
2637
2504
2506
2507
2507
2507
2514
2520
3011
3012
2723
3014
3015
2550
2551
3360
4642
2512
2553
2554
2556
2557
4685
2515
2516
3256
3257
2541
3259
3260
3017
3018
4686
3020
3340
3342
4686
2536
2572
2573
2519
2575
3263
3277
3279
3262
3263
2541
3142
3144
3319
3321
2525
2589
2590
4650
2527
2592
2593
4687
2526
2595
2596
4688
2527
2598
2599
4687
2601
2602
2528
2604
2605
2607
2608
2610
2611
4688
2533
2613
2614
4691
2535
2616
2617
4689
2534
2543
2619
2620
2535
2622
2623
4689
2539
2625
2626
2544
2628
2629
2631
2632
2634
2635
2637
2638
4690
2542
2640
2641
4692
2643
2644
4691
2542
2649
3283
3285
4692
3024
3343
3345
3083
3085
3286
3288
2544
2659
3292
3294
3094
3096
3295
3297
2562
2572
3011
3013
3268
3270
2578
2587
3265
3266
2574
2580
3268
3269
3029
3030
3056
2583
2584
3032
3033
2552
3406
3496
2552
2589
4656
2591
3498
2555
2601
2555
2556
2604
2603
2606
2558
2610
2558
2613
4694
2612
2615
2561
2565
2625
3256
3258
2561
2569
2628
3038
3257
3258
2627
2630
2564
2634
3259
3261
2564
2640
2652
3074
3260
3261
2636
2642
2643
3017
3019
3274
3276
2571
2646
3271
3272
2645
2648
3274
3275
2653
2655
2817
2818
2663
3038
3039
2665
2666
3041
3042
2669
3044
3045
2574
2634
2574
2575
2577
3268
2577
2579
2582
3277
3278
2580
3054
3278
3279
2588
3047
3048
2585
3051
3346
3348
3053
3054
3056
3058
3262
2585
3059
3060
2586
3280
3281
2586
2827
2828
3178
3180
3181
3183
2830
2831
2588
3062
3063
2833
2834
2591
4679
2591
2593
2602
2594
2594
3497
4696
2594
2607
3498
2597
4206
4699
2597
2599
2605
2600
4207
2600
4240
4697
2600
2608
4241
2603
2603
2607
2609
2606
2610
2606
2608
2609
2609
2609
2612
2612
2616
4700
2618
2615
4708
2615
2617
2626
2618
2618
4702
2618
2631
2621
2659
4218
2621
2623
2629
2624
4219
2624
4270
4703
2624
2632
4271
2627
2643
2627
2631
2633
2630
2663
3295
2630
2632
2633
2633
2633
2636
2636
2637
2639
2639
2639
2641
4706
2642
2642
2656
3286
2642
4711
2645
2645
2649
4709
2651
3274
2669
3065
3066
2650
2654
3069
3349
3351
2651
3071
3072
2651
4712
2657
3283
3284
3072
3284
3285
2656
3074
3075
2658
3077
3078
2657
3205
3207
3208
3210
2658
3080
3081
3286
3287
3083
3084
3289
3290
2661
4224
2662
2664
3292
3293
3092
3293
3294
4226
4290
2667
3090
3352
3354
3295
3296
2667
3094
3095
2668
3298
3299
2668
2839
2840
3217
3219
3331
3333
3100
3101
2842
2843
2804
3301
3302
2681
2976
3304
3305
2682
2684
2845
2846
2685
2848
2849
5004
2676
2791
2851
2852
2687
2793
3103
3104
2694
2854
2855
2696
2857
5007
2699
2780
3106
3107
2985
3109
3110
2858
2859
5010
2783
3112
3113
2864
2865
5013
2723
2867
2868
2870
5016
2700
2871
2872
2784
2993
3307
3308
2995
3310
3311
2699
2780
2874
2875
2691
2877
5385
2693
2782
3115
3116
2879
2880
5382
2798
3000
3313
3314
3001
3118
3119
2791
3121
3122
2697
3009
3124
3125
2698
2882
2883
2799
3127
3128
2886
4992
5391
2888
2889
2891
5376
2736
3018
3316
3317
2738
3021
3130
3131
2737
2739
3133
3134
2741
2892
2893
5019
2707
3050
3136
3137
2743
3052
3139
3140
2745
2895
2896
2747
2898
5022
2750
3023
3142
3143
2752
3012
3319
3320
2751
2753
3145
3146
2755
2899
2900
5037
2715
3068
3148
3149
2757
3070
3151
3152
2764
2902
2903
2766
2905
5025
2720
3089
3154
3155
2722
2906
2907
4318
2838
3091
3157
3158
2771
2909
2910
2773
2774
2912
5028
4305
5031
2914
2915
2727
2917
2918
5040
2728
2806
3160
3161
2824
3030
3322
3323
2744
2920
2921
3031
3325
3326
2761
2923
5400
2738
3021
3163
3164
2734
2769
2924
2925
2735
3022
3166
3167
2735
3039
3041
3043
3097
2770
3169
3170
3040
3167
3170
3171
3035
3172
3173
2740
2930
2931
2933
2934
2740
2936
5043
5046
2754
3175
3176
2743
3027
3048
3049
3053
3055
3139
3176
3177
2938
5409
3050
3178
3179
2748
3060
3181
3182
2749
3184
3185
2825
3187
3188
2941
2942
5412
2758
2944
2945
2947
5049
3026
3190
3191
2950
2951
5052
2953
5397
2777
3193
3194
2757
3036
3066
3067
3071
3073
3151
3194
3195
3023
3196
3197
2761
2954
2955
5403
2763
3025
3199
3200
3202
3203
3075
3078
3079
3086
3329
3330
3076
3328
3329
3068
3205
3206
2767
3084
3208
3209
2768
3211
3212
3087
3214
3215
2959
2960
5421
2770
5055
2962
5058
3089
3217
3218
2775
3095
3331
3332
2776
3220
3221
2776
5061
3098
3223
3224
2968
2969
2971
5034
5064
2779
2851
5349
2850
2853
5439
3226
3227
2782
2982
2999
3001
3115
3227
3228
2976
3334
3335
2785
2988
3248
3249
3307
2977
2989
3335
3336
2861
3002
4989
2795
4986
5067
2790
3112
3247
2790
2802
2862
2863
3114
3229
3230
2793
2994
2997
2995
3104
3230
3231
2876
2878
5457
2797
5493
2797
3127
3254
2885
3129
2800
3006
3253
3255
3313
2800
3009
3127
3254
3255
3007
3010
2803
2891
2990
2803
5070
5073
2805
3014
3016
3301
2806
2972
3029
3015
3016
3031
3160
2808
3136
5352
2894
3138
5460
2810
3148
5082
2901
3150
5079
2813
2814
3154
5355
2813
2906
5358
2908
3156
2909
5361
2816
2914
5448
2916
2919
5475
2819
2923
3077
2819
3080
5085
5088
2822
2823
3163
5364
2822
2924
5367
2926
3165
2933
5370
2826
3057
3280
3282
3322
3060
3337
3338
3058
3061
3338
3339
2829
2938
3033
2829
2831
5091
5094
2832
3187
3281
2832
2939
2940
3189
2835
2953
3047
2835
3063
5097
5100
2837
3196
5373
2956
3198
5484
3093
3158
4319
4402
4403
2841
2962
3042
2841
2964
3101
2963
5103
2844
2971
3065
2844
3045
5436
5106
5181
2847
2870
2979
2847
2864
3305
2980
3306
2850
5442
2850
2872
3103
3105
2853
2854
2853
3104
3230
3105
2856
5445
2856
2857
3122
5109
2882
5112
2860
2890
3107
2860
3110
3108
3111
2879
5115
5379
2863
5388
2866
5496
2866
3113
2866
5118
3114
2869
2914
5451
2869
2870
2979
5121
5124
2873
2891
2990
2873
3310
2992
3312
2876
2888
5454
2876
3115
3227
3117
2878
2880
3116
3117
5499
2881
3002
2881
3118
3004
3120
2884
3122
2884
2886
3125
3123
3126
2887
5490
5502
2887
3128
3129
4995
5127
2890
3107
5130
5394
5133
2894
5463
2894
3139
3176
3141
2897
3136
5466
2897
2898
3179
5136
3184
5139
2901
5076
5142
2901
3151
3194
3153
2904
3148
5469
2904
2905
3206
5145
3211
5148
2908
5151
2908
3158
4402
3159
2911
3154
2911
2912
3218
2913
5472
2913
3220
5505
2916
2916
3015
3160
3162
2919
5154
2919
2921
3161
3162
2922
2938
3033
2922
3326
3034
3327
3202
5157
2926
5160
2926
3167
3170
3168
2929
3045
5406
5433
2929
2931
5163
2932
3046
2932
3133
3173
2932
5166
3174
2935
3163
2935
2936
3131
2937
5478
2937
3134
5511
5169
2940
5415
2943
5517
2943
3185
3188
2943
5514
3189
2946
3196
5481
2946
2947
3143
5172
3145
5175
2949
3063
5418
2952
3064
5520
2952
3146
3191
2952
5523
3192
3175
5178
2956
5487
2956
3200
3203
3201
2958
3080
5508
2961
3082
5529
2961
5526
2961
3212
3215
3216
2963
3169
5532
2965
5424
2967
3101
5427
2967
2969
5430
2970
3102
2970
3221
3224
2970
5535
3225
3193
5184
2974
4717
2974
2975
4719
2977
3244
2977
3304
3335
3246
2980
3014
3301
2980
3303
2983
2984
2983
4720
4722
2986
3232
2986
3109
3235
3233
2989
3245
2989
2993
3246
2992
2992
3248
3307
3309
2995
3308
2995
4724
3311
2998
3008
2998
4724
4725
3001
4720
3001
3006
3314
3119
3004
3004
3253
3313
3315
3007
3238
3007
3240
3010
3239
3010
3124
3240
3013
3259
3013
3026
3319
3028
3016
3016
3019
3256
3019
3035
3316
3037
3022
3038
3257
3340
3341
3040
3166
3341
3342
3343
3344
3025
3074
3260
3076
3199
3344
3345
3028
3190
3265
3267
3028
3266
3267
3269
3270
3031
4717
3031
3057
3323
3325
3034
3280
3322
3034
3324
3037
3172
3271
3273
3037
3272
3273
3275
3276
3040
3040
3296
3043
3298
3043
3169
3171
3046
3172
3271
3046
3174
3049
3175
3049
3266
3177
3346
3347
3052
3054
3278
3055
3140
3347
3348
3055
3269
3055
3057
3058
3264
3061
3263
3277
3061
3181
3338
3264
3064
3190
3265
3064
3192
3067
3193
3067
3272
3195
3349
3350
3070
3072
3284
3073
3152
3350
3351
3073
3275
3073
3076
3076
3287
3329
3079
3202
3079
3289
3204
3082
3082
3214
3290
3216
3085
3283
3085
3087
3208
3088
3088
3287
3289
3291
3088
3214
3290
3291
3288
3352
3353
3091
3092
3293
3093
3157
3353
3354
3093
4290
4376
3096
3292
3096
3098
3331
3099
3099
3296
3298
3300
3099
3223
3299
3300
3297
3102
3223
3299
3102
3225
3105
3310
3105
3108
3226
3241
3108
3243
3111
3242
3111
3243
3114
3334
3114
3305
3117
3117
3118
3120
3120
3314
3315
3123
3229
3250
3123
3252
3126
3251
3126
3128
3252
3129
3129
3132
3340
4686
3132
3134
3135
4686
3135
3317
3135
3318
3138
3138
3140
3347
3141
3141
3141
3144
3343
3144
3145
3147
3147
3147
3320
3321
3150
3150
3152
3350
3153
3153
3153
3156
3156
3157
3353
3159
3159
3159
3162
3162
3326
3165
3165
3166
3341
3168
3168
3168
3171
3171
3174
3174
3317
3177
3177
3180
3346
3180
3184
3186
3183
3183
3185
3188
3186
3186
3186
3189
3337
3189
3192
3192
3320
3195
3195
3198
3198
3199
3344
3201
3201
3201
3328
3204
3204
3328
3330
3207
3349
3207
3211
3213
3210
3210
3212
3215
3213
3213
3213
3216
3216
3219
3352
3219
3220
3222
3222
3222
3332
3333
3225
3225
3332
3228
3228
3231
3231
3233
3234
3236
3237
3240
3240
3243
3243
3246
3246
3249
3334
3249
3336
3252
3252
3255
3255
3258
3258
3261
3261
3264
3264
3267
3267
3270
3270
3273
3273
3276
3276
3279
3279
3282
3282
3337
3339
3285
3285
3288
3288
3291
3291
3294
3294
3297
3297
3300
3300
3303
3303
3304
3306
3306
3306
3309
3309
3311
3312
3312
3312
3315
3315
3318
4686
3318
4686
3321
3321
3324
3324
3325
3327
3327
3327
3330
3330
3333
3333
3336
3336
3339
3339
3342
3342
3345
3345
3348
3348
3351
3351
3354
3354
3358
3390
3391
4727
3361
3364
3393
3394
3396
3397
3499
4774
3399
3400
3959
3402
3403
3937
4726
3362
3405
3406
3373
3408
3409
3411
3412
4642
3384
3414
3415
3373
3417
3418
3367
3420
3421
4730
3423
3424
3513
4728
3368
3426
3427
3429
3430
4730
3371
3432
3433
4780
3435
3436
4731
3438
3439
3522
3374
3441
3442
4734
3444
3445
3385
3447
3448
3450
3451
3961
3963
3453
3454
3957
4732
3381
3456
3457
4735
3383
3459
3460
4733
3382
3462
3463
4770
3383
3465
3466
4733
3387
3468
3469
3471
3472
3495
3474
3475
3477
3478
4729
3480
3481
4734
3389
3483
3484
4736
3486
3487
4735
3389
3489
3490
4736
3492
3493
3392
3399
3417
3392
3423
4741
3419
3425
3395
3408
4746
3395
3418
4749
4748
4751
3398
3429
3539
3398
3432
4787
3431
3434
3401
3444
3401
3450
4045
3446
3452
3404
3453
3979
3404
3456
4738
3455
3458
3407
3411
3468
3407
3471
3470
3473
3410
3477
3410
3445
3480
3479
3482
3413
3486
3413
4655
3488
3416
3416
3478
3492
3494
3419
3444
3419
3420
3422
3422
4749
3422
3424
3427
3425
3425
4743
3425
3576
3428
3429
3539
3428
3576
3540
3577
3431
3431
3435
4750
3437
3434
4798
3434
3436
3439
3437
3437
4753
3437
3440
3618
3440
3443
3985
4761
3443
3448
4057
3986
4058
3446
3446
3447
3449
3449
3480
3449
3451
3452
3452
4050
3452
4057
3455
4038
3455
3459
4756
3461
3458
4764
3458
3460
3469
3461
3461
4758
3461
3474
3464
4428
4771
3464
3466
3472
3467
4429
3467
4431
4759
3467
3475
4432
3470
3486
3470
3474
3476
3473
3496
3473
3475
3476
3476
3476
3479
4746
3479
3483
3485
3482
3482
3484
4762
3485
3485
3492
3485
4767
3488
3488
3489
4765
3491
3491
4768
3491
3493
3494
3494
3496
3497
4770
3498
3498
4772
3500
3538
3539
3541
3542
4774
3502
3505
3544
3545
3547
3548
4775
3504
3506
3550
3551
3553
4776
6322
3554
3555
4775
3557
3558
4776
3508
3509
3760
3761
3763
3764
4777
4865
3697
3829
3831
4777
4866
3512
3569
4778
3513
3570
3571
4728
3514
3572
3573
3575
3576
3578
3579
4778
3516
3581
3582
4779
3519
3589
3590
3518
3596
3597
4782
3526
3603
3604
3609
3610
4779
3524
3612
3613
4783
3525
3615
3616
4781
3618
3619
4780
3525
3621
3622
4781
3529
3624
3625
3627
3628
3630
3631
4782
3532
3633
3634
4785
3534
3636
3637
4784
3639
3640
4783
3533
3536
3642
3643
3534
3645
3646
4784
3535
3648
3649
3537
3651
3652
4110
3654
3655
3657
3658
4785
3537
3661
3782
3784
4111
4110
4111
3540
3541
3572
3540
3574
3543
3578
3543
3581
4786
3580
3583
3546
3547
3587
3546
3554
3589
3588
3591
3549
3594
3549
3596
4789
3595
3598
3552
3553
3601
3552
3557
3603
3602
3605
3608
6323
3556
3609
3556
3612
4790
3611
3614
3559
3630
3559
3633
4792
3632
3635
3562
3563
3648
3760
3762
4113
3566
3651
4868
4869
3650
3653
4869
4870
3657
4113
4114
3568
3660
3766
3767
3659
3769
3770
6331
3666
3772
3773
3668
3669
3775
3776
3672
3705
3706
3571
3573
4744
3575
3574
3578
3574
3575
3577
3577
3577
3580
3580
3584
4794
3586
3583
4795
3583
3585
3590
3586
3586
3586
3592
3588
3594
7789
3593
7836
3591
3609
3591
3592
3593
3593
3595
7793
3600
7846
3598
4804
3598
3599
3604
3600
3600
3606
7794
7847
3602
3608
7795
3607
7848
3605
3630
3605
3606
3607
3607
7796
7849
7798
9104
3611
3611
3615
4796
3617
3614
4807
3614
3616
3625
3617
3617
4801
3617
3627
3620
3620
3621
4799
3623
3623
4802
3623
3628
3626
3639
3626
3627
3629
3629
3629
3632
3632
3636
4805
3638
3635
4813
3635
3637
3649
3638
3638
4810
3638
3654
3641
3641
3645
4808
3647
3644
3661
3644
3646
3652
3647
3647
4811
3647
3655
3650
3657
3650
3654
3656
3653
3666
3788
4869
3653
3655
3656
3656
3656
3659
4114
3659
6332
6400
3769
6334
6405
3672
3778
3779
3663
4872
3664
3667
3782
3783
4814
4872
3670
3709
3832
3834
4116
3785
3786
4814
3788
3789
3670
3791
3792
4117
3671
3794
3795
3671
3714
3715
4116
4117
3716
3717
3719
3720
3686
3764
3797
3798
3688
3698
3800
3801
3687
3721
3722
5187
3679
3708
3724
3725
3690
3727
5190
3691
3710
3803
3804
3692
3729
3730
3688
3698
3732
3733
3684
3735
5193
3685
3699
3806
3807
3711
3773
4119
4120
3737
3738
5196
3774
3809
3810
3701
3812
3813
3741
5199
3743
3744
3702
3781
4122
4123
3748
3749
5202
3787
3817
3818
3708
3820
3821
3695
3792
3823
3824
3696
3752
3753
5538
3712
3826
3827
3756
5550
3699
3761
3772
3829
3830
3774
3806
3830
3831
3726
3728
5559
3764
4125
4126
3703
3767
3768
3770
4122
3765
3771
4126
4127
3734
3736
5565
3707
3766
3812
3707
3720
5205
3740
3814
3832
3833
3710
3783
3785
3787
3803
3833
3834
3713
3789
3794
3796
4119
3792
4128
4129
3790
3793
4129
4130
3751
3776
5208
3717
5211
3718
3795
3826
3718
5214
3755
3828
3759
3778
5223
5226
3723
3741
3798
3723
3745
3801
3799
3802
3726
3729
5562
3726
3803
3833
3805
3728
3749
3804
3805
5574
5229
3731
3821
5232
3752
5541
3734
3743
5568
3734
3806
3830
3808
3736
3738
3807
3808
5577
3739
3751
3776
3739
3810
3777
3811
3742
5580
3742
3813
3814
5583
5571
3745
3801
5235
5544
3747
3759
3778
6341
3780
3816
6360
3750
3758
4636
3750
3817
3819
4638
5547
3754
3821
3754
3756
3824
3822
3825
3757
5586
3757
3827
3828
5589
4639
5553
5556
3762
3763
3762
4868
4870
3765
4113
3765
3797
4126
4115
3768
4125
3768
3779
4127
3771
4114
3771
3781
4115
3774
4868
3774
3789
4120
3809
3777
3794
4119
3777
4121
3780
3780
4122
4124
4123
6331
6366
3784
3791
3784
4871
4872
3787
4871
3787
4635
4715
3818
3790
4110
3790
4112
3793
4111
3793
3823
4129
4112
3796
3796
4128
4130
3799
4865
3799
3813
4867
3802
3829
4866
3802
4867
3805
3805
3817
3808
3808
3810
3811
4120
3811
4121
3814
4125
3814
3816
4123
6342
6366
4124
6376
3819
3819
4715
4716
3822
3832
4116
3822
4118
3825
4117
3825
3827
4118
3828
4128
3828
3831
3831
3834
3834
3891
3892
4815
5592
3837
3896
4816
5241
3838
3897
5244
3898
3899
4816
3854
3855
3943
4818
3857
3858
3945
4817
3860
3861
3948
3847
3987
3850
3901
3902
4819
3851
3904
3905
5595
3854
4062
4063
4821
3853
3856
4065
4066
3849
4014
3849
3860
3862
4016
3907
3908
4822
3910
3911
5598
3857
4071
4072
4823
3859
4074
4075
3856
4063
4830
4882
3856
3858
3997
3859
4066
3859
4072
4827
3859
4002
4075
3862
3862
4012
4018
4019
3880
3913
3914
5601
3866
4062
4077
4078
3882
4064
4080
4081
4083
4084
4859
4086
4087
4861
3870
3883
3918
5247
3873
3884
3919
5250
3885
4089
4090
3874
4131
4132
4862
3887
4090
4091
4132
4133
4864
3888
3920
3921
4071
4134
4135
3890
4073
4137
4138
3877
3923
3924
4545
4092
4093
4556
3879
3886
4874
4875
4876
4093
4094
4558
4878
3926
3927
5607
3889
4065
4095
4096
4067
4098
4099
3885
3929
5253
3888
5256
4101
4102
3887
4069
4070
4879
4102
4103
4881
3930
3931
4074
4104
4105
4076
4107
4108
3893
3913
5610
3893
3894
4077
3915
4079
3895
4083
4815
3917
4085
5613
3918
4059
5259
3898
3919
5262
3900
3920
3900
4060
4134
3922
4136
3903
3923
4873
3903
3908
5265
3925
5268
3906
3926
5616
3906
3911
4095
3928
4097
3909
3929
4068
3909
5271
5274
3912
3930
5619
3912
4104
3932
4106
3915
5622
3915
3927
4080
4082
3917
4086
5604
4088
5625
4089
5277
3920
5280
3922
3922
3931
4137
4139
3925
4092
3925
4566
5283
5286
3928
5628
3928
4098
4100
4101
5289
3932
5631
3932
4107
4109
3938
3940
3964
3965
3935
3936
3969
3970
3972
3973
4831
3975
3976
4831
3939
3978
3979
3949
3981
3982
3984
3985
4726
3949
3987
3944
3990
3991
4832
3945
3993
3994
4817
3946
3996
3997
3951
3999
4000
4002
4003
4005
4006
4818
3950
4008
4009
4834
4011
4012
4014
4015
3960
4017
4018
4020
4021
4832
3956
4023
4024
4835
3958
4026
4027
4833
3957
4029
4030
4732
3958
4032
4033
4833
3962
4035
4036
4038
4039
4041
4042
4044
4045
4727
4047
4048
4834
4050
4051
4836
4053
4054
4835
4056
4057
4836
3966
3981
4740
3966
4742
4793
3968
3990
4571
4837
3989
3992
4583
3971
3972
3996
3971
3975
3999
3998
4001
3974
4005
3974
4008
4839
4007
4010
3977
4020
3977
4023
4840
4022
4025
3980
3984
4035
3980
4038
4037
4040
3983
4044
3983
4015
4047
4046
4049
3986
4053
3986
4737
4055
4014
3989
3993
4576
4825
3995
4594
3992
4842
3992
3994
4000
3995
3995
4828
3995
4003
3998
4005
3998
4002
4004
4001
4020
4001
4003
4004
4004
4004
4007
4007
4011
4013
4010
4850
4010
4012
4018
4013
4013
4013
4016
4016
4017
4019
4019
4047
4019
4022
4022
4026
4843
4028
4025
4853
4025
4027
4036
4028
4028
4847
4028
4041
4031
4591
4755
4031
4033
4039
4034
4592
4034
4613
4848
4034
4042
4614
4037
4053
4037
4041
4043
4040
4040
4042
4043
4043
4043
4046
4740
4046
4050
4052
4049
4049
4051
4851
4052
4052
4052
4856
4055
4055
4056
4854
4058
4058
4857
4058
4061
4089
4816
4061
4131
4816
4091
4133
4064
4078
4859
4064
4066
4067
4081
4067
4074
4096
4067
4099
4070
4101
4822
4070
4822
4874
4103
4073
4135
4862
4073
4075
4076
4138
4076
4105
4076
4108
4079
4083
4079
4081
4082
4082
4098
4082
4085
4085
4087
4859
4088
4088
4088
4861
4091
4091
4102
4094
4873
4094
4621
4875
4097
4104
4097
4099
4100
4100
4100
4103
4103
4106
4106
4108
4109
4109
4137
4109
4112
4112
4115
4115
4118
4118
4121
4121
4124
4124
4127
4127
4130
4130
4133
4134
4133
4862
4136
4136
4138
4139
4139
4139
4141
4144
4145
4168
4147
4148
4885
4150
4151
4155
4156
4162
4890
4146
4199
4532
4146
4147
4150
4152
4534
4149
4153
4149
4155
4896
4154
4157
4152
4153
4152
4536
4537
4154
4159
4157
4909
4157
4158
4166
4159
4159
4161
4163
4172
4887
4165
4166
4185
4164
4165
4211
4167
4167
4251
4167
4199
4200
4885
4170
4171
4202
4203
4205
4206
4886
4208
4209
4886
4211
4212
4887
4174
4175
4214
4215
4176
4217
4218
4176
4220
4221
4224
4225
4179
4227
4228
4889
4181
4230
4231
4446
4182
4233
4234
4236
4237
4447
4449
4239
4240
4888
4242
4243
4889
4188
4245
4246
4892
4190
4248
4249
4891
4251
4252
4890
4189
4254
4255
4893
4190
4257
4258
4891
4191
4260
4261
4192
4263
4264
4266
4267
4269
4270
4892
4272
4273
4893
4195
4197
4404
4405
4196
4278
4279
4894
4198
4351
4423
4424
4365
4366
4407
4409
4198
4353
4354
4393
4394
4420
4421
4201
4495
4201
4227
4895
4229
4497
4204
4205
4230
4204
4208
4233
4232
4235
4207
4239
4207
4898
4241
4210
4242
4210
4245
4899
4244
4247
4213
4251
4213
4254
4901
4253
4256
4216
4217
4260
4216
4220
4263
4262
4265
4219
4269
4219
4224
4271
4222
4272
4222
4225
4275
4274
4277
4281
4283
4309
4310
4226
4226
4286
4288
4416
4229
4906
4229
4234
4499
4500
4232
4239
4232
4236
4490
4238
4235
4242
4235
4237
4238
4238
4493
4238
4499
4241
4241
4904
4244
4244
4248
4907
4250
4247
4915
4247
4249
4261
4250
4250
4912
4250
4266
4253
4253
4257
4910
4259
4256
4918
4256
4258
4264
4259
4259
4913
4259
4267
4262
4269
4262
4266
4268
4265
4272
4265
4267
4268
4268
4268
4271
4271
4916
4274
4274
4278
4919
4280
4277
4286
4404
4406
4277
4279
4282
4359
4405
4406
4280
4280
4921
4280
4284
4407
4285
4356
4357
4284
4359
4360
4285
4362
4363
4407
4408
4410
4411
4353
4355
4416
4418
4289
4291
4413
4414
4290
4416
4417
4292
4373
4374
4376
4292
4377
4378
4321
4322
4294
4298
5292
4315
4325
5295
4367
4380
4381
4330
4331
4300
4350
4383
4384
4315
4333
4334
4317
4352
4386
4387
4306
4336
4337
4304
4308
4339
5298
4307
4370
4389
4390
4304
4308
4344
4345
5301
4318
4347
5304
4350
4392
4393
4354
4419
4420
4395
4396
4311
4324
4356
4311
4325
4362
4326
5307
4314
4320
4383
5634
4314
4333
5646
4335
4385
4398
4399
4317
4360
4363
4364
4368
4361
4387
4399
4400
4401
4402
4371
4374
4375
4376
4336
5310
4323
4347
4373
4323
4349
4378
4348
5313
4327
5637
4326
4398
5316
4329
4356
5640
4329
4330
5655
4332
4358
4332
5658
4332
4381
4382
4335
5652
4335
4387
4399
4388
4338
4383
4338
4339
4392
4340
5649
4340
4395
5661
4343
4349
4378
5643
4343
4345
5319
4346
4379
4346
4390
4396
4346
5322
4391
4348
4401
5664
5325
4422
4423
4352
4359
4405
4361
4386
4422
4424
4355
4404
4355
4370
4420
4372
4358
4358
4380
4410
4382
4361
4361
4408
4364
4398
4364
4411
4400
4366
4369
4369
4380
4410
4412
4369
4408
4411
4412
4409
4372
4389
4413
4415
4372
4414
4415
4417
4418
4375
4401
4375
4414
4403
4417
4379
4389
4413
4379
4391
4382
4382
4385
4385
4386
4422
4388
4388
4388
4391
4391
4419
4394
4395
4394
4423
4397
4397
4397
4419
4421
4400
4400
4403
4403
4406
4406
4409
4409
4412
4412
4415
4415
4418
4418
4421
4421
4424
4424
4427
4428
4435
4933
4430
4431
4442
4925
4429
4430
4456
4429
4940
4432
4432
4477
4432
4930
4450
4451
4573
4924
4453
4454
4501
4932
4436
4456
4457
4459
4460
4933
4442
4462
4463
4925
4444
4465
4466
4968
4468
4469
4503
4967
4443
4471
4472
4934
4444
4474
4475
4968
4477
4478
4445
4480
4481
4483
4484
4486
4487
4934
4489
4490
4888
4492
4493
4936
4495
4496
4509
4935
4498
4499
4936
4452
4588
4617
4452
4462
4927
4464
4619
4455
4468
4511
4455
4471
4937
4470
4473
4458
4477
4458
4459
4480
4479
4482
4461
4486
4461
4489
4941
4488
4491
4464
4929
4464
4466
4478
4467
4467
4618
4977
4467
4483
4619
4470
4517
4470
4474
4975
4476
4473
4943
4473
4475
4481
4476
4476
4978
4476
4484
4479
4479
4483
4485
4482
4486
4482
4484
4485
4485
4485
4488
4488
4492
4944
4494
4491
4903
4491
4493
4494
4494
4949
4494
4497
4532
4497
4498
4947
4500
4500
4950
4500
4502
4511
4512
4514
4515
4932
4517
4518
4615
4505
4520
5680
5692
4523
4524
4952
4509
4526
4527
4935
4510
4529
4530
4953
4510
4953
4532
4533
4535
4536
4513
4517
4513
4514
4520
4519
4521
4516
4523
4516
4526
4938
4525
4528
4519
4519
5693
5978
4522
4521
4523
4522
5692
5693
5694
4525
4525
4529
4954
4531
4528
4946
4528
4530
4533
4531
4531
4956
4531
4535
4534
4534
4535
4537
4537
4537
4539
4540
4547
4548
4550
4551
4958
4623
4624
4958
4543
4575
4959
5749
4543
4626
4627
4960
4627
4961
5750
4546
4553
4560
4561
4556
4565
4566
4568
5819
5847
4549
4550
5328
4549
4560
4623
4559
4562
4552
5331
4552
4565
4980
4567
5334
4629
4630
5819
4555
4557
4624
4625
4626
4628
4630
4631
5821
4620
4621
4558
4981
4982
4983
4621
4622
4985
4564
5673
4562
4629
4562
4563
4568
4564
4564
4569
5667
5676
4567
4620
4567
5337
5340
4569
5848
5670
5851
4571
4572
4582
5891
4583
4962
4584
4585
4962
4574
4587
4588
4590
4591
4924
4576
4593
5911
4594
4959
4579
4595
4596
4963
4580
4600
4601
4966
4581
4603
4604
4606
4607
4616
4612
4613
4963
4583
4593
5892
4594
4586
5891
5919
4586
4595
4964
4597
5921
4589
4590
4603
4589
4606
4605
4608
4592
4612
4592
4926
4614
4594
5912
4597
4965
4597
4598
4604
4599
4599
4609
5881
5921
5922
4971
5894
5926
4602
4607
5926
4610
5883
5928
4605
4612
4605
4609
4611
4608
4617
4608
4610
4611
4611
5884
4611
5884
4614
4614
4845
4967
5977
5978
4617
4618
4966
4619
4619
4972
4622
4980
4622
4982
4625
4629
4625
4981
4631
4628
4983
4628
6058
6059
4631
4631
6085
4634
4636
4637
4639
4640
4714
4715
4638
4639
4638
4714
4716
5217
5220
4652
4653
4655
4656
4658
4659
4661
4662
4664
4665
4667
4668
4670
4671
4673
4674
4676
4677
4679
4680
4682
4683
4654
4667
4654
4670
4669
4672
4657
4676
4657
4679
4678
4681
4660
4660
4664
4666
4663
4663
4665
4666
4666
4666
4669
4669
4673
4675
4672
4672
4674
4675
4675
4675
4678
4678
4682
4684
4681
4681
4683
4684
4684
4684
4693
4694
4696
4697
4699
4700
4702
4703
4705
4706
4708
4709
4711
4712
4695
4705
4695
4708
4707
4710
4698
4772
4698
4904
4773
4905
4701
4898
4701
4702
4704
4900
4704
4704
4916
4917
4707
4707
4711
4713
4710
4710
4712
4713
4713
4713
4716
4716
4719
4719
4722
4722
4725
4725
4737
4738
4740
4741
4743
4744
4746
4747
4749
4750
4752
4753
4755
4756
4758
4759
4761
4762
4764
4765
4767
4768
4739
4761
4739
4764
4763
4766
4742
4742
4743
4745
4745
4745
4793
4748
4748
4752
4754
4751
4751
4753
4754
4754
4754
4757
4926
4757
4758
4760
4928
4760
4760
4930
4931
4763
4763
4767
4769
4766
4766
4768
4769
4769
4769
4771
4772
4773
4940
4773
4942
4786
4787
4789
4790
4792
6395
4865
4866
4794
4795
4796
4798
4799
4801
4802
4804
4805
4807
4808
4810
4811
4813
6400
4788
4795
4788
4798
4797
4800
4791
4804
4791
4807
4806
4809
4813
6396
4797
4797
4801
4803
4800
4800
4802
4803
4803
4803
4806
4806
4810
4812
4809
4809
4811
4812
4812
4812
6401
4871
5238
4827
4828
4882
4884
4822
4873
4874
4824
4826
4876
4877
4830
4859
4860
4827
4862
4863
4829
4879
4880
4826
4828
4959
4829
4877
4961
4829
4863
4829
4880
4882
4883
4839
4840
4842
4843
4847
4848
4850
4851
4853
4854
4856
4857
4838
4842
4962
4844
4846
4964
4841
4850
4841
4853
4852
4855
4844
4844
4847
4849
4846
4848
4963
4849
4965
4849
4849
4852
4852
4856
4858
4855
4855
4857
4858
4858
4858
4861
4861
4883
4864
4864
4880
4881
4867
4867
4870
4870
4872
4875
4875
4878
4879
4878
4984
4985
4881
4881
4884
4884
4895
4896
4898
4899
4901
4903
4904
4906
4907
4909
4910
4912
4913
4915
4916
4918
4919
4921
4922
4897
4906
4897
4909
4908
4911
4900
4900
4915
4917
4902
4918
4920
4905
4941
4905
4942
4908
4908
4912
4914
4911
4911
4913
4914
4914
4914
4917
4917
4920
4920
4921
4923
4923
4923
4926
4927
4929
4930
4928
4928
4929
4931
4931
4931
4937
4938
4940
4941
4943
4944
4946
4947
4949
4950
4939
4943
4939
4946
4945
4948
4942
4942
4945
4945
4949
4951
4948
4948
4950
4951
4951
4951
4954
5680
6094
4956
4955
4956
4957
6094
4957
4980
4981
4961
4961
4983
4984
4984
4964
4965
4965
4971
4972
4974
4975
4977
4978
4970
4971
5894
6139
4973
4976
6141
4973
4973
4977
4979
4976
5977
6141
4976
4978
4979
4979
4979
4982
4982
4985
4985
4987
4989
5067
4988
4990
5068
4991
5069
4990
5115
4991
5116
5117
4993
4995
5391
4994
4996
5392
4997
5393
4996
5502
4997
5503
5504
4999
5010
5346
5000
5011
5347
5012
5348
5002
5220
5343
5003
5221
5344
5222
5345
5005
5376
5442
5006
5377
5443
5378
5444
5008
5112
5391
5009
5113
5392
5114
5393
5011
5394
5012
5395
5396
5014
5016
5118
5015
5017
5119
5018
5120
5017
5124
5018
5125
5126
5020
5397
5463
5021
5398
5464
5399
5465
5023
5139
5412
5024
5140
5413
5141
5414
5026
5148
5421
5027
5149
5422
5150
5423
5029
5061
5505
5030
5062
5506
5063
5507
5032
5151
5304
5033
5152
5305
5153
5306
5035
5037
5064
5036
5038
5065
5039
5066
5038
5142
5039
5143
5144
5041
5154
5409
5042
5155
5410
5156
5411
5044
5046
5511
5045
5047
5512
5048
5513
5047
5166
5048
5167
5168
5050
5052
5175
5051
5053
5176
5054
5177
5053
5523
5054
5524
5525
5056
5058
5160
5057
5059
5161
5060
5162
5059
5532
5060
5533
5534
5062
5535
5063
5536
5537
5065
5184
5066
5185
5186
5068
5493
5069
5494
5495
5071
5073
5388
5072
5074
5389
5075
5390
5074
5133
5075
5134
5135
5077
5079
5142
5078
5080
5143
5081
5144
5080
5082
5081
5083
5084
5083
5469
5084
5470
5471
5086
5088
5508
5087
5089
5509
5090
5510
5089
5157
5090
5158
5159
5092
5094
5415
5093
5095
5416
5096
5417
5095
5169
5096
5170
5171
5098
5100
5418
5099
5101
5419
5102
5420
5101
5178
5102
5179
5180
5104
5424
5532
5105
5425
5533
5426
5534
5107
5181
5436
5108
5182
5437
5183
5438
5110
5112
5445
5111
5113
5446
5114
5447
5113
5114
5116
5379
5117
5380
5381
5119
5496
5120
5497
5498
5122
5124
5451
5123
5125
5452
5126
5453
5125
5126
5128
5130
5454
5129
5131
5455
5132
5456
5131
5394
5132
5395
5396
5134
5376
5135
5377
5378
5137
5139
5466
5138
5140
5467
5141
5468
5140
5141
5143
5144
5146
5148
5469
5147
5149
5470
5150
5471
5149
5150
5152
5358
5153
5359
5360
5155
5475
5156
5476
5477
5158
5400
5159
5401
5402
5161
5367
5162
5368
5369
5164
5166
5406
5165
5167
5407
5168
5408
5167
5168
5170
5409
5171
5410
5411
5173
5175
5481
5174
5176
5482
5177
5483
5176
5177
5179
5397
5180
5398
5399
5182
5184
5183
5185
5186
5185
5186
5188
5199
5544
5189
5200
5545
5201
5546
5191
5202
5574
5192
5203
5575
5204
5576
5194
5196
5577
5195
5197
5578
5198
5579
5197
5547
5198
5548
5549
5200
5583
5201
5584
5585
5203
5553
5204
5554
5555
5206
5226
5580
5207
5227
5581
5228
5582
5209
5211
5547
5210
5212
5548
5213
5549
5212
5214
5213
5215
5216
5215
5586
5216
5587
5588
5218
5220
5553
5219
5221
5554
5222
5555
5221
5222
5224
5226
5556
5225
5227
5557
5228
5558
5227
5228
5230
5232
5562
5231
5233
5563
5234
5564
5233
5541
5234
5542
5543
5236
5544
5571
5237
5545
5572
5546
5573
5239
5592
5613
5240
5593
5614
5594
5615
5242
5244
5259
5243
5245
5260
5246
5261
5245
5262
5246
5263
5264
5248
5253
5277
5249
5254
5278
5255
5279
5251
5256
5280
5252
5257
5281
5258
5282
5254
5289
5255
5290
5291
5257
5631
5258
5632
5633
5260
5277
5261
5278
5279
5263
5280
5264
5281
5282
5266
5268
5271
5267
5269
5272
5270
5273
5269
5286
5270
5287
5288
5272
5274
5273
5275
5276
5275
5289
5276
5290
5291
5278
5279
5281
5282
5284
5286
5337
5285
5287
5338
5288
5339
5287
5288
5290
5291
5293
5295
5652
5294
5296
5653
5297
5654
5296
5316
5297
5317
5318
5299
5301
5661
5300
5302
5662
5303
5663
5302
5322
5303
5323
5324
5305
5664
5306
5665
5666
5308
5316
5637
5309
5317
5638
5318
5639
5311
5634
5649
5312
5635
5650
5636
5651
5314
5325
5664
5315
5326
5665
5327
5666
5317
5318
5320
5322
5643
5321
5323
5644
5324
5645
5323
5324
5326
5643
5327
5644
5645
5329
5331
5673
5330
5332
5674
5333
5675
5332
5334
5333
5335
5336
5335
5340
5336
5341
5342
5338
5340
5339
5341
5342
5341
5342
5344
5346
5345
5347
5348
5347
5348
5350
5439
5445
5351
5440
5446
5441
5447
5353
5460
5466
5354
5461
5467
5462
5468
5356
5358
5361
5357
5359
5362
5360
5363
5359
5360
5362
5472
5363
5473
5474
5365
5367
5370
5366
5368
5371
5369
5372
5368
5369
5371
5478
5372
5479
5480
5374
5481
5484
5375
5482
5485
5483
5486
5377
5378
5380
5382
5381
5383
5384
5383
5385
5384
5386
5387
5386
5499
5387
5500
5501
5389
5496
5390
5497
5498
5392
5393
5395
5396
5398
5399
5401
5403
5402
5404
5405
5404
5487
5405
5488
5489
5407
5433
5408
5434
5435
5410
5411
5413
5514
5414
5515
5516
5416
5517
5417
5518
5519
5419
5520
5420
5521
5522
5422
5526
5423
5527
5528
5425
5427
5426
5428
5429
5428
5430
5429
5431
5432
5431
5535
5432
5536
5537
5434
5436
5435
5437
5438
5437
5438
5440
5442
5441
5443
5444
5443
5444
5446
5447
5449
5451
5475
5450
5452
5476
5453
5477
5452
5453
5455
5457
5456
5458
5459
5458
5499
5459
5500
5501
5461
5463
5462
5464
5465
5464
5465
5467
5468
5470
5471
5473
5505
5474
5506
5507
5476
5477
5479
5511
5480
5512
5513
5482
5483
5485
5487
5486
5488
5489
5488
5489
5491
5493
5502
5492
5494
5503
5495
5504
5494
5495
5497
5498
5500
5501
5503
5504
5506
5507
5509
5529
5510
5530
5531
5512
5513
5515
5517
5516
5518
5519
5518
5519
5521
5523
5522
5524
5525
5524
5525
5527
5529
5528
5530
5531
5530
5531
5533
5534
5536
5537
5539
5541
5550
5540
5542
5551
5543
5552
5542
5543
5545
5546
5548
5549
5551
5589
5552
5590
5591
5554
5555
5557
6411
5558
6412
6413
5560
5562
5574
5561
5563
5575
5564
5576
5563
5564
5566
5568
5577
5567
5569
5578
5570
5579
5569
5571
5570
5572
5573
5572
5573
5575
5576
5578
5579
5581
5583
5582
5584
5585
5584
5585
5587
5589
5588
5590
5591
5590
5591
5593
5610
5594
5611
5612
5596
5598
5616
5597
5599
5617
5600
5618
5599
5619
5600
5620
5621
5602
5607
5622
5603
5608
5623
5609
5624
5605
5625
5606
5626
5627
5608
5628
5609
5629
5630
5611
5622
5612
5623
5624
5614
5625
5615
5626
5627
5617
5628
5618
5629
5630
5620
5631
5621
5632
5633
5623
5624
5626
5627
5629
5630
5632
5633
5635
5646
5636
5647
5648
5638
5640
5639
5641
5642
5641
5655
5642
5656
5657
5644
5645
5647
5652
5648
5653
5654
5650
5661
5651
5662
5663
5653
5654
5656
5658
5657
5659
5660
5659
5660
5662
5663
5665
5666
5668
5670
5676
5669
5671
5677
5672
5678
5671
6307
5672
6308
6309
5674
5676
5675
5677
5678
5677
5678
5682
5683
5684
6090
5686
5687
5682
5689
5690
6090
5693
5694
5685
5975
6091
5685
5693
5978
5976
5979
5688
6094
5688
5690
5692
5691
5691
6092
5691
5694
5694
5714
5730
5980
5986
5988
6045
5703
5731
5980
5982
5698
5773
6079
6080
6095
5699
5776
6025
6026
6036
6037
6095
5710
5711
5864
6096
5702
5706
5718
5992
5994
5707
6039
6040
5704
5743
5982
6105
5709
5745
6040
6041
5983
5984
6097
5707
5782
6030
6032
6042
6043
5709
5710
6037
6038
6098
5712
6043
6044
5712
6100
5712
5744
5867
5745
5716
5754
5986
5987
5718
5981
5990
5991
5717
5720
5989
5990
5762
5786
6166
5722
5787
6169
5995
5997
6039
5721
5783
5992
5993
5722
5995
5996
5728
5788
5789
5791
5792
5726
5774
5794
5795
5725
5775
5799
5800
5985
6000
6001
5777
5804
5805
5729
5778
5807
5808
5783
5810
5811
5784
5813
5814
6045
6046
6145
6105
6145
6147
5733
6048
6049
6101
5735
6003
6004
5743
5744
5873
6102
6003
6006
6007
6101
5751
5752
5879
6103
5741
6051
6052
6104
5739
5742
5816
5817
5746
6054
6055
5748
5750
6057
6058
6060
6061
6107
5746
6009
6010
5745
6110
5745
5897
6063
6064
5751
6007
6008
6108
6164
6165
5753
6163
6164
5750
5752
5911
5753
6058
5753
6113
5753
5916
6164
5762
6015
6016
5764
6066
6067
6146
5763
5766
5822
5823
5769
6069
6070
6148
5761
5825
5826
6172
5771
5828
5829
6175
5772
6006
6018
6019
5831
5832
6178
5837
6181
5768
5838
6184
6072
6073
6151
5767
5770
5839
5840
5768
5842
5843
5845
6187
5846
6190
6075
6076
6154
5852
5853
6193
5855
5856
6196
6012
6021
6022
5983
6082
6083
6157
5777
6078
6079
5985
6081
6082
5782
6028
6029
6036
6024
6025
5784
6027
6028
5780
5785
5794
6238
5796
5798
6265
5803
5999
6268
6034
6035
6042
6030
6031
6033
6034
5804
6199
5787
5987
6202
5989
6205
5790
5810
6259
5790
5792
5993
5793
6262
5793
6280
5793
5996
6283
5796
5804
5796
5799
6078
5801
5798
5800
5802
6241
5801
6286
5801
6081
5801
6001
5803
6001
6244
6002
6289
5806
5806
5807
6024
5809
6271
5809
6027
5809
5814
6292
6295
5812
6274
5812
5813
6031
5815
6277
5815
6033
5815
6298
6301
5818
5847
6054
5818
5849
6010
5848
5850
6084
6085
5821
6013
6055
6056
6057
6059
6085
6086
5824
5838
6016
5824
5842
6067
6017
6068
5827
5831
6049
5827
5829
6208
5830
6050
5830
5855
6070
5830
6211
6071
5833
6004
5833
5835
6214
5836
6005
5836
5860
6019
6247
5836
6217
6020
5838
6016
6220
6223
5841
5852
6052
5841
5843
5845
5844
6053
5844
6073
5844
5846
6074
5846
6226
6229
5848
6084
5851
5850
5858
6250
5851
6304
6307
5854
6061
5854
5856
6232
5857
6062
5857
6076
5857
6235
6077
5859
6010
6253
5861
6011
6310
5861
6022
6256
6023
6313
5865
5874
6116
5864
5866
6096
5867
5868
5866
5900
5868
5869
5897
5869
5900
5898
5901
5871
5885
5886
5929
5888
5889
6123
5893
5894
5930
6139
5875
5896
5897
5899
5900
5932
5902
5903
6102
5878
5905
5906
6124
5879
5908
5909
6103
5880
5913
5914
5916
5917
5919
5920
6124
5884
5922
6126
5923
5924
5937
6125
5884
5927
6126
5887
5888
5896
5887
5899
5941
5898
5901
5890
5902
5890
5905
6127
5904
5907
5892
5913
5912
5915
5895
5923
5944
5895
5925
5926
5898
5902
5898
5901
5950
5901
5904
5904
5908
6111
5910
5907
6130
5907
5909
5914
5910
5910
6114
5910
5917
5912
5916
5918
5915
5919
5915
5917
5918
5918
5918
5921
5921
5922
6131
6136
5925
5965
5925
5927
6134
5928
5928
5928
6137
5941
5942
6123
5931
5944
5945
5947
5948
6139
5950
5951
6116
5937
5953
5954
6125
5939
5956
5957
6117
5938
5959
5960
6140
5939
5962
5963
6117
5965
5966
5940
5968
5969
5971
5972
5974
5975
6140
5943
5950
5943
5953
6128
5952
5955
5946
5965
5946
5947
5968
5967
5970
5949
5974
5949
5977
6141
5976
5979
5952
5952
5956
6118
5958
5955
6133
5955
5957
5966
5958
5958
6120
5958
5971
5961
6142
5961
5963
5969
5964
5964
6121
5964
5972
5967
5967
5971
5973
5970
5974
5970
5972
5973
5973
5973
5976
5976
6143
5979
5979
5981
6145
5982
6039
6041
6088
6089
6160
5998
6087
6089
6087
6088
5988
6015
5988
5989
5991
5991
5991
5995
5994
6030
5994
5996
5997
5997
5997
5999
6000
6002
6002
6087
6002
6005
6018
6005
6049
6020
6008
6012
6018
6008
6149
6014
6011
6021
6063
6011
6023
6014
6021
6063
6065
6014
6064
6065
6163
6165
6017
6045
6017
6047
6020
6020
6022
6023
6023
6026
6027
6026
6079
6029
6029
6029
6034
6032
6032
6033
6035
6035
6035
6038
6042
6038
6158
6044
6041
6041
6043
6044
6044
6047
6047
6066
6145
6068
6050
6069
6101
6050
6071
6053
6072
6104
6053
6061
6074
6056
6084
6056
6064
6086
6059
6163
6059
6062
6075
6107
6062
6077
6065
6065
6068
6146
6068
6073
6071
6148
6071
6076
6074
6151
6074
6077
6154
6077
6080
6081
6080
6083
6083
6083
6088
6086
6086
6089
6089
6091
6092
6093
6143
6093
6144
6157
6158
6100
6160
6161
6099
6100
6158
6159
6161
6162
6148
6149
6110
6111
6113
6114
6107
6151
6152
6106
6110
6147
6109
6112
6152
6153
6154
6155
6109
6113
6149
6150
6115
6155
6156
6112
6112
6114
6115
6115
6115
6118
6120
6121
6119
6120
6122
6122
6122
6127
6128
6130
6131
6133
6134
6136
6137
6129
6130
6129
6133
6132
6135
6132
6132
6136
6138
6135
6135
6137
6138
6138
6138
6141
6142
6143
6144
6144
6146
6147
6151
6153
6150
6154
6150
6156
6153
6153
6155
6156
6156
6159
6160
6159
6162
6162
6162
6165
6165
6167
6181
6202
6168
6182
6203
6183
6204
6170
6205
6280
6171
6206
6281
6207
6282
6173
6178
6208
6174
6179
6209
6180
6210
6176
6196
6211
6177
6197
6212
6198
6213
6179
6214
6180
6215
6216
6182
6220
6183
6221
6222
6185
6190
6223
6186
6191
6224
6192
6225
6188
6193
6226
6189
6194
6227
6195
6228
6191
6229
6192
6230
6231
6194
6232
6195
6233
6234
6197
6235
6198
6236
6237
6200
6238
6271
6201
6239
6272
6240
6273
6203
6205
6204
6206
6207
6206
6207
6209
6211
6210
6212
6213
6212
6213
6215
6217
6216
6218
6219
6218
6247
6219
6248
6249
6221
6223
6222
6224
6225
6224
6225
6227
6229
6228
6230
6231
6230
6231
6233
6235
6234
6236
6237
6236
6237
6239
6265
6240
6266
6267
6242
6244
6286
6243
6245
6287
6246
6288
6245
6289
6246
6290
6291
6248
6256
6249
6257
6258
6251
6253
6304
6252
6254
6305
6255
6306
6254
6310
6255
6311
6312
6257
6313
6258
6314
6315
6260
6262
6274
6261
6263
6275
6264
6276
6263
6283
6264
6284
6285
6266
6286
6267
6287
6288
6269
6289
6270
6290
6291
6272
6295
6273
6296
6297
6275
6277
6276
6278
6279
6278
6301
6279
6302
6303
6281
6283
6282
6284
6285
6284
6285
6287
6288
6290
6291
6293
6295
6298
6294
6296
6299
6297
6300
6296
6297
6299
6301
6300
6302
6303
6302
6303
6305
6307
6306
6308
6309
6308
6309
6311
6313
6312
6314
6315
6314
6315
6317
6324
6393
9105
6318
9108
9109
6325
6326
6393
6321
6328
6387
6394
6321
6332
6367
6369
6388
6394
6387
6388
6323
6324
6395
9104
9106
6397
9106
6327
9108
6327
6328
6398
6329
6329
6402
6333
6335
6350
6384
6386
6390
6334
6365
6403
6405
6407
6336
6367
6368
6405
6406
6336
6390
6391
6370
6371
6391
6341
6352
6408
6340
6349
6354
6355
6342
6351
6373
6374
6343
6357
6358
6360
6411
6366
6376
6349
6377
6378
6346
6371
6380
6381
6347
6361
6362
6423
6383
6364
6426
6353
6356
6429
6384
6385
6351
6365
6368
6366
6374
6385
6386
6353
6360
6373
6375
6435
6356
6357
6432
6356
6374
6385
6375
6414
6359
6378
6417
6361
6420
6376
6363
6378
6363
6364
6381
6379
6382
6383
6366
6406
6369
6370
6369
6406
6407
6372
6388
6372
6380
6389
6375
6376
6375
6379
6384
6390
6379
6392
6382
6391
6382
6383
6392
6386
6386
6389
6389
6392
6392
6397
6398
6402
6403
6396
6397
6399
6401
6399
6399
6402
6404
6401
6403
6404
6404
6404
6407
6407
6409
6411
6435
6410
6412
6436
6413
6437
6412
6413
6415
6417
6432
6416
6418
6433
6419
6434
6418
6420
6419
6421
6422
6421
6423
6422
6424
6425
6424
6426
6425
6427
6428
6427
6428
6430
6432
6435
6431
6433
6436
6434
6437
6433
6434
6436
6437
6441
6446
6448
6442
6444
8360
6443
6445
8002
8363
6449
6451
8010
8158
6446
6447
6449
6450
8011
6445
6447
8366
6450
8369
6448
6448
6450
6451
6451
8048
6451
6529
6530
7282
8177
6455
6532
6533
8178
6456
6535
6536
6591
6538
6539
6592
6541
6542
8160
6459
6544
6545
8161
6459
6467
7298
7299
8161
6481
7304
7305
6464
6480
6486
7310
7311
6463
6468
6490
6556
6557
6469
6475
6651
7188
7190
6482
6495
6562
6563
6483
6498
7313
7314
6470
6489
6500
6501
6474
6491
6503
6504
6548
6686
8165
8168
6482
7297
7298
6547
6687
8168
6494
6507
6508
6478
6496
6510
6511
6477
6487
6515
6516
6488
6549
6550
6476
6518
6519
6490
6547
6553
6554
6491
6552
6553
6497
6523
6524
6499
6526
6527
6481
7301
7302
6483
7300
7301
6545
7307
7308
7303
7304
7306
7307
6485
6492
6515
8666
6514
6517
8693
6488
7300
6497
7309
7310
6550
7309
7311
6494
6555
6556
6559
6560
7297
6558
6559
6493
6523
8669
6522
6525
8696
6561
6562
6498
6565
6566
7303
6499
6564
6565
7312
7313
7306
7316
7317
7315
7316
6502
6507
8681
6502
6504
6555
6505
8684
6505
6518
8699
6505
6558
8702
6510
6521
8672
6509
8687
6509
6511
6561
6512
8690
6512
6526
6512
6564
8705
6514
6549
8675
6551
8708
6517
6523
6517
6550
7309
6551
6520
8711
6520
6552
6865
6866
8714
6522
6526
8678
6528
8717
6525
6525
6527
7312
6528
6528
6528
7315
6531
7282
6531
6532
8212
6534
6534
8215
6534
6538
6537
6541
6537
6539
7002
6540
6540
6540
7005
6543
6543
6544
8163
6546
6546
8166
6546
6548
7297
7299
8168
6551
6551
6554
7189
6554
6559
7190
6557
6558
6557
6562
6560
6560
6560
6563
6564
6563
6566
6566
6566
7316
6568
6569
6575
6577
6965
6596
7007
7008
6583
6956
6957
7279
6585
6959
6960
8176
6588
6590
6962
6963
6589
6686
7150
7151
8179
6593
6594
7269
8257
6579
6596
6597
8196
6580
6599
6600
6971
7272
6965
6967
7008
6581
6586
6968
6969
6965
8196
8197
6971
6972
8173
6974
6975
8174
6584
6587
6977
6978
6980
6981
7294
6983
6984
8175
6618
6986
6987
6989
6990
8174
6992
6993
8175
6624
6995
6996
6640
6689
7156
7157
6624
6998
6999
7001
7002
8160
7004
7005
8178
6595
7284
8170
6595
6599
8262
6601
8172
6598
8171
6598
6600
8180
8220
6601
8172
6601
7291
6601
6609
7028
7007
7009
7013
6606
7010
7011
8181
6608
7013
7014
8194
6607
7016
8186
6612
7019
7020
6627
7022
7023
7017
7025
7026
7028
7029
8180
6615
7031
7032
8184
6617
7034
7035
8182
7037
7038
8181
6616
7040
7041
8188
6617
7043
7044
8182
6621
7046
7047
6633
7049
7050
7052
7053
7055
7056
8176
7058
7059
7295
8183
6626
7061
7062
8185
7064
7065
8184
6625
7067
7068
8191
6626
7070
7071
8185
7073
7074
6641
7076
7077
7079
7080
7083
7084
8186
6631
7318
7319
8189
6632
7321
7322
8187
6632
6703
7167
7169
8187
6636
6788
7385
7386
6706
7173
7175
7086
7087
8188
6638
7089
7090
7325
8192
6639
7092
7093
7101
8190
7095
7096
8189
6639
7098
7099
8190
6643
7324
7325
7101
7102
7104
7105
8179
7107
7108
8191
6645
7110
7111
8193
7327
7328
8192
6645
7330
7331
8193
6682
7143
7145
7331
6648
6662
6790
6791
6664
6666
6793
8372
6670
6794
6795
6672
6674
6797
6798
6678
6685
7333
7334
6687
6719
7182
7184
6653
6693
7336
7337
6696
6730
7194
7196
7337
6655
6785
6802
7252
7253
6699
6807
7255
7256
6659
7113
7114
8243
6661
6812
6813
8720
6660
6665
8375
7116
7117
8246
6668
6815
6816
6818
6819
8729
6670
7339
7340
6667
7090
7342
7343
6669
7119
7120
6668
6821
8378
6669
6822
8381
7093
7122
7123
6823
6824
7125
7126
7345
7346
6675
7348
7349
8252
6677
7351
7352
6676
6680
7128
7129
6677
6832
6833
7354
7355
8255
6683
7129
7131
7396
7398
7357
7358
6688
7360
7361
6681
6690
7134
7135
6683
7137
7138
6684
7140
7141
6689
7110
7146
7148
7138
7143
7144
6690
7141
7146
7147
6688
7149
7150
7334
7153
7154
8218
7152
7153
7155
7156
7361
7105
7159
7160
7134
7158
7159
6709
6714
6838
8384
6716
6718
6839
8387
6696
7161
7162
7336
6697
7162
7163
6697
6698
8238
8265
8266
7164
7165
7165
7166
6700
7084
7322
7323
6785
7363
7364
6786
7085
7364
7365
6725
7082
7366
7367
6724
6727
6840
6841
6730
7170
7172
8264
6707
6733
7167
7168
6732
6734
7170
7171
6807
7176
7178
7321
6741
7173
7174
6742
6809
7176
7177
6773
6843
8390
6711
6758
6845
6846
6760
6848
6849
6713
6827
6851
6852
6829
6854
6855
6773
6859
6860
6719
7149
7369
7370
6721
7179
7180
6720
6722
6862
8393
6721
6863
8396
7152
7185
7187
7370
6723
7182
7183
7185
7186
6723
6864
6865
7188
7189
6729
6867
8399
7161
7372
7373
6728
6731
7191
7192
6729
6868
6869
6735
6871
8402
6872
8405
7164
7197
7199
6735
7194
7195
6736
7197
7198
6741
6873
6874
6736
6876
8408
6878
8411
6879
8414
6745
6787
7200
7201
6740
6789
6882
6883
6743
6803
6887
6888
6804
6890
6891
6893
6894
6744
6896
6897
6808
6899
6900
6809
6902
6903
7095
7203
7204
6748
6905
8741
6750
7097
7206
7207
6907
6908
8744
6754
7114
7209
7210
7115
7212
7213
6765
7099
7215
7216
6755
6910
6911
8756
6756
7100
7218
7219
7117
7221
7222
6913
6914
8759
7118
7224
7225
6759
6826
7324
7339
7341
6760
7227
7228
6762
7228
7229
7326
7230
7231
6762
6768
7120
7121
7343
7231
7232
7344
6764
6766
6916
8417
6769
6917
8420
7102
7375
7376
6769
6918
6919
6770
7103
7378
7379
6770
7123
7125
7127
7233
7234
7124
7234
7235
7379
6772
7132
7236
7237
6836
6927
6928
6932
6933
6776
7155
7239
7240
6778
6935
6936
8732
7158
7242
7243
6781
6938
6939
8774
6941
6942
8777
6782
7144
7245
7246
6783
6947
6948
8738
6950
6951
8780
7147
7248
7249
6953
6954
8783
6786
6990
7319
7320
8242
7381
7382
6991
7382
7383
7095
7384
7385
6802
7318
7388
7389
6804
7387
7388
6792
6794
8423
6792
6845
7340
6847
8426
6848
7119
8429
6796
8432
6796
6851
7346
6853
8435
6799
6854
7351
6799
6832
6857
6856
6858
6801
6810
7200
8723
6881
7202
8804
7381
7391
7392
6808
7251
7252
7390
7391
6806
6887
8438
6886
6889
8807
7257
7259
7363
7254
7255
7257
7258
6811
7203
8726
6906
7205
8822
6814
6907
8789
6814
6818
7209
6909
7211
6817
6823
7215
6817
6910
8825
6912
7217
6820
7221
6820
6913
8828
6915
7223
6824
6916
8441
6917
7126
8444
6825
7375
6825
6918
6920
7377
6828
7327
7345
7347
6829
7260
7261
6831
7261
7262
7329
7263
7264
6831
6835
7349
7352
7353
7264
7265
7350
6834
6925
6834
6927
7357
6926
6929
6837
7355
7358
7359
7132
7393
7394
7133
7356
7394
7395
6839
6860
8447
7179
8450
6842
6867
6842
6868
7367
7368
6844
6933
8453
6935
8735
6847
7227
6847
6849
8456
8459
6850
7230
6850
8462
8792
6853
7260
6853
6855
8465
8468
6856
7263
6856
8471
8474
6858
6925
8747
8477
6861
6932
7333
6861
7179
7181
7335
6863
7183
8480
7186
8483
6866
8840
6866
7189
8795
8486
6870
7373
6870
6872
7192
7193
7374
6872
7192
8489
8492
6875
6893
8798
6875
6876
7168
6877
8801
6877
7171
8843
6879
7195
8495
7198
8498
6881
6883
6885
8750
6884
8846
6884
7201
7387
6884
6890
7202
6886
6890
8753
6892
8849
6889
6899
6889
6891
7251
6892
6892
6892
7390
6895
8810
6895
6896
7174
6898
8813
6898
7177
6898
6903
8852
8855
6901
8816
6901
6902
7254
6904
8819
6904
7258
6904
8858
8861
6906
6908
7207
7208
8864
6909
8837
6909
7212
7214
6912
8867
6912
6914
7219
7220
6915
8870
6915
7225
7226
6918
8501
7233
8504
6920
6920
7234
7379
7380
6922
6944
7128
8762
6924
7130
8873
6924
6930
7237
8765
7238
8876
6926
8768
6931
8879
6929
7393
6929
6930
7237
6931
6931
8771
8882
6934
7360
6934
6935
6937
7362
6937
6937
6941
7240
7241
6940
6950
7135
6940
6942
8885
6943
7136
6943
7243
6943
8888
7244
6946
7137
8786
6946
6947
8831
6949
7139
6949
8834
6949
6954
7246
7247
6952
7140
6952
6953
8891
6955
7142
6955
8894
6955
7249
7250
6958
6980
8208
6958
7279
8211
8210
8213
6961
6986
6998
6961
7004
8209
7000
7006
6964
6995
8217
6964
6999
8162
8164
8219
6966
6967
7010
8197
7009
7012
6970
6974
7019
6970
6989
7022
7021
7024
6973
7028
6973
7031
8200
7030
7033
6976
7037
6976
7040
8202
7039
7042
6979
6983
7046
6979
6992
7049
7048
7051
6982
7055
6982
7058
7294
7057
7060
6985
7064
6985
7067
8205
7066
7069
6988
7073
6988
7056
7079
7075
7081
6991
7083
6991
8203
7085
6994
7086
6994
7089
8206
7088
7091
6997
7104
6997
7074
7107
7106
7109
7000
7073
7000
7001
7003
7003
8162
7003
7005
7006
7006
8214
7006
7008
7009
7015
7012
8223
7012
7014
7020
7015
7015
8195
7015
7025
7018
7023
7018
8194
7026
7021
7037
7021
7025
7027
7024
7083
7024
7026
7027
7027
7027
7030
7030
7034
8221
7036
7033
8232
7033
7035
7047
7036
7036
8226
7036
7052
7039
7039
7043
8224
7045
7042
8239
7042
7044
7050
7045
7045
8227
7045
7053
7048
7064
7048
7052
7054
7051
7086
7051
7053
7054
7054
7054
7057
8208
7057
7061
7063
7060
7295
7060
7062
8230
7063
7063
7079
7063
8235
7066
7066
7070
8233
7072
7069
8248
7069
7071
7077
7072
7072
8236
7072
7080
7075
7075
7076
7078
7078
7107
7078
7080
7081
7081
7081
7161
7366
7085
7085
8238
7088
7088
7092
8240
7094
7091
8251
7091
7093
7342
7094
7094
8245
7094
7122
7097
7204
7385
7097
7113
8267
7115
7206
7100
7116
8190
7100
7102
7216
7118
7218
7103
7122
7103
7376
7124
7378
7106
8217
7106
7110
7112
7109
7109
7111
8249
7112
7112
7112
8254
7115
8243
7115
7117
7210
7213
7118
8246
7118
7222
7224
7121
7230
7121
7125
7232
7124
7124
7343
7127
7127
7233
7235
7130
7137
7130
7236
7238
7133
7143
7331
7396
7397
7332
7397
7398
7136
7242
7136
7140
7244
7139
7139
7245
7247
7142
7142
7248
7250
7145
7145
7147
7245
7148
7148
7159
7148
7248
7151
7152
7369
7151
7156
7154
7154
7154
8168
7157
7158
7239
7157
7160
7160
7242
7160
7163
7372
7163
7165
7166
8264
7166
8266
7169
7173
7169
7171
7172
7172
7197
7172
7175
7175
7177
7178
7178
7257
7178
7181
7181
7185
7370
7371
7184
7188
7184
7186
7187
7187
7187
7190
7190
7193
7194
7337
7193
7338
7196
7196
7198
7199
7199
7199
7202
7203
7202
7384
7205
7205
7206
7208
7208
7208
7212
7211
7221
7211
7213
7214
7214
7214
7217
7375
7217
7218
7220
7220
7220
7225
7223
7223
7224
7226
7226
7226
7229
7340
7229
7231
7341
7232
7232
7235
7235
7238
7396
7238
7241
7361
7241
7243
7362
7244
7244
7247
7247
7249
7250
7250
7253
7390
7253
7255
7392
7256
7258
7256
7259
7259
7259
7262
7346
7262
7264
7347
7265
7351
7265
7353
7284
8170
7271
7274
8258
8259
7273
7279
7281
8258
7270
7284
7285
8257
7286
7288
7289
7291
7292
8173
8199
7288
7294
7296
7275
7286
7276
8259
7277
7278
8259
7283
8260
7280
7294
7281
7282
8177
8211
7283
8260
7283
7287
8261
7287
7289
7290
8258
7290
8261
7296
8263
7293
8262
7293
7295
8183
8229
7296
8263
7295
7296
7299
7299
7304
7302
7302
7307
7305
7306
7305
7308
7308
7308
7311
7311
7313
7314
7315
7314
7317
7317
7317
7320
7381
7320
8268
7383
7323
7363
7323
8265
7365
7326
7327
7326
7342
7344
7329
7329
7348
8192
7350
7332
7354
8193
7332
7356
7335
7360
7335
7369
7371
7338
7372
7338
7374
7341
7345
7341
7344
7344
7347
7347
7350
8252
7350
7355
7353
7353
7358
7356
8255
7356
7359
7393
7359
7395
7362
7362
7365
7365
7382
7368
7368
7373
7371
7371
7374
7374
7377
7377
7378
7380
7380
7380
7383
7383
7386
7387
7386
7389
7389
7389
7391
7392
7392
7395
7395
7397
7398
7398
7400
7434
7435
7783
7437
7438
8285
7404
8050
8051
8271
7405
8053
8054
8270
7405
7449
8270
7408
7450
7451
8051
7453
7454
8054
7410
7412
7854
7855
7411
7857
7858
8272
7464
7465
8271
8349
7411
7467
7468
8272
8324
7416
8056
8057
7473
7474
7858
7416
7590
8134
8135
7415
7418
7514
7908
7910
7419
7422
8059
8060
7421
7520
7914
7916
8062
8063
7420
7483
7484
8287
7421
8065
8066
7425
7860
7861
8060
7492
7493
7790
8068
8069
7425
8071
8072
7424
7427
7863
7864
7429
7592
7593
7866
7867
8072
7428
7503
7504
8290
7429
8074
8075
7509
7510
7797
8077
8078
7432
7443
7598
7599
7442
7445
7601
7602
7604
7605
8276
7457
7607
8278
8507
7436
7437
7489
7436
7492
7814
7491
7494
7439
7500
7439
7503
8298
7502
7505
7441
7872
7873
8274
7446
7875
7876
7448
7608
7609
8080
8081
8276
7447
7451
8083
8084
7448
8086
8087
7876
7878
8148
8150
8274
7453
8089
8090
8092
8093
7454
7817
7452
7464
7799
7452
7453
8083
7455
7801
7455
8089
7455
7819
7820
7458
7620
8279
8510
7621
8281
8513
7461
8516
7462
7471
7887
7888
7463
7627
7628
8897
7630
7631
8279
7473
7890
7891
7633
7634
8900
7466
7802
7466
7467
8277
8354
7469
7804
7469
8280
8332
7469
7474
7822
7823
7472
7480
7805
8056
8058
7472
7473
7887
8057
8058
7475
7807
7475
7890
7475
7825
7826
7477
7481
7638
7984
7985
7486
7643
7987
7988
7479
7490
8095
8096
7495
8098
8099
7482
7808
8062
8064
7486
8101
8102
7488
7810
8102
8103
7485
7809
8306
7485
7487
7493
7488
7810
8104
8105
7488
7496
8066
8067
8105
8106
7491
7500
7860
7862
7495
7893
7894
8095
7497
7894
7895
7494
7837
7494
7496
7497
7896
7897
8098
7497
8069
8070
7897
7898
7499
7501
8107
8108
7506
7899
7900
7502
7866
7868
7506
7902
7903
8107
7508
7903
7904
7505
8315
7505
7507
7510
8358
7508
7899
7905
7906
7512
8357
8358
7906
7907
8358
8359
7511
7850
7511
7512
8111
8113
8110
8111
7519
7566
7908
7909
7643
7912
7913
8065
7567
7645
7911
7912
7522
7648
7649
8519
7571
7861
8115
8116
7570
7573
7651
7652
7576
7914
7915
7578
7918
7919
8068
7577
7580
7917
7918
7654
7655
8522
7583
7867
8118
8119
7585
7657
7658
8525
7586
7869
7920
7921
7588
7595
7666
7667
7528
7612
7671
7672
7614
7676
7677
7530
7540
7679
7680
7542
7682
7683
7533
7923
7924
8327
7534
7687
7688
8912
7926
7927
8330
7690
7691
8933
7536
7879
7929
7930
7617
7699
7700
7538
7546
7704
8528
7548
7705
8531
7541
7611
8348
8351
8353
7542
7932
7933
7544
7933
7934
8350
7935
7936
7544
7549
7882
7883
8355
7936
7937
8356
7556
8121
8122
8323
7548
7706
7707
7550
8124
8125
8325
7938
7939
7550
7885
7886
8333
7939
7940
8125
8334
7562
7854
7941
7942
7555
7856
7944
7945
7711
7712
8930
7560
7888
7947
7948
7889
7950
7951
7857
7953
7954
7559
7714
7715
8951
7561
7859
7956
7957
7717
7718
8954
7891
7959
7960
7892
7962
7963
7589
7965
7966
7565
7591
7722
7723
7568
7639
7727
7728
7640
7730
7731
7576
7733
7734
7569
7736
7737
7644
7739
7740
7645
7742
7743
7575
7746
8534
7893
8127
8128
7574
7579
7747
7748
7575
7750
7751
7581
7753
8537
7754
8540
7755
7756
7582
7758
8543
7896
7971
7973
8098
8100
7581
7968
7969
7582
7971
7972
7760
8546
7761
8549
7902
8130
8131
7587
7762
7763
8552
7765
7766
8555
7905
7974
7975
7768
7769
8558
7646
7773
7774
7854
8133
8134
7638
8063
8137
8138
7640
8136
8137
7594
7664
7863
7594
7666
8077
7665
7668
7646
8139
8140
7597
7870
8078
8079
8110
7647
8112
8140
8141
7600
7604
8561
7600
7671
8081
7673
8564
7603
7608
7674
7603
7676
8086
7675
7678
7606
8567
7606
7679
8352
7681
8570
7682
7881
8573
7610
7697
7610
7699
8092
7698
7701
7613
8050
8080
8082
7614
7977
7978
7616
7978
7979
8052
7980
7981
7616
7618
8084
8087
8088
7981
7982
8085
7879
8142
8143
7619
8090
8093
8094
7880
8091
8143
8144
7623
7704
8576
7705
7884
8579
7624
7630
8121
8279
7624
7706
8279
7708
8123
7626
7636
7941
8903
7710
7943
8984
7629
7711
8975
7629
7634
7947
7713
7949
7632
7953
7632
7714
8978
7716
7955
7635
7717
8981
7635
7959
7719
7961
7637
7965
8906
7721
7967
8987
8101
8146
8147
7644
7983
7984
8145
8146
7642
7727
8909
7726
7729
8990
7989
7991
8104
7986
7987
7989
7990
7992
7993
7993
7994
8114
7650
7654
8059
7650
7651
7745
7653
8061
7653
7746
7653
7750
8116
8117
7656
8071
7656
7657
8582
7659
8073
7659
8585
7659
7765
8119
8120
7661
7664
7863
8915
7663
7865
9017
7663
7771
7921
8918
7922
9020
7665
8921
7670
9023
7668
8139
7668
7669
7774
7670
7670
7776
8924
9026
7673
7977
7673
7677
8588
8591
7675
7697
8927
9029
7678
7980
7678
8594
8597
7681
7932
7681
7683
8600
8603
7935
8606
8609
7686
7693
7872
8936
7686
7687
9011
7689
7874
7689
9014
7689
7691
7924
7925
7692
8033
9035
7692
7927
7928
8034
7694
7875
8939
7696
7877
9038
7696
7702
7930
8942
7931
9041
7698
8945
7703
9044
7701
8142
7701
7702
7930
7703
7703
8948
9047
7706
8612
7938
8615
7708
7708
7939
8125
8126
7710
7712
7945
8957
7946
9056
7713
9032
7713
7950
7952
7716
9050
7716
7718
7957
7958
7719
9053
7719
7962
7964
7721
7723
7725
8960
7724
9059
7724
7966
8136
7724
7730
7967
7726
7730
8963
7732
9062
7729
7739
7729
7731
7983
7732
7732
7732
8145
7735
7755
8993
7735
7736
7909
7738
8996
7738
7911
7738
7742
9065
9068
7741
8999
7741
7743
7986
7744
9002
7744
9071
7744
7990
9074
7746
8966
8618
7749
7968
8096
7749
7751
7753
7752
8097
7752
8128
7752
7754
8129
7754
8621
8624
7757
9005
7757
7758
7915
7759
9008
7759
7917
9077
7761
7969
8627
7972
8630
7764
7768
8108
7764
7766
8633
7767
8109
7767
8131
7767
8636
8132
7770
7900
7770
8639
7772
7901
7772
7975
8969
7976
9080
7775
7992
7775
7776
8642
8972
7778
7781
7799
7800
7802
7803
8283
7780
7782
7805
7806
7808
7809
8284
8283
7811
7812
8284
7814
7815
8285
7785
7821
7822
8286
7786
7824
7825
7827
7828
8286
7789
7830
7831
8288
7833
7834
7793
7836
7837
7838
8287
7795
7840
7841
8291
7796
7843
7844
8289
7846
8288
7796
7847
8289
7798
7848
7849
7850
7851
8290
7853
8291
7801
7802
7801
7818
7820
7804
7804
7821
8292
7823
7807
7808
7807
7811
7824
7826
7810
7810
8295
7813
7827
7813
7830
8296
7829
7832
7816
7837
7816
7840
8299
7839
7842
7819
7820
7820
7823
8301
7823
7825
7826
7827
7826
7829
7829
7833
8302
7835
7832
8309
7832
7834
7836
7835
7835
8304
7835
7839
7839
7843
8307
7845
7842
8318
7842
7844
7848
7845
7845
8312
7845
7849
7847
8310
8313
7849
9114
7852
8316
9114
8321
9111
9116
8319
9104
9117
7856
7942
8134
7856
7887
8057
7889
7944
7859
7954
8323
7859
7890
7892
7956
7862
7866
7862
7893
8115
7895
7865
7865
7920
8074
7922
7868
7868
7902
8118
7904
7871
7905
7920
8074
8076
7871
8075
8076
8357
7907
8359
7874
7875
7874
7923
8274
7925
7877
7877
7929
7931
7880
8053
8326
8148
8149
8055
8149
8150
7883
7935
8278
7883
7885
8278
7937
7886
7938
8281
7886
8281
7940
7889
7889
7891
7948
7951
7892
7892
7960
7963
7895
8127
7895
7897
7898
8068
7898
8070
7901
7974
7901
8108
7976
7904
8130
7904
7906
7907
7974
7907
7910
7914
7910
7911
7913
7913
7913
7989
7916
7916
7917
7919
7919
7919
7971
7922
7922
7975
7925
8327
7925
7927
7928
8330
8336
7928
8337
7931
8148
7931
7934
8352
7934
7936
8353
7937
7937
7940
7940
7943
7965
7943
7944
7946
7946
7946
7950
7949
7959
7949
7951
7952
7952
7952
7955
8121
7955
7956
7958
7958
7958
7962
7961
7961
7963
7964
7964
7964
7967
7967
8133
7970
8099
7970
7972
7973
8100
7973
7973
7976
7976
7979
8081
7979
7981
8082
7982
8086
7982
8088
7985
8145
7985
7987
8147
7988
7990
7988
7991
7991
7991
7994
7994
8140
8038
8040
8338
7998
8151
8152
8339
8035
8036
8282
8341
7999
8154
8155
8038
8039
8155
8339
8001
8003
8013
8645
8009
8015
8648
8011
8016
8651
8009
8017
8018
8006
8041
8042
8343
8008
8020
8021
9083
8044
8045
8345
8012
8023
8024
9086
8026
8027
9089
8029
8030
8039
8157
8158
8047
8048
8032
8033
9092
8014
8018
8654
8020
8657
8016
8030
8660
8047
8663
8019
8029
8151
8019
8020
8022
8153
8022
8022
8026
8042
8043
8025
8032
8036
8025
8027
9095
8028
8037
8028
8045
8028
9098
8046
8031
8154
8031
8047
8049
8156
8034
8335
8034
9101
8337
8037
8044
8341
8037
8335
8046
8040
8342
8040
8157
8043
8152
8343
8043
8045
8153
8046
8345
8046
8049
8049
8158
8159
8052
8348
8052
8083
8085
8055
8270
8055
8089
8091
8058
8062
8058
8061
8071
8061
8115
8117
8064
8064
8101
8103
8067
8104
8067
8069
8106
8070
8070
8073
8073
8118
8120
8076
8076
8078
8079
8139
8079
8141
8082
8351
8082
8085
8085
8090
8088
8088
8093
8091
8091
8094
8142
8094
8144
8097
8127
8097
8099
8129
8100
8100
8103
8103
8105
8106
8106
8109
8130
8109
8132
8112
8357
8112
8113
8114
8114
8117
8117
8128
8120
8120
8131
8123
8123
8124
8323
8126
8126
8325
8126
8129
8129
8132
8132
8135
8136
8135
8138
8138
8138
8146
8141
8141
8144
8144
8149
8147
8147
8150
8150
8153
8154
8153
8339
8156
8156
8157
8159
8159
8159
8162
8163
8165
8166
8164
8164
8166
8167
8167
8218
8167
8219
8170
8171
8172
8172
8199
8200
8202
8203
8205
8206
8208
8209
8211
8212
8214
8215
8217
8218
8220
8221
8223
8224
8226
8227
8229
8230
8232
8233
8235
8236
8238
8264
8265
8239
8240
8267
8268
8245
8246
8248
8249
8251
8252
8254
8255
8195
8198
8220
8198
8223
8222
8225
8201
8229
8201
8232
8231
8234
8204
8239
8204
8242
8241
8244
8207
8248
8207
8251
8250
8253
8210
8210
8214
8216
8213
8213
8215
8216
8216
8216
8219
8219
8222
8222
8226
8228
8225
8225
8227
8228
8228
8228
8231
8231
8235
8237
8234
8234
8236
8237
8237
8237
8241
8241
8245
8247
8244
8268
8269
8244
8246
8267
8269
8247
8247
8247
8250
8250
8254
8256
8253
8253
8255
8256
8256
8256
8261
8262
8260
8260
8263
8263
8266
8266
8269
8269
8273
8326
8328
8348
8349
8323
8324
8329
8331
8340
8326
8327
8282
8329
8330
8336
8341
8351
8352
8280
8354
8355
8281
8332
8333
8335
8336
8292
8293
8295
8296
8298
8299
8301
8302
8306
8307
8309
8310
8312
8313
8315
8316
8318
8319
8294
8301
8294
8303
8297
8306
8297
8309
8308
8311
8300
8315
8300
8318
8317
8320
8303
8303
8304
8305
8305
8308
8308
8312
8314
8311
8311
8313
8314
8314
8314
8317
8317
8321
8322
8320
8320
9123
8322
8322
9122
9123
8325
8325
8332
8334
8328
8328
8330
8331
8331
8346
8331
8334
8334
8355
8337
8337
8340
8342
8344
8342
8343
8346
8347
8345
8346
8344
8344
8345
8347
8347
8347
8350
8350
8354
8356
8353
8353
8356
8356
8359
8359
8361
8366
8362
8367
8368
8364
8369
8651
8365
8370
8652
8371
8653
8367
8369
8368
8370
8371
8370
8371
8373
8381
8429
8374
8382
8430
8383
8431
8376
8378
8825
8377
8379
8826
8380
8827
8379
8441
8380
8442
8443
8382
8444
8383
8445
8446
8385
8390
8447
8386
8391
8448
8392
8449
8388
8396
8450
8389
8397
8451
8398
8452
8391
8453
8392
8454
8455
8394
8480
8840
8395
8481
8841
8482
8842
8397
8483
8398
8484
8485
8400
8405
8486
8401
8406
8487
8407
8488
8403
8411
8489
8404
8412
8490
8413
8491
8406
8492
8407
8493
8494
8409
8414
8843
8410
8415
8844
8416
8845
8412
8495
8413
8496
8497
8415
8498
8416
8499
8500
8418
8420
8501
8419
8421
8502
8422
8503
8421
8504
8422
8505
8506
8424
8426
8432
8425
8427
8433
8428
8434
8427
8459
8428
8460
8461
8430
8792
8431
8793
8794
8433
8435
8434
8436
8437
8436
8468
8437
8469
8470
8439
8807
8816
8440
8808
8817
8809
8818
8442
8501
8443
8502
8503
8445
8504
8446
8505
8506
8448
8450
8449
8451
8452
8451
8452
8454
8735
8455
8736
8737
8457
8459
8462
8458
8460
8463
8461
8464
8460
8461
8463
8792
8464
8793
8794
8466
8468
8471
8467
8469
8472
8470
8473
8469
8470
8472
8474
8473
8475
8476
8475
8477
8476
8478
8479
8478
8747
8479
8748
8749
8481
8483
8482
8484
8485
8484
8485
8487
8488
8490
8492
8491
8493
8494
8493
8494
8496
8498
8497
8499
8500
8499
8500
8502
8503
8505
8506
8508
8513
8573
8509
8514
8574
8515
8575
8511
8516
8576
8512
8517
8577
8518
8578
8514
8579
8515
8580
8581
8517
8978
8518
8979
8980
8520
8522
8966
8521
8523
8967
8524
8968
8523
8582
8524
8583
8584
8526
8555
8585
8527
8556
8586
8557
8587
8529
8531
8612
8530
8532
8613
8533
8614
8532
8615
8533
8616
8617
8535
8540
8618
8536
8541
8619
8542
8620
8538
8546
8621
8539
8547
8622
8548
8623
8541
8624
8542
8625
8626
8544
8549
9077
8545
8550
9078
8551
9079
8547
8627
8548
8628
8629
8550
8630
8551
8631
8632
8553
8558
8633
8554
8559
8634
8560
8635
8556
8636
8557
8637
8638
8559
8639
8560
8640
8641
8562
8564
8567
8563
8565
8568
8566
8569
8565
8591
8566
8592
8593
8568
8570
8569
8571
8572
8571
8603
8572
8604
8605
8574
8606
8575
8607
8608
8577
8612
8578
8613
8614
8580
8615
8581
8616
8617
8583
8585
8584
8586
8587
8586
8587
8589
8591
8594
8590
8592
8595
8593
8596
8592
8593
8595
8597
8596
8598
8599
8598
9029
8599
9030
9031
8601
8603
8609
8602
8604
8610
8605
8611
8604
8605
8607
8609
8608
8610
8611
8610
8611
8613
8614
8616
8617
8619
8966
8620
8967
8968
8622
8624
8623
8625
8626
8625
8626
8628
8630
8629
8631
8632
8631
8632
8634
8636
8635
8637
8638
8637
8638
8640
9080
8641
9081
9082
8643
8972
8644
8973
8974
8646
8648
8654
8647
8649
8655
8650
8656
8649
8660
8650
8661
8662
8652
8663
8653
8664
8665
8655
8657
8656
8658
8659
8658
9083
8659
9084
9085
8661
8663
8662
8664
8665
8664
8665
8667
8669
8693
8668
8670
8694
8671
8695
8670
8696
8671
8697
8698
8673
8678
8705
8674
8679
8706
8680
8707
8676
8708
8677
8709
8710
8679
8717
8680
8718
8719
8682
8684
8687
8683
8685
8688
8686
8689
8685
8702
8686
8703
8704
8688
8690
8689
8691
8692
8691
8705
8692
8706
8707
8694
8708
8695
8709
8710
8697
8717
8698
8718
8719
8700
8702
8711
8701
8703
8712
8704
8713
8703
8704
8706
8707
8709
8710
8712
8714
8713
8715
8716
8715
8795
8716
8796
8797
8718
8719
8721
8729
8789
8722
8730
8790
8731
8791
8724
8726
8804
8725
8727
8805
8728
8806
8727
8822
8728
8823
8824
8730
8828
8731
8829
8830
8733
8735
8777
8734
8736
8778
8737
8779
8736
8737
8739
8783
8834
8740
8784
8835
8785
8836
8742
8744
8864
8743
8745
8865
8746
8866
8745
8837
8746
8838
8839
8748
8768
8749
8769
8770
8751
8753
8846
8752
8754
8847
8755
8848
8754
8849
8755
8850
8851
8757
8759
8867
8758
8760
8868
8761
8869
8760
8870
8761
8871
8872
8763
8786
8873
8764
8787
8874
8788
8875
8766
8771
8876
8767
8772
8877
8773
8878
8769
8879
8770
8880
8881
8772
8882
8773
8883
8884
8775
8780
8885
8776
8781
8886
8782
8887
8778
8888
8779
8889
8890
8781
8891
8782
8892
8893
8784
8894
8785
8895
8896
8787
8831
8788
8832
8833
8790
8837
8791
8838
8839
8793
8794
8796
8840
8797
8841
8842
8799
8801
8810
8800
8802
8811
8803
8812
8802
8843
8803
8844
8845
8805
8846
8806
8847
8848
8808
8849
8809
8850
8851
8811
8813
8812
8814
8815
8814
8855
8815
8856
8857
8817
8819
8818
8820
8821
8820
8861
8821
8862
8863
8823
8864
8824
8865
8866
8826
8867
8827
8868
8869
8829
8870
8830
8871
8872
8832
8834
8833
8835
8836
8835
8836
8838
8839
8841
8842
8844
8845
8847
8848
8850
8851
8853
8855
8858
8854
8856
8859
8857
8860
8856
8857
8859
8861
8860
8862
8863
8862
8863
8865
8866
8868
8869
8871
8872
8874
8876
8875
8877
8878
8877
8878
8880
8882
8881
8883
8884
8883
8884
8886
8888
8887
8889
8890
8889
8890
8892
8894
8893
8895
8896
8895
8896
8898
8900
8975
8899
8901
8976
8902
8977
8901
8981
8902
8982
8983
8904
8906
8984
8905
8907
8985
8908
8986
8907
8987
8908
8988
8989
8910
8990
8999
8911
8991
9000
8992
9001
8913
8933
9014
8914
8934
9015
8935
9016
8916
8921
9017
8917
8922
9018
8923
9019
8919
8969
9020
8920
8970
9021
8971
9022
8922
9023
8923
9024
9025
8925
8972
9026
8926
8973
9027
8974
9028
8928
8945
9029
8929
8946
9030
8947
9031
8931
8957
9032
8932
8958
9033
8959
9034
8934
9035
8935
9036
9037
8937
8939
9011
8938
8940
9012
8941
9013
8940
9038
8941
9039
9040
8943
8948
9041
8944
8949
9042
8950
9043
8946
9044
8947
9045
9046
8949
9047
8950
9048
9049
8952
8954
9050
8953
8955
9051
8956
9052
8955
9053
8956
9054
9055
8958
9056
8959
9057
9058
8961
8963
9059
8962
8964
9060
8965
9061
8964
9062
8965
9063
9064
8967
8968
8970
9080
8971
9081
9082
8973
8974
8976
9032
8977
9033
9034
8979
9050
8980
9051
9052
8982
9053
8983
9054
9055
8985
9056
8986
9057
9058
8988
9059
8989
9060
9061
8991
9062
8992
9063
9064
8994
8996
9005
8995
8997
9006
8998
9007
8997
9068
8998
9069
9070
9000
9002
9001
9003
9004
9003
9074
9004
9075
9076
9006
9008
9007
9009
9010
9009
9077
9010
9078
9079
9012
9014
9013
9015
9016
9015
9016
9018
9020
9019
9021
9022
9021
9022
9024
9026
9025
9027
9028
9027
9028
9030
9031
9033
9034
9036
9101
9037
9102
9103
9039
9041
9040
9042
9043
9042
9043
9045
9047
9046
9048
9049
9048
9049
9051
9052
9054
9055
9057
9058
9060
9061
9063
9064
9066
9068
9071
9067
9069
9072
9070
9073
9069
9070
9072
9074
9073
9075
9076
9075
9076
9078
9079
9081
9082
9084
9089
9085
9090
9091
9087
9092
9095
9088
9093
9096
9094
9097
9090
9098
9091
9099
9100
9093
9101
9094
9102
9103
9096
9098
9097
9099
9100
9099
9100
9102
9103
9107
9106
9109
9118
9107
9117
9118
9110
9110
9120
9121
9113
9115
9122
9113
9117
9118
9122
9119
9120
9116
9116
9119
9123
9120
9121
9121
9123
)


// ************************************************************************* //
