/*--------------------------------*- C++ -*----------------------------------*\
  =========                 |
  \\      /  F ield         | OpenFOAM: The Open Source CFD Toolbox
   \\    /   O peration     | Website:  https://openfoam.org
    \\  /    A nd           | Version:  13
     \\/     M anipulation  |
\*---------------------------------------------------------------------------*/
FoamFile
{
    format      ascii;
    class       labelList;
    note        "nPoints: 18974 nCells: 9120 nFaces: 36846 nInternalFaces: 18107";
    location    "constant/polyMesh";
    object      neighbour;
}
// * * * * * * * * * * * * * * * * * * * * * * * * * * * * * * * * * * * * * //


18107
(
1
3
310
2279
351
2280
8789
4
6
7
357
4
313
2282
358
2283
6
14
2281
2301
17
2283
8
17
32
9
18
43
11
20
175
11
12
22
44
23
176
13
29
250
30
251
460
15
17
5654
18
19
6876
21
22
25
6879
18
20
20
21
6885
23
23
6893
23
29
26
478
490
5658
28
29
5665
27
28
5686
30
460
490
30
5714
30
32
150
352
391
43
357
34
35
98
99
39
151
152
39
154
155
38
40
157
158
41
160
161
392
42
252
253
255
256
42
158
167
273
275
45
169
170
172
173
253
175
391
176
250
393
177
178
392
180
181
250
393
96
160
183
184
55
162
187
276
278
66
148
189
190
52
54
104
105
53
67
226
228
264
266
63
193
194
166
196
279
281
63
199
200
65
244
246
267
269
58
113
513
525
59
151
153
163
189
72
202
203
73
191
203
204
223
77
164
205
206
76
79
117
118
89
91
528
258
259
161
172
212
213
253
254
162
211
212
149
261
262
166
214
215
168
215
216
262
263
425
120
121
287
288
88
186
217
218
188
220
221
290
123
124
510
192
223
224
75
83
127
531
85
534
81
537
214
264
265
80
197
226
227
81
229
230
86
129
130
132
540
84
157
193
195
208
85
232
233
87
159
233
234
238
134
135
197
235
236
198
238
239
92
137
138
94
140
543
93
209
241
242
94
145
146
186
244
245
211
267
268
247
248
97
285
296
298
394
397
403
404
396
399
404
405
100
112
154
100
113
152
516
546
103
120
621
103
111
217
588
122
219
106
126
199
106
127
194
128
549
109
129
594
110
134
597
110
235
600
136
237
137
603
114
606
202
519
116
154
609
116
117
552
119
156
119
555
119
206
229
207
122
558
122
220
300
222
125
591
633
125
203
223
225
142
612
128
232
561
131
235
131
132
227
133
624
133
230
639
136
636
136
233
238
240
139
217
139
140
245
141
627
141
247
642
144
199
615
144
145
618
147
201
147
630
147
242
248
243
149
190
262
415
425
285
353
394
153
255
153
202
204
156
156
205
256
207
159
252
159
196
198
184
270
272
397
170
271
272
270
271
165
255
257
261
165
205
214
256
257
216
263
273
274
168
173
436
274
275
437
171
177
426
171
172
174
428
174
174
439
440
176
395
400
179
429
179
180
398
182
431
182
401
182
251
442
443
185
289
403
185
187
188
290
276
277
188
270
221
277
278
191
261
191
192
224
195
258
195
232
234
198
273
279
280
239
280
281
201
201
241
259
243
204
204
207
207
265
210
252
258
260
210
211
241
259
260
213
254
213
267
213
271
216
264
216
274
219
219
221
277
222
222
290
222
225
225
228
279
228
230
231
231
265
231
266
234
234
237
237
239
280
240
240
240
243
243
268
246
276
246
247
249
249
249
268
269
251
459
254
254
257
257
260
260
263
263
266
266
269
269
272
272
275
275
278
278
281
281
283
284
302
303
294
302
347
406
305
306
406
294
295
316
287
288
291
292
564
299
300
290
297
306
307
300
301
293
299
303
293
336
567
304
337
295
296
347
361
298
406
298
403
406
405
301
305
301
307
304
385
304
305
387
307
307
406
309
317
318
349
407
311
348
349
313
351
408
376
377
407
313
354
355
408
358
315
320
379
380
329
359
360
379
331
353
360
361
319
409
8869
319
321
362
8870
329
382
383
362
324
347
385
386
326
335
336
570
359
388
389
333
338
339
573
341
342
576
333
344
345
645
334
363
364
365
367
368
383
331
354
377
378
410
356
368
369
348
367
374
375
383
384
370
371
350
373
374
337
341
386
337
579
387
340
370
380
340
342
582
343
381
343
389
343
585
390
346
522
346
364
371
366
359
385
350
376
350
362
363
374
412
8871
353
355
357
356
356
413
356
358
358
361
388
361
368
363
365
366
373
366
369
376
369
378
372
382
372
373
375
384
375
375
378
378
407
381
388
381
382
390
384
384
387
387
389
390
390
394
395
397
398
400
401
396
396
400
402
399
404
399
401
402
402
402
405
405
409
410
412
413
411
8875
411
413
414
8876
414
8878
414
8879
424
417
418
426
427
429
430
491
432
433
491
420
435
436
492
422
438
439
441
442
451
493
444
445
492
447
448
452
494
425
435
496
437
428
429
428
432
438
440
431
431
441
497
443
434
444
434
447
498
446
449
437
500
437
439
440
444
440
443
501
443
459
446
446
450
449
504
449
462
450
453
458
459
455
461
462
463
464
493
457
466
467
495
469
470
494
457
472
473
495
475
476
460
463
490
460
469
465
481
465
466
502
468
483
468
507
468
475
485
486
471
471
472
505
474
474
508
474
476
477
488
477
489
481
482
6823
480
484
485
7197
487
488
6941
483
490
483
484
7198
486
486
7201
486
488
489
6943
489
497
498
500
501
502
504
505
507
508
500
499
501
499
504
503
506
503
503
507
509
506
506
508
509
509
509
511
513
633
512
514
634
515
635
514
525
515
526
527
517
519
546
518
520
547
521
548
520
525
521
526
527
523
645
524
646
647
526
527
529
543
630
530
544
631
545
632
532
534
561
533
535
562
536
563
535
636
536
637
638
538
540
555
539
541
556
542
557
541
639
542
640
641
544
642
545
643
644
547
606
548
607
608
550
561
612
551
562
613
563
614
553
555
609
554
556
610
557
611
556
557
559
564
621
560
565
622
566
623
562
563
565
567
566
568
569
568
579
569
580
581
571
576
579
572
577
580
578
581
574
582
645
575
583
646
584
647
577
585
578
586
587
580
581
583
585
584
586
587
586
587
589
603
621
590
604
622
605
623
592
633
593
634
635
595
600
624
596
601
625
602
626
598
600
636
599
601
637
602
638
601
602
604
627
605
628
629
607
609
608
610
611
610
611
613
615
614
616
617
616
618
617
619
620
619
630
620
631
632
622
623
625
639
626
640
641
628
642
629
643
644
631
632
634
635
637
638
640
641
643
644
646
647
663
727
6954
6980
651
659
664
665
667
726
2361
6982
669
670
728
653
660
672
673
675
676
729
655
661
678
679
681
682
730
657
662
684
685
687
688
731
689
690
727
6954
696
697
728
703
704
729
710
711
730
717
718
731
665
737
6981
666
669
6978
666
696
6979
6981
668
672
733
674
732
6982
671
7218
671
673
740
674
732
674
675
674
703
677
733
677
679
743
680
1977
680
681
926
680
710
927
683
1979
683
685
746
686
1980
686
687
929
686
717
930
934
1982
934
7277
7285
691
734
6975
691
694
738
695
736
693
725
735
695
736
695
699
698
737
698
701
741
702
739
700
738
702
739
702
706
705
740
705
708
744
709
742
707
741
709
742
709
713
712
743
712
715
747
716
745
714
744
716
745
716
720
719
746
719
722
749
723
748
721
747
723
748
723
7281
725
735
6985
6989
733
1976
2362
737
738
740
741
743
744
746
747
749
7285
7217
7218
1977
736
6972
7209
736
7209
739
739
742
742
745
745
748
748
7281
7286
776
1083
1942
968
1084
1085
2028
974
1087
1089
1162
756
763
1090
1091
970
2028
2030
2047
788
971
1093
1095
1096
1097
1937
759
766
1099
1100
972
1093
2031
1102
1938
762
1103
1104
1623
764
769
1106
1107
1087
2032
2033
1109
1110
1937
1112
1113
1939
767
771
1115
1116
1118
1119
1938
1121
1122
1940
774
822
1124
1125
1127
1128
1939
848
1130
1132
1291
1133
1134
1940
850
1130
1136
1137
851
1139
1141
1318
1142
1143
1941
854
1139
1145
1146
839
1148
1149
858
1151
1342
1065
1084
1152
1154
784
1155
1156
1943
1082
1153
1158
1160
1081
1161
1163
1167
785
1164
1165
1946
786
1167
1168
2263
791
1170
1171
804
1173
1174
1158
1176
1177
1071
1179
2047
2048
1074
1179
1181
794
1182
1183
1945
796
1185
1186
1944
1188
1189
1943
795
1191
1192
1949
796
1194
1195
1944
797
1197
1198
813
1200
1201
1203
1204
1206
1945
1079
1103
1207
2831
801
1208
1209
1947
1211
1213
2695
2832
807
1214
1215
824
1217
1218
2328
1211
1220
1221
2329
1223
1224
1946
810
1226
1227
1950
812
1229
1230
1948
1232
1233
1947
811
1235
1236
1953
812
1238
1239
1948
816
1241
1242
830
1244
1245
1247
1248
1250
1251
1949
819
1253
1254
1952
821
1256
1257
1951
1259
1260
1950
820
1262
1263
1956
821
1265
1266
1951
823
1268
1269
840
1271
1272
1274
1275
1277
1941
1278
1952
1279
1280
5770
827
1282
1283
1954
829
1285
1286
5771
833
1288
1289
871
1291
1292
2854
1294
1295
2336
1297
1298
1953
836
1300
1301
1957
838
1303
1304
1955
1306
1307
1954
878
1136
1309
1311
838
1312
1313
1955
842
1315
1316
879
1309
1318
1319
1321
1322
1324
1325
1942
1327
1328
1956
847
1330
1331
1958
1333
1334
1957
888
1145
1336
1338
847
1339
1340
1958
855
1342
1344
1345
889
1336
1345
1346
1348
1349
1351
1353
1385
852
860
1354
1355
1351
2094
2095
1357
1359
1407
1360
1361
1959
856
862
1363
1364
1357
2097
2098
1366
1368
1434
1369
1370
1960
859
865
1372
1373
1366
2100
1375
1376
1377
1959
863
868
905
1474
1476
1379
1380
1960
911
1489
1491
1961
866
869
914
1495
1497
1382
1383
920
1510
1512
1962
870
923
1516
1518
925
926
1961
928
929
1962
931
932
1385
1386
5965
875
1388
1389
1963
877
1391
1392
5783
876
1394
1395
1968
882
1398
1399
899
1401
1402
1404
1405
2400
2094
2107
2109
1407
1408
2107
885
1410
1411
1965
887
1413
1414
1964
1416
1417
1963
886
1419
1420
1970
887
1422
1423
1964
892
1425
1426
907
1428
1429
1431
1432
2097
2116
2118
1434
1435
2116
895
1437
1438
1967
897
1440
1441
1966
1443
1444
1965
896
1446
1447
1973
897
1449
1450
1966
898
1452
1453
916
1455
1456
1458
1459
1461
1967
1462
1463
1968
904
1465
1466
1971
906
1468
1469
1969
905
1472
1473
1976
2362
906
1471
1472
1969
910
1474
1475
925
1478
1479
1477
1478
1480
1481
1970
913
1483
1484
1974
915
1486
1487
1972
1489
1490
1971
914
1493
1494
1978
915
1492
1493
1972
919
1495
1496
928
1499
1500
1498
1499
1501
1502
1973
922
1504
1505
924
1507
1508
1975
1510
1511
1974
923
1514
1515
1981
924
1513
1514
1975
1516
1517
931
1520
1521
1519
1520
927
1976
927
1979
1977
930
1978
930
1982
1980
933
1981
933
935
936
1983
936
1983
936
7275
7277
938
941
1522
1934
2499
979
980
1985
2150
940
942
982
983
1525
987
988
1986
2153
1522
1523
1985
1525
1526
1986
944
945
1529
1530
1534
1535
1987
1539
1540
1987
947
949
1542
1543
1547
1548
1988
951
1550
1552
1553
1988
952
955
1555
1556
1558
1559
1561
1562
1989
954
957
1564
1565
1567
1568
1990
1570
1571
1989
958
964
1573
1574
1576
1577
1990
1579
1580
1992
961
966
1582
1583
1585
1586
1991
1588
1589
1993
963
969
1591
1592
1594
1994
1595
1596
1992
967
973
1598
1599
1601
1602
1993
1604
1605
1995
1607
1608
1613
1610
1611
1994
1613
1615
1889
1074
1616
1618
1616
1619
1620
1621
1995
1623
1625
1912
976
1923
1996
985
978
982
1925
1997
984
1936
2271
981
1934
2270
981
983
1999
2179
984
2271
984
987
984
992
1627
986
1996
991
1998
989
1997
989
990
2002
2188
991
1998
991
1001
1654
1627
1628
1999
998
1630
1631
2003
1000
1633
1634
2001
1636
1637
2000
2505
999
1639
1640
2005
1000
1642
1643
2001
1003
1645
1646
1008
1648
1649
1651
1652
1654
1655
2002
1007
1659
1660
2004
1662
1663
2003
1006
1665
1666
2007
1007
1668
1669
2004
1015
1673
1674
1676
1677
1679
1680
2005
1012
1682
1683
2008
1014
1685
1686
2006
1014
1688
2006
3350
1017
1689
1690
1022
1692
1693
2522
1695
1696
1698
1699
2007
1021
1703
1704
2009
1706
1707
2008
1020
1709
1710
2010
1021
1712
1713
2009
1025
1717
1718
1720
1721
1723
3406
5824
1024
1725
1726
2011
1028
1730
1731
1737
1738
2010
1031
1740
1741
2013
1033
1743
1744
2012
1746
1747
2011
1032
1749
1750
2014
1033
1752
1753
2012
1034
1755
1756
1037
1758
1759
1761
1762
1764
2013
1036
1769
1770
2015
1040
1774
1775
1781
1782
2014
1043
1784
1785
2018
1045
1787
1788
2016
1790
1791
2015
1044
1793
1794
2021
1045
1796
1797
2016
1049
1799
1800
1058
1802
1803
1805
1806
1808
1809
2017
1052
1811
1812
2020
1054
1814
1815
2019
1817
1818
2018
1053
1820
1821
2024
1054
1823
1824
2019
1055
1826
1827
1067
1829
1830
1832
1833
1835
2020
1057
1838
1839
2022
1061
1843
1844
1850
1851
2021
1064
1853
1854
2025
1066
1856
1857
2023
1859
1860
2022
1080
1862
1863
1871
1066
1865
1866
2023
1070
1868
1869
1607
1871
1873
1874
1875
1877
1878
2024
1073
1880
1881
2027
1075
1883
1884
2026
1886
1887
2025
1889
1890
1898
1075
1892
1893
2026
1076
1895
1896
1898
1900
1901
1902
1904
2027
1078
1907
1908
2260
1161
1912
1913
1624
1915
3735
1152
2257
2258
2260
2262
2264
2257
2263
2265
1148
1151
1086
1607
1086
1155
2029
1154
1157
1088
1623
1089
1164
2032
1163
1166
1092
1096
1170
1092
1109
1173
1172
1175
1094
1616
1095
1182
2031
1181
1184
1098
1188
1098
1191
2035
1190
1193
1101
1102
1197
1101
1118
1200
1199
1202
1206
1105
1624
1105
1208
2033
1207
1210
1108
1112
1214
1108
1127
1217
1216
1219
1111
1223
1111
1226
2036
1225
1228
1114
1232
1114
1235
2039
1234
1237
1117
1121
1241
1117
1133
1244
1243
1246
1120
1250
1120
1253
2038
1252
1255
1123
1259
1123
1262
2042
1261
1264
1126
1268
1277
1126
1143
1271
1270
1273
1129
1279
1129
1282
2040
1281
1284
1131
1351
1132
1137
1288
1290
1293
1135
1297
1135
1300
2043
1299
1302
1138
2094
1138
1306
1308
1311
1140
1357
1141
1146
1315
1317
1320
1144
1324
2045
1144
1327
1326
1329
1147
2097
1147
1333
1335
1338
1150
1343
1150
1325
1348
1344
1350
1343
1153
1871
1154
2257
1160
1157
2050
1157
1159
1171
1160
1159
2263
1160
1176
1162
2260
1163
1912
1169
1166
2057
1166
1168
1174
1169
1169
2264
1169
1177
1172
1188
1172
1176
1178
1175
1223
1175
1177
1178
1178
1178
1180
1898
1181
1185
2048
1187
1184
2056
1184
1186
1198
1187
1187
2053
1187
1203
1190
1190
1194
2051
1196
1193
2066
1193
1195
1201
1196
1196
2054
1196
1204
1199
1206
1199
1203
1205
1202
1250
1202
1204
1205
1205
1205
1213
2832
1210
2060
1210
1212
1215
1213
1212
6241
1213
1220
1216
1232
1216
1220
1222
1219
1279
1219
1221
2837
1222
1222
1222
2840
1225
1225
1229
2058
1231
1228
2069
1228
1230
1242
1231
1231
2063
1231
1247
1234
1234
1238
2061
1240
1237
2076
1237
1239
1245
1240
1240
2064
1240
1248
1243
1259
1243
1247
1249
1246
1297
1246
1248
1249
1249
1249
1252
1252
1256
2067
1258
1255
2075
1255
1257
1269
1258
1258
2072
1258
1274
1261
1261
1265
2070
1267
1264
2085
1264
1266
1272
1267
1267
2073
1267
1275
1270
1278
1270
1274
1276
1273
1327
1273
1275
1276
1276
1276
1278
1281
1281
1285
5906
1287
1284
2079
1284
1286
1289
1287
1287
5911
1287
1294
1290
1306
1290
1294
1296
1293
1385
1293
1295
2855
1296
1296
1296
2858
1299
1299
1303
2077
1305
1302
2088
1302
1304
1316
1305
1305
2082
1305
1321
1308
1308
1312
2080
1314
1310
2107
1311
1313
1319
1314
1314
2083
1314
1322
1317
1333
1317
1321
1323
1320
1407
1320
1322
1323
1323
1323
1326
2046
1326
1330
1332
1329
1329
1331
2086
1332
1332
1348
1332
2091
1335
1335
1339
2089
1341
1337
2116
1338
1340
1346
1341
1341
2092
1341
1349
1343
1366
1344
1347
1347
1434
1347
1349
1350
1350
1350
1352
1353
1388
2095
1387
1390
1356
1360
1398
1356
1376
1401
1400
1403
1358
1359
1410
2098
1409
1412
1362
1416
1362
1419
2101
1418
1421
1365
1369
1425
1365
1379
1428
1427
1430
1367
1368
1437
2100
1436
1439
1371
1443
1371
1446
2104
1445
1448
1374
1375
1452
1374
1382
1455
1454
1457
1461
1378
1462
1378
1465
2102
1464
1467
1381
1480
1381
1483
2105
1482
1485
1384
1501
1384
1504
1503
1506
1387
1387
1391
5966
1393
1390
2110
1390
1392
1399
1393
1393
5971
1393
1404
1396
2126
2894
1396
1397
1402
2895
3006
1405
2400
3006
1400
1416
1400
1404
1406
1403
1462
1403
1405
1406
1406
1406
1409
1409
1413
2108
1415
1412
2119
1412
1414
1426
1415
1415
2113
1415
1431
1418
1418
1422
2111
1424
1421
2132
1421
1423
1429
1424
1424
2114
1424
1432
1427
1443
1427
1431
1433
1430
1480
1430
1432
1433
1433
1433
1436
1436
1440
2117
1442
1439
2125
1439
1441
1453
1442
1442
2122
1442
1458
1445
1445
1449
2120
1451
1448
2141
1448
1450
1456
1451
1451
2123
1451
1459
1454
1461
1454
1458
1460
1457
1501
1457
1459
1460
1460
1460
1464
1464
1468
2127
1470
1467
2135
1467
1469
1475
1470
1470
2129
1470
1477
1473
2130
3068
1473
1478
3069
1476
1489
1476
1477
1479
1479
1479
1482
1482
1486
2133
1488
1485
2144
1485
1487
1496
1488
1488
2138
1488
1498
1491
1491
1492
2136
1494
1494
2139
1494
1499
1497
1510
1497
1498
1500
1500
1500
1503
1503
1507
2142
1509
1506
1506
1508
1517
1509
1509
2147
1509
1519
1512
1512
1513
2145
1515
1515
2148
1515
1520
1518
1518
1519
1521
1521
1521
1524
3282
1524
1626
2151
3284
3286
1527
1627
1527
1630
2154
1629
1632
1638
1641
3073
3074
1531
1534
1645
1531
1539
1648
1647
1650
1533
1654
1656
1658
1536
1662
1536
1665
2156
1664
1667
1538
1545
1673
1672
1675
1541
1679
1541
1682
2157
1681
1684
1544
1547
1689
1544
1552
1692
1691
1694
1546
1698
1700
1702
1549
1706
1549
1709
2159
1708
1711
1551
1558
1717
1716
1719
1554
1723
1554
1725
2160
1724
1727
1557
1561
1730
1557
1570
1733
1732
1734
1560
1737
1560
1740
1739
1742
1563
1746
1563
1749
2162
1748
1751
1566
1567
1755
1566
1576
1758
1757
1760
1569
1764
1569
1766
2165
1765
1572
1767
1572
1769
2163
1768
1771
1575
1579
1774
1575
1595
1777
1776
1778
1578
1781
1578
1784
2166
1783
1786
1581
1790
1581
1793
2169
1792
1795
1584
1588
1799
1584
1601
1802
1801
1804
1587
1808
1587
1811
2168
1810
1813
1590
1817
1590
1820
2172
1819
1822
1593
1594
1826
1593
1610
1829
1828
1831
1835
1597
1836
1597
1838
2170
1837
1840
1600
1604
1843
1600
1620
1846
1845
1847
1603
1850
1603
1853
2173
1852
1855
1606
1859
1606
1862
2176
1861
1864
1609
1609
1614
1868
1870
1873
1612
1877
1612
1880
2175
1879
1882
1614
2028
1615
1886
1888
1891
1617
1618
1619
1895
1897
1900
1904
1622
1905
1622
1907
2177
1906
1909
1624
1625
1914
1915
2182
2501
3286
1629
1629
1633
2180
1635
1632
2191
1632
1634
1646
1635
1635
2185
1635
1651
1638
3073
3296
1638
1642
2183
1644
1641
2197
3074
1641
1643
1649
1644
1644
2186
1644
1652
1647
1662
1647
1651
1653
1650
1679
1650
1652
1653
1653
1653
1656
1656
1659
2189
1661
1658
1660
1671
1661
1661
2194
1661
1676
1664
1664
1668
2192
1670
1667
2201
1667
1669
1674
1670
1670
2195
1670
1677
1672
1676
1678
1675
1698
1675
1677
1678
1678
1678
1681
1681
1685
2198
1687
1684
2204
1684
1686
1690
1687
1687
2200
1687
1695
1696
3348
3351
1691
1706
1691
1695
1697
1694
1723
1694
1696
3348
1697
1697
1697
1700
1700
1703
2202
1705
1702
1704
1715
1705
1705
2207
1705
1720
1708
1708
1712
2205
1714
1711
2210
1711
1713
1718
1714
1714
2208
1714
1721
1716
1720
1722
1719
1737
1719
1721
1722
1722
1722
1724
1729
3406
1727
2213
1727
1728
1731
1729
1729
1735
2541
3407
1732
1746
1732
1735
1736
1734
1767
2545
1736
3417
1736
2546
3418
1739
1739
1743
2211
1745
1742
1742
1744
1756
1745
1745
2216
1745
1761
1748
1748
1752
2214
1754
1751
2219
1751
1753
1759
1754
1754
2217
1754
1762
1757
1764
1757
1761
1763
1760
1781
1760
1762
1763
1763
1763
1765
2228
1768
2574
1773
3500
1771
2222
1771
1772
1775
1773
1773
1779
2575
3501
1776
1790
1776
1779
1780
1778
1836
2579
1780
3511
1780
2580
3512
1783
1783
1787
2220
1789
1786
2231
1786
1788
1800
1789
1789
2225
1789
1805
1792
1792
1796
2223
1798
1795
2238
1795
1797
1803
1798
1798
2226
1798
1806
1801
1817
1801
1805
1807
1804
1850
1804
1806
1807
1807
1807
1810
1810
1814
2229
1816
1813
2237
1813
1815
1827
1816
1816
2234
1816
1832
1819
1819
1823
2232
1825
1822
2247
1822
1824
1830
1825
1825
2235
1825
1833
1828
1835
1828
1832
1834
1831
1877
1831
1833
1834
1834
1834
1837
2614
1842
3612
1840
2241
1840
1841
1844
1842
1842
1848
2615
3613
1845
1859
1845
1848
1849
1847
1905
2619
1849
3623
1849
2620
3624
1852
1852
1856
2239
1858
1855
2250
1855
1857
1869
1858
1858
2244
1858
1874
1861
1861
1865
2242
1867
1864
2258
1864
1866
1872
1867
1867
2245
1867
1875
1870
1886
1870
1874
1876
1872
1873
1875
1876
1876
1876
1879
1879
1883
2248
1885
1882
2256
1882
1884
1896
1885
1885
2253
1885
1901
1888
1888
1892
2251
1894
1891
2047
1891
1893
1899
1894
1894
2254
1894
1902
1897
1904
1897
1901
1903
1899
1900
1902
1903
1903
1903
1906
2654
1911
3724
1909
2261
1909
1910
1913
1911
1911
1916
2655
3725
1914
1914
1916
1917
1917
3736
1917
2659
3737
1919
1926
4210
1927
2266
1921
1924
1928
1929
2267
1923
1925
1930
1984
1931
1932
2267
1936
1984
4247
4266
1928
2268
1931
1930
2269
1936
1933
2268
1933
1934
2270
1935
6392
1935
2499
4277
2269
2035
2036
2038
2039
2040
2042
2043
2045
2046
2050
2051
2053
2054
2056
2057
2058
2060
2061
2063
2064
2066
2067
2069
2070
2072
2073
2075
2076
2077
2079
2080
2082
2083
2085
2086
2088
2089
2091
2092
2101
2102
2104
2105
1978
1979
1981
1982
2110
2111
2113
2114
2119
2120
2122
2123
2125
2126
2127
2129
2130
2132
2133
2135
2136
2138
2139
2141
2142
2144
2145
2147
2148
1977
1980
1980
1983
1983
1996
1997
2150
2151
2153
2154
2156
2157
2159
2160
2162
2163
2165
2166
2168
2169
2170
2172
2173
2175
2176
2177
1998
1998
2179
2180
2182
2183
2501
2185
2186
2188
2189
2191
2192
2194
2195
2197
2198
2200
6080
2201
2202
2204
2205
2207
2208
2210
2211
2213
2214
2216
2217
2219
2220
2222
2223
2225
2226
2228
2229
2231
2232
2234
2235
2237
2238
2239
2241
2242
2244
2245
2247
2248
2250
2251
2253
2254
2256
2029
2030
2050
2049
2052
2056
2034
2057
2034
2060
2059
2062
2037
2066
2037
2069
2068
2071
2075
2041
2076
2041
2079
2078
2081
2044
2085
2044
2088
2087
2090
2046
2049
2049
2053
2055
2052
2052
2054
2055
2055
2055
2059
2059
2063
2065
2062
2062
2064
2065
2065
2065
2068
2068
2072
2074
2071
2071
2073
2074
2074
2074
2078
2078
2082
2084
2081
2081
2083
2084
2084
2084
2087
2087
2091
2093
2090
2090
2092
2093
2093
2093
2096
2096
2110
2109
2112
2099
2099
2119
2118
2121
2125
2103
2132
2103
2135
2134
2137
2106
2141
2106
2144
2143
2146
2108
2109
2113
2115
2112
2112
2114
2115
2115
2115
2117
2118
2122
2124
2121
2121
2123
2124
2124
2124
2128
5935
2128
2129
2131
5937
2131
2131
6000
6001
2134
2134
2138
2140
2137
2137
2139
2140
2140
2140
2143
2143
2147
2149
2146
2146
2148
2149
2149
2149
2152
2179
2152
2182
2181
2184
2155
2188
2155
2191
2190
2193
2158
2201
2158
2204
2203
2206
2161
2210
2161
2213
2212
2215
2164
2219
2164
2222
2221
2224
2167
2228
2167
2231
2230
2233
2237
2171
2238
2171
2241
2240
2243
2174
2247
2174
2250
2249
2252
2256
2178
2258
2178
2261
2259
2262
2181
2181
2185
2187
2184
2184
2186
2187
2187
2187
2190
2190
2194
2196
2193
2193
2195
2196
2196
2196
2199
6005
2199
2200
6007
6081
6081
2203
2203
2207
2209
2206
2206
2208
2209
2209
2209
2212
2212
2216
2218
2215
2215
2217
2218
2218
2218
2221
2221
2225
2227
2224
2224
2226
2227
2227
2227
2230
2230
2234
2236
2233
2233
2235
2236
2236
2236
2240
2240
2244
2246
2243
2243
2245
2246
2246
2246
2249
2249
2253
2255
2252
2252
2254
2255
2255
2255
2259
2259
2265
2261
2262
2265
2264
2265
2268
4210
6391
2269
2270
6392
2271
2271
2275
2276
5747
6908
2274
2278
2279
5752
2281
2282
2298
2277
6912
8788
2277
2278
5755
2280
8789
2280
5764
2280
2282
2283
2319
2283
2303
4570
5413
8846
2289
2304
5418
5748
2288
2305
5749
6921
2289
2306
5748
9072
2290
2307
5423
2308
5425
2309
5436
5749
2295
2310
5441
5750
2294
2311
2312
5751
2295
2314
5750
6926
2296
2315
5446
2316
5448
2317
5477
5751
2300
2318
5482
5753
2319
2320
5752
2300
2322
5692
5753
5485
5699
2302
2319
5654
2321
5676
5691
2304
5414
5757
5419
5758
2306
2307
6922
2308
9073
2308
5424
5426
2310
5437
5759
5442
5760
2313
5761
6919
2313
2314
2315
6920
6927
2316
6927
2316
5447
5449
2318
5478
5762
5483
5767
2321
2321
2322
5765
5693
5693
5768
2488
2822
2824
2834
2348
2825
2827
2846
2497
2822
5902
5903
2351
2825
2828
2829
2694
2833
2835
2839
2836
2837
5770
2839
2840
6241
2334
2842
2843
3912
2725
2845
2847
2849
2723
2842
2848
2850
2722
5902
5908
5910
2851
2852
5908
2398
2828
2854
2856
2857
2858
5771
2490
2860
2861
5914
2341
2353
2863
2864
2492
5914
5916
5938
2493
2866
2867
5917
2869
2870
5772
2345
2354
2872
2873
2495
5917
5919
5947
2496
2875
2876
5920
2878
2879
5773
2349
2356
2881
2882
2498
5920
5922
5956
2884
2886
2975
2887
2888
5774
2352
2359
2890
2891
2884
5923
5924
2893
2894
5775
5772
7058
7059
2896
2897
5773
2357
2407
3019
3021
6952
2899
2900
5774
2413
3034
3036
7207
2360
2416
3040
3042
6955
2902
2903
5775
2422
3055
3057
7208
2362
2425
3061
3063
3067
3069
2731
2905
2906
3849
2366
2908
2909
5776
2732
2905
2911
2913
2372
2914
2915
2734
2911
2918
2919
2706
2921
5938
5939
2709
2866
2921
2923
2375
2924
2925
5778
2377
2927
2928
5777
2930
2931
5776
2376
2933
2934
5784
2377
2936
2937
5777
2382
2939
2940
2401
2942
2943
2945
2946
2715
2948
5947
5948
2718
2875
2948
2950
2385
2951
2952
5780
2387
2954
2955
5779
2957
2958
5778
2386
2960
2961
5786
2387
2963
2964
5779
2392
2966
2967
2409
2969
2970
2972
2973
2389
3921
5956
5957
2845
2975
2976
2395
2978
2979
5782
2397
2981
2982
5781
2984
2985
5780
2396
2987
2988
5789
2397
2990
2991
5781
2399
2993
2994
2418
2996
2997
2999
3000
5923
5965
5967
3002
3003
5782
3005
5783
3007
3008
5784
2406
3010
3011
5787
2408
3013
3014
5785
2407
3017
3018
6949
7211
2408
3016
3017
5785
2412
3019
3020
3023
3024
6968
3022
3023
3025
3026
5786
2415
3028
3029
5790
2417
3031
3032
5788
3034
3035
5787
2416
3038
3039
7214
2417
3037
3038
5788
2421
3040
3041
3044
3045
6977
3043
3044
3046
3047
5789
2424
3049
3050
5792
2426
3052
3053
5791
3055
3056
5790
2425
3059
3060
7217
2426
3058
3059
5791
2427
3061
3062
3065
3066
6982
3064
3065
3067
3068
5792
2429
2431
3070
3071
3073
3074
5794
2432
2436
3075
3076
3078
3079
5794
3081
3082
5795
2434
2439
3084
3085
3087
3088
5796
2437
2444
3090
3091
3093
3094
5795
3096
3097
5797
2440
2447
3099
3100
3102
3103
5796
3105
3106
5798
2442
2450
3108
3109
3111
3112
5799
2445
2454
3114
3115
3117
3118
5797
3120
3121
5800
2448
2456
3123
3124
3126
3127
5798
3129
3130
5801
2451
2459
3132
3133
3135
3136
5799
3138
3139
5802
2453
2462
3141
3142
3144
3145
5803
3147
3148
5800
2457
2466
3150
3151
3153
3154
5801
3156
3157
5804
2460
2468
3159
3160
3162
3163
5802
3165
3166
5805
2463
2471
3168
3169
3171
3172
5803
3174
3175
5806
2465
2474
3177
3178
3180
3181
5807
3183
3184
5804
2469
2478
3186
3187
3189
3190
5805
3192
3193
5808
2472
2480
3195
3196
3198
3199
5806
3201
3202
5809
2475
2483
3204
3205
3207
3208
5807
3210
3211
5810
2477
2486
3213
3214
3216
3217
5811
3219
3220
5808
2481
2489
3222
3223
3225
3226
5809
3228
3229
5812
2484
2491
3231
3232
3234
3235
5810
3237
3238
5813
2487
2494
3240
3241
3243
3244
5811
3246
3247
5814
3249
3251
3828
3252
3253
5812
3255
3256
3261
3258
3259
5813
3261
3263
3867
3264
3265
3270
3267
3268
5814
3270
3272
3894
3273
3274
3279
3249
3276
3277
3279
3281
3922
2500
3282
4276
3282
3283
6401
2505
3285
2507
3287
3288
6403
2506
3290
3291
5815
2507
3293
3294
6403
3296
3297
2512
3299
3300
3302
3303
2509
3305
3306
5816
2515
3308
3309
2523
3311
3312
4329
3314
3315
4327
4330
3317
3318
5815
2518
3320
3321
5818
2520
3323
3324
5817
3326
3327
5816
2519
3329
3330
5821
2520
3332
3333
5817
2521
3335
3336
2532
3338
3339
3341
3342
3344
3345
5818
3347
3348
5824
3352
3353
5819
2529
3355
3356
5822
2531
3358
3359
5820
3361
3362
4346
6417
2530
3364
3365
5828
2531
3367
3368
5820
2535
3370
3371
2556
3373
3374
3376
3377
3379
3380
5821
2538
3382
3383
5825
2540
3385
3386
5823
3388
3389
5822
2539
3391
3392
5831
2540
3394
3395
5823
2542
3397
3398
2565
3400
3401
3403
3404
2546
3407
5826
3408
3409
5825
2545
3411
3412
5834
2546
3414
3415
5826
2574
3417
3418
3419
3420
4347
6420
2553
3422
3423
5829
2555
3425
3426
5827
3428
3429
4356
6421
2554
3431
3432
5837
2555
3434
3435
5827
2559
3437
3438
2587
3440
3441
3443
3444
3446
3447
5828
2562
3449
3450
5832
2564
3452
3453
5830
3455
3456
5829
2563
3458
3459
5840
2564
3461
3462
5830
2568
3464
3465
2596
3467
3468
3470
3471
3473
3474
5831
2571
3476
3477
5835
2573
3479
3480
5833
3482
3483
5832
2572
3485
3486
5843
2573
3488
3489
5833
2576
3491
3492
2605
3494
3495
3497
3498
3500
5834
2580
3501
5836
3502
3503
5835
2579
3505
3506
5846
2580
3508
3509
5836
2614
3511
3512
3513
3514
4357
6675
2584
3516
3517
5838
2740
3513
3519
3521
2590
3522
3523
2742
3525
3527
3528
2743
3519
3528
3529
3531
3532
5837
2593
3534
3535
5841
2595
3537
3538
5839
3540
3541
5838
2594
3543
3544
5849
2595
3546
3547
5839
2599
3549
3550
2627
3552
3553
3555
3556
3558
3559
5840
2602
3561
3562
5844
2604
3564
3565
5842
3567
3568
5841
2603
3570
3571
5852
2604
3573
3574
5842
2608
3576
3577
2636
3579
3580
3582
3583
3585
3586
5843
2611
3588
3589
5847
2613
3591
3592
5845
3594
3595
5844
2612
3597
3598
5855
2613
3600
3601
5845
2616
3603
3604
2645
3606
3607
3609
3610
3612
5846
2620
3613
5848
3614
3615
5847
2619
3617
3618
5858
2620
3620
3621
5848
2654
3623
3624
2744
3525
3625
3626
2624
3628
3629
5850
2746
3625
3631
3633
2630
3634
3635
2748
3637
3639
3640
2749
3631
3640
3641
3643
3644
5849
2633
3646
3647
5853
2635
3649
3650
5851
3652
3653
5850
2634
3655
3656
5861
2635
3658
3659
5851
2639
3661
3662
2666
3664
3665
3667
3668
3670
3671
5852
2642
3673
3674
5856
2644
3676
3677
5854
3679
3680
5853
2643
3682
3683
5864
2644
3685
3686
5854
2648
3688
3689
2675
3691
3692
3694
3695
3697
3698
5855
2651
3700
3701
5859
2653
3703
3704
5857
3706
3707
5856
2652
3709
3710
5867
2653
3712
3713
5857
2656
3715
3716
2684
3718
3719
3721
3722
3724
5858
2659
3725
5860
3726
3727
5859
2693
3729
3730
3735
2659
3732
3733
5860
3737
2750
3637
3738
3739
2663
3741
3742
5862
2751
3738
3744
3746
2669
3747
3748
2752
3750
3752
3753
2753
3744
3753
3754
3756
3757
5861
2672
3759
3760
5865
2674
3762
3763
5863
3765
3766
5862
2673
3768
3769
5870
2674
3771
3772
5863
2678
3774
3775
2702
3777
3778
3780
3781
3783
3784
5864
2681
3786
3787
5868
2683
3789
3790
5866
3792
3793
5865
2682
3795
3796
5873
2683
3798
3799
5866
2687
3801
3802
2711
3804
3805
3807
3808
3810
3811
5867
2690
3813
3814
6238
2692
3816
3817
5869
3819
3820
5868
2691
3822
3823
5876
2692
3825
3826
5869
2833
3828
3829
2721
3831
3832
3834
3835
2831
6235
6236
6238
6240
6242
6235
6241
6243
2754
3750
3837
3838
2699
3840
3841
5871
2755
3837
3843
3845
2705
3846
3847
2756
3849
3851
3852
2757
3843
3852
3853
3855
3856
5870
2708
3858
3859
5874
2710
3861
3862
5872
3864
3865
5871
3867
3868
3876
2710
3870
3871
5872
2714
3873
3874
3264
3876
3878
3879
3880
3882
3883
5873
2717
3885
3886
5877
2719
3888
3889
5875
3891
3892
5874
3894
3895
3903
2719
3897
3898
5875
2724
3900
3901
3273
3903
3905
3906
3907
2726
3915
6268
6269
3909
3910
5876
3276
3912
3914
3913
3915
3917
3918
3919
5877
3921
3923
3924
2848
3924
3925
2772
3927
3928
6272
2739
6272
6274
6279
2820
3927
3930
3932
3933
5878
7017
7123
3983
6278
6279
6278
6284
6286
3936
5878
7017
7144
3937
3938
6284
2736
2760
3940
3941
2763
6287
6288
2738
2765
3943
3944
2768
6290
6291
3949
3951
3984
6297
6299
6676
2774
3940
3952
3954
3955
3957
3958
3958
3959
6297
3955
6300
6301
2787
3961
6303
6304
6300
6306
6308
2792
3943
3961
3963
3964
3966
3967
3967
3968
6306
3964
6309
6310
6309
6316
6318
3974
3976
3977
3977
3978
6316
3974
6319
6320
6319
6325
6327
3983
3985
3986
3986
3987
6325
2759
2761
3989
3990
3992
3993
5882
2763
3995
3996
3998
3999
5882
2764
2766
4001
4002
4004
4005
4007
4008
5883
2768
4010
4011
4013
4014
5883
2769
2770
4016
4017
4019
4020
4022
4023
5884
4028
4029
5884
4037
4038
6991
7193
3949
4040
4041
2775
4043
4044
5887
3995
4046
4048
2786
4049
4050
4052
4053
4549
4551
4055
4056
4544
6480
2783
4058
4059
5888
2785
4061
4062
5886
4064
5527
5551
6784
2784
4066
5552
5890
2785
4067
4068
5886
2789
4070
4071
2795
4073
4074
4076
4077
4079
4080
5887
4082
4083
4097
2794
4085
4086
5889
4088
4089
5888
2793
4091
4092
5892
2794
4094
4095
5889
4010
4097
4099
2803
4100
4101
4103
4104
4106
4107
5890
2800
4109
4110
5893
2802
4112
4113
5891
2801
4115
5558
5895
2802
4116
5560
5891
2805
4117
4118
2810
4120
4121
4123
4124
4126
4127
5892
2809
4133
4134
5894
4136
4137
5893
2808
4139
4140
5897
2809
4142
4143
5894
2816
4149
4150
4152
4153
4155
4156
5895
2814
4158
4159
5898
2815
4161
4162
5896
2815
5563
5896
2818
4164
4165
4168
4169
4171
4172
5897
2821
4177
4178
5899
4180
4181
5898
2821
4187
4188
5899
4040
4193
4195
4196
4197
2823
3249
2824
2836
5903
2835
2838
2826
2884
2827
2829
2843
2844
2847
2830
5923
2830
2851
2853
2856
2832
3735
6235
2834
6238
2835
3828
2841
2838
5905
2838
2840
2841
2841
6242
2841
2844
3913
2844
2851
2850
2846
3921
2847
2975
2850
2849
3915
2850
3924
2853
2853
2857
5909
2859
2855
5965
2856
2858
2859
2859
5912
2859
2862
2906
3255
2862
2908
5915
2907
2910
2865
2869
2914
2865
7058
7062
2916
2917
2868
3264
2868
2924
5918
2923
2926
2871
2930
2871
2933
5926
2932
2935
2874
2878
2939
2874
2896
2942
2941
2944
2877
3273
2877
2951
5921
2950
2953
2880
2957
2880
2960
5929
2959
2962
2883
2887
2966
2883
2899
2969
2968
2971
2885
2886
2978
5924
2977
2980
2889
2984
2889
2987
5932
2986
2989
2892
2893
2993
2892
2902
2996
2995
2998
2895
3002
2895
5935
3004
2898
3007
2898
3010
5930
3009
3012
2901
3025
2901
3028
5933
3027
3030
2904
3046
2904
3049
5936
3048
3051
2907
6278
2907
3850
2913
2910
5941
2910
2912
2915
2913
2912
6284
2913
2919
2916
2930
2916
2919
2920
2920
6956
7062
2920
3937
6956
2920
2922
3876
2923
2927
5939
2929
2926
5950
2926
2928
2940
2929
2929
5944
2929
2945
2932
2932
2936
5942
2938
2935
5974
2935
2937
2943
2938
2938
5945
2938
2946
2941
2957
2941
2945
2947
2944
3007
2944
2946
2947
2947
2947
2949
3903
2950
2954
5948
2956
2953
5959
2953
2955
2967
2956
2956
5953
2956
2972
2959
2959
2963
5951
2965
2962
5981
2962
2964
2970
2965
2965
5954
2965
2973
2968
2984
2968
2972
2974
2971
3025
2971
2973
2974
2974
2974
2977
2977
2981
5957
2983
2980
5968
2980
2982
2994
2983
2983
5962
2983
2999
2986
2986
2990
5960
2992
2989
5990
2989
2991
2997
2992
2992
5963
2992
3000
2995
3002
2995
2999
3001
2998
3046
2998
3000
3001
3001
3001
3004
3004
3005
5969
3006
3006
5972
3009
3009
3013
5975
3015
3012
5984
3012
3014
3020
3015
3015
5978
3015
3022
3018
5979
7081
3018
3023
7082
3021
3034
3021
3022
3024
3024
3024
3027
3027
3031
5982
3033
3030
5993
3030
3032
3041
3033
3033
5987
3033
3043
3036
3036
3037
5985
3039
3039
5988
3039
3044
3042
3055
3042
3043
3045
3045
3045
3048
3048
3052
5991
3054
3051
5999
3051
3053
3062
3054
3054
5996
3054
3064
3057
3057
3058
5994
3060
3060
5997
3060
3065
3063
3067
3063
3064
3066
3066
3066
3069
3069
6000
3072
3073
3296
3072
3078
3299
3298
3301
6005
3077
3081
3308
3077
3093
3311
3310
3313
3080
3317
3080
3320
6006
3319
3322
3083
3326
3083
3329
6008
3328
3331
3086
3087
3335
3086
3102
3338
3337
3340
3089
3344
3089
3347
6011
3346
3349
3092
3096
4875
3092
3117
4878
4877
4880
3095
3352
3095
3355
6009
3354
3357
3098
3361
3098
3364
6014
3363
3366
3101
3105
3370
3101
3126
3373
3372
3375
3104
3379
3104
3382
6012
3381
3384
3107
3388
3107
3391
6017
3390
3393
3110
3111
3397
3110
3135
3400
3399
3402
3113
3408
3113
3411
6020
3410
3413
3116
3120
4902
3116
3147
4905
4904
4907
3119
3419
3119
3422
6015
3421
3424
3122
3428
3122
3431
6023
3430
3433
3125
3129
3437
3125
3153
3440
3439
3442
3128
3446
3128
3449
6018
3448
3451
3131
3455
3131
3458
6026
3457
3460
3134
3138
3464
3134
3162
3467
3466
3469
3137
3473
3137
3476
6021
3475
3478
3140
3482
3140
3485
6029
3484
3487
3143
3144
3491
3143
3171
3494
3493
3496
3146
3502
3146
3505
6032
3504
3507
3149
3514
3149
3516
6024
3515
3518
3152
3156
3522
3152
3183
3526
3524
3527
3155
3531
3155
3534
6027
3533
3536
3158
3540
3158
3543
6035
3542
3545
3161
3165
3549
3161
3189
3552
3551
3554
3164
3558
3164
3561
6030
3560
3563
3167
3567
3167
3570
6038
3569
3572
3170
3174
3576
3170
3198
3579
3578
3581
3173
3585
3173
3588
6033
3587
3590
3176
3594
3176
3597
6041
3596
3599
3179
3180
3603
3179
3207
3606
3605
3608
3182
3614
3182
3617
6044
3616
3619
3185
3626
3185
3628
6036
3627
3630
3188
3192
3634
3188
3219
3638
3636
3639
3191
3643
3191
3646
6039
3645
3648
3194
3652
3194
3655
6047
3654
3657
3197
3201
3661
3197
3225
3664
3663
3666
3200
3670
3200
3673
6042
3672
3675
3203
3679
3203
3682
6050
3681
3684
3206
3210
3688
3206
3234
3691
3690
3693
3209
3697
3209
3700
6045
3699
3702
3212
3706
3212
3709
6053
3708
3711
3215
3216
3715
3215
3243
3718
3717
3720
3218
3726
3218
3729
6056
3728
3731
3221
3739
3221
3741
6048
3740
3743
3224
3228
3747
3224
3252
3751
3749
3752
3227
3756
3227
3759
6051
3758
3761
3230
3765
3230
3768
6059
3767
3770
3233
3237
3774
3233
3258
3777
3776
3779
3236
3783
3236
3786
6054
3785
3788
3239
3792
3239
3795
6062
3794
3797
3242
3246
3801
3242
3267
3804
3803
3806
3245
3810
3245
3813
6057
3812
3815
3248
3819
3248
3822
6065
3821
3824
3250
3251
3277
3831
3830
3833
3254
3838
3254
3840
6060
3839
3842
3257
3850
3257
3262
3846
3848
3851
3260
3855
3260
3858
6063
3857
3860
3262
5914
3263
3864
3866
3869
3266
3266
3271
3873
3875
3878
3269
3882
3269
3885
6066
3884
3887
3271
5917
3272
3891
3893
3896
3275
3275
3280
3900
3902
3905
3278
5902
3278
3909
3911
3914
3280
5920
3281
3918
3920
3923
3284
3284
3287
6553
3289
3286
3288
3297
3289
3289
6558
3289
3302
3292
4629
6068
3292
3294
3300
3295
4630
3295
4758
6559
3295
3303
4759
3298
3298
3302
3304
3301
3317
3301
3303
3304
3304
3304
3307
4650
6071
3307
3309
4818
4651
4819
3310
3326
3310
3314
3316
3313
3352
3313
3315
4824
3316
3316
4818
3316
4827
3319
3319
3323
6069
3325
3322
6077
3322
3324
3336
3325
3325
6074
3325
3341
3328
3328
3332
6072
3334
3331
6088
3331
3333
3339
3334
3334
6075
3334
3342
3337
3344
3337
3341
3343
3340
3379
3340
3342
3343
3343
3343
3346
3346
3350
6078
3351
3349
6097
3349
3351
3351
6080
3354
3354
3358
6083
3360
3357
6091
3357
3359
3371
3360
3360
6085
3360
3376
3363
4875
3363
3367
6607
3369
3366
6109
3366
3368
3374
3369
3369
6086
3369
3377
3372
3388
3372
3376
3378
3375
3446
3375
3377
3378
3378
3378
3381
3381
3385
6089
3387
3384
6100
3384
3386
3398
3387
3387
6094
3387
3403
3390
3390
3394
6092
3396
3393
6118
3393
3395
3401
3396
3396
6095
3396
3404
3399
3408
3399
3403
3405
3402
3473
3402
3404
3405
3405
3405
3407
6098
6103
3410
3410
3414
6101
3416
3413
6127
3413
3415
3417
3416
3416
6104
3416
3418
3418
3421
4878
3421
3425
6619
3427
3424
6112
3424
3426
3438
3427
3427
6106
3427
3443
3430
4902
3430
3434
6622
3436
3433
6136
3433
3435
3441
3436
3436
6107
3436
3444
3439
3455
3439
3443
3445
3442
3531
3442
3444
3445
3445
3445
3448
3448
3452
6110
3454
3451
6121
3451
3453
3465
3454
3454
6115
3454
3470
3457
3457
3461
6113
3463
3460
6145
3460
3462
3468
3463
3463
6116
3463
3471
3466
3482
3466
3470
3472
3469
3558
3469
3471
3472
3472
3472
3475
3475
3479
6119
3481
3478
6130
3478
3480
3492
3481
3481
6124
3481
3497
3484
3484
3488
6122
3490
3487
6154
3487
3489
3495
3490
3490
6125
3490
3498
3493
3502
3493
3497
3499
3496
3585
3496
3498
3499
3499
3499
3501
6128
6133
3504
3504
3508
6131
3510
3507
6163
3507
3509
3511
3510
3510
6134
3510
3512
3512
3515
6676
3515
4905
3521
3518
6139
3518
3520
3523
3521
3520
6297
3521
3529
3524
3540
3524
3529
3530
3526
3955
3527
3626
3530
3530
3958
3530
3533
3533
3537
6137
3539
3536
6148
3536
3538
3550
3539
3539
6142
3539
3555
3542
3542
3546
6140
3548
3545
6172
3545
3547
3553
3548
3548
6143
3548
3556
3551
3567
3551
3555
3557
3554
3643
3554
3556
3557
3557
3557
3560
3560
3564
6146
3566
3563
6157
3563
3565
3577
3566
3566
6151
3566
3582
3569
3569
3573
6149
3575
3572
6181
3572
3574
3580
3575
3575
6152
3575
3583
3578
3594
3578
3582
3584
3581
3670
3581
3583
3584
3584
3584
3587
3587
3591
6155
3593
3590
6166
3590
3592
3604
3593
3593
6160
3593
3609
3596
3596
3600
6158
3602
3599
6190
3599
3601
3607
3602
3602
6161
3602
3610
3605
3614
3605
3609
3611
3608
3697
3608
3610
3611
3611
3611
3613
6164
6169
3616
3616
3620
6167
3622
3619
6199
3619
3621
3623
3622
3622
6170
3622
3624
3624
3627
6300
3627
3633
3630
6175
3630
3632
3635
3633
3632
6306
3633
3641
3636
3652
3636
3641
3642
3638
3964
3639
3739
3642
3642
3967
3642
3645
3645
3649
6173
3651
3648
6184
3648
3650
3662
3651
3651
6178
3651
3667
3654
3654
3658
6176
3660
3657
6208
3657
3659
3665
3660
3660
6179
3660
3668
3663
3679
3663
3667
3669
3666
3756
3666
3668
3669
3669
3669
3672
3672
3676
6182
3678
3675
6193
3675
3677
3689
3678
3678
6187
3678
3694
3681
3681
3685
6185
3687
3684
6217
3684
3686
3692
3687
3687
6188
3687
3695
3690
3706
3690
3694
3696
3693
3783
3693
3695
3696
3696
3696
3699
3699
3703
6191
3705
3702
6202
3702
3704
3716
3705
3705
6196
3705
3721
3708
3708
3712
6194
3714
3711
6226
3711
3713
3719
3714
3714
6197
3714
3722
3717
3726
3717
3721
3723
3720
3810
3720
3722
3723
3723
3723
3725
6200
6205
3728
3728
3732
6203
3734
3731
6236
3731
3733
3736
3734
3734
6206
3734
3737
3736
3737
3740
6309
3740
3746
3743
6211
3743
3745
3748
3746
3745
6316
3746
3754
3749
3765
3749
3754
3755
3751
3974
3752
3838
3755
3755
3977
3755
3758
3758
3762
6209
3764
3761
6220
3761
3763
3775
3764
3764
6214
3764
3780
3767
3767
3771
6212
3773
3770
6244
3770
3772
3778
3773
3773
6215
3773
3781
3776
3792
3776
3780
3782
3779
3855
3779
3781
3782
3782
3782
3785
3785
3789
6218
3791
3788
6229
3788
3790
3802
3791
3791
6223
3791
3807
3794
3794
3798
6221
3800
3797
6253
3797
3799
3805
3800
3800
6224
3800
3808
3803
3819
3803
3807
3809
3806
3882
3806
3808
3809
3809
3809
3812
3812
3816
6227
3818
3815
6239
3815
3817
3829
3818
3818
6232
3818
3834
3821
3821
3825
6230
3827
3824
6262
3824
3826
3832
3827
3827
6233
3827
3835
3830
3830
3834
3836
3833
3909
3833
3835
3836
3836
3836
3839
6319
3839
3845
3842
6247
3842
3844
3847
3845
3844
6325
3845
3853
3848
3864
3848
3853
3854
3850
3983
3851
3854
3854
3986
3854
3857
3857
3861
6245
3863
3860
6256
3860
3862
3874
3863
3863
6250
3863
3879
3866
3866
3870
6248
3872
3869
5938
3869
3871
3877
3872
3872
6251
3872
3880
3875
3891
3875
3879
3881
3877
3878
3880
3881
3881
3881
3884
3884
3888
6254
3890
3887
6265
3887
3889
3901
3890
3890
6259
3890
3906
3893
3893
3897
6257
3899
3896
5947
3896
3898
3904
3899
3899
6260
3899
3907
3902
3918
3902
3906
3908
3904
3905
3907
3908
3908
3908
3911
3911
3916
6263
3917
3913
5908
3914
3917
3916
3917
6268
3920
3920
3925
6266
3926
3922
3923
5956
3926
3926
3926
6269
3929
4040
3929
3933
6273
3932
3934
3931
4193
6275
3932
6277
7124
3935
3934
6281
3935
7123
7124
7125
3938
6282
7145
3939
7020
3939
6285
7145
7148
3942
3995
3942
3956
6288
3954
3957
3945
4010
3945
3965
6291
3963
3966
3948
3971
4025
5879
3948
3975
5879
6295
3973
3976
3950
6272
3951
4041
5881
3982
3985
3953
4046
4462
3954
3959
6679
3960
3956
3957
6301
3960
3960
3960
6298
3962
4097
3963
3968
6304
3969
3965
3966
6310
3969
3969
3969
6307
3971
3972
4145
6312
3973
4146
3973
3978
6314
3979
3975
3976
6320
3979
3979
3979
6317
3981
4190
5880
5881
3982
3987
6323
3988
5881
3984
3985
6279
3988
3988
3988
6326
3991
3992
5333
3991
3998
5336
5335
5338
3994
5351
3994
4043
6328
4045
5353
3997
3997
4005
4049
4048
4051
4000
4055
4000
4058
6329
4057
4060
4003
4007
4070
4003
4013
4073
4072
4075
4006
4082
6287
4006
4079
4081
4084
4009
4088
4009
4091
6331
4090
4093
4012
4012
4020
4100
4099
4102
4015
4106
4015
4109
6332
4108
4111
4018
4022
4117
4018
4028
4120
4119
4122
4021
4130
6290
4021
4126
4128
4132
4024
4136
4024
4139
6334
4138
4141
4027
4146
5885
4027
4035
4149
5885
4148
4151
4030
4155
4030
4158
6335
4157
4160
4032
4038
4164
7193
4166
4167
7192
4034
4035
5885
6293
4036
4174
6294
4036
4171
4173
4176
4039
4184
6271
4039
4180
4182
4186
4042
4042
5901
4192
4195
4045
6340
4045
4050
5355
5356
4047
4548
4048
4052
5346
4054
4051
4079
4051
4053
4054
4054
5349
4054
5355
4057
5336
4057
4061
6782
4063
4060
6343
4060
4062
4071
4063
4063
6337
4063
4076
4065
4067
6785
4069
5547
5551
4068
4074
5553
4069
6338
4069
4077
5553
4072
4088
4072
4076
4078
4075
4106
4075
4077
4078
4078
4078
4081
4081
4085
6341
4087
4084
6303
4084
4086
4098
4087
4087
6346
4087
4103
4090
4090
4094
6344
4096
4093
6351
4093
4095
4101
4096
4096
6347
4096
4104
4098
4099
4103
4105
4102
4126
4102
4104
4105
4105
4105
4108
4108
4112
6349
4114
4111
6354
4111
4113
4118
4114
4114
6350
4114
4123
4116
4121
5559
4124
5561
4119
4136
4119
4123
4125
4122
4155
4122
4124
4125
4125
4125
4128
4128
4133
6352
4135
4130
4131
4145
6312
4132
6313
4132
4134
4147
4135
4135
6357
4135
4152
4138
4138
4142
6355
4144
4141
6362
4141
4143
4150
4144
4144
6358
4144
4153
4146
4147
4148
4148
4152
4154
4151
4171
4151
4153
4154
4154
4154
4157
4157
4161
6360
4163
4160
6365
4160
4162
4165
4163
4163
6361
4163
4168
4166
4180
4166
4168
4170
4170
7194
7195
4170
4170
7195
4173
4173
4177
6363
4179
4176
5900
6322
4176
4178
4191
5900
4179
4179
6368
4179
4196
4182
4182
4187
6366
4189
4184
4185
4193
6275
4186
6276
4186
4188
4194
4189
4189
6369
4189
4197
4191
5900
5901
4192
4196
4198
5901
4194
4195
4197
4198
4198
4198
4243
4362
6371
4201
4204
4244
4245
6372
4203
4207
4246
4247
6373
4248
4249
6372
4251
4252
4368
6489
6490
4208
4215
4254
4255
4601
4257
4258
6373
4260
4261
6374
6492
4211
4218
4263
4264
4610
4266
4267
4269
4270
6375
6495
4213
4221
4272
4273
4619
4275
4276
6376
6498
4371
6489
6491
6528
4601
4602
6374
4373
4604
4605
6501
4219
4226
4607
4608
4610
4611
6375
4613
4614
6377
4222
4229
4616
4617
4619
4620
6376
4622
4623
6378
4224
4232
4625
4626
4628
4629
5793
4375
6501
6503
6564
4631
4632
6377
4377
4634
4635
6510
4230
4235
4637
4638
4640
4641
6378
4643
4644
6379
4233
4238
4646
4647
4649
4650
5793
4652
4653
6380
4378
6510
6512
6591
4655
4656
6379
4379
4658
4659
6519
4239
4241
4661
4662
4664
4665
6380
4667
4668
6381
4380
6519
6521
6612
4670
4671
6381
4460
4673
4674
4950
4244
6382
4248
4246
6385
4257
6388
4250
6382
4250
4254
6386
4256
6384
4253
4401
6383
4253
4255
6393
6525
4256
6384
4256
4260
4256
4279
4676
4259
6385
4259
4263
6389
4265
6387
4262
6386
4262
4264
6395
6534
4265
6387
4265
4269
4265
4288
4703
4268
6388
4268
4272
6391
4274
6390
4271
6389
4271
4273
6398
6543
4274
6390
4274
4275
4274
4297
4730
4277
6391
4277
6401
6552
6392
4411
4685
6528
6529
4676
4677
6393
4285
4679
4680
6396
4287
4682
4683
6394
4416
4604
4685
4687
4286
4688
4689
6404
4287
4691
4692
6394
4291
4694
4695
4308
4697
4698
4700
4701
4703
4704
6395
4294
4706
4707
6399
4296
4709
4710
6397
4712
4713
6396
4295
4715
4716
6406
4296
4718
4719
6397
4300
4721
4722
4317
4724
4725
4727
4728
4730
4731
6398
4303
4733
4734
6402
4305
4736
4737
6400
4739
4740
6399
4304
4742
4743
6409
4305
4745
4746
6400
4306
4748
4749
4326
4751
4752
4754
4755
4757
4758
6402
4421
4769
6564
6565
4760
4761
6404
4314
4763
4764
6407
4316
4766
4767
6405
4426
4634
4769
4771
4315
4772
4773
6412
4316
4775
4776
6405
4320
4778
4779
4332
4781
4782
4784
4785
4787
4788
6406
4323
4790
4791
6410
4325
4793
4794
6408
4796
4797
6407
4324
4799
4800
6414
4325
4802
4803
6408
4328
4805
4806
4340
4808
4809
4811
4812
4814
4815
6409
4817
4818
6411
4820
4821
6410
4823
4824
5819
4826
4827
6411
4430
4839
6591
6592
4829
4830
6412
4337
4832
4833
6415
4339
4835
4836
6413
4338
4842
4843
6418
4339
4845
4846
6413
4343
4848
4849
4350
4851
4852
4854
4855
4857
4858
6414
4346
4860
4861
6417
4348
4863
4864
6416
4866
4867
6415
4347
4869
4870
6420
4348
4872
4873
6416
4875
4876
4878
4879
4881
4882
4435
4893
6612
6613
4884
4885
6418
4356
4887
4888
6421
4358
4890
4891
6419
4437
4674
4893
4895
4461
4673
4896
4898
4358
4899
4900
6419
4902
4903
4896
4905
4906
4908
4909
4382
4440
6422
4361
4363
4383
4384
6423
4366
4385
4386
4387
6423
4389
4390
4443
6624
6625
4367
4369
4392
4393
4911
4395
4396
6371
4398
4399
6425
6627
4401
4402
4920
4921
4911
4912
6425
4372
4374
4917
4918
4920
4922
4984
4923
4924
6426
4926
4927
4932
4929
4930
6426
4932
4934
5022
4467
4935
4937
5028
4938
4939
4941
4941
4943
5049
4944
4945
4947
4947
4949
5068
4483
4950
4952
5078
4383
6428
4386
4385
6431
4395
4388
6428
4388
4392
6432
4394
6430
4391
4454
6429
4391
4393
6434
6633
4394
6430
4394
4398
4394
4404
4953
4397
6431
4397
4401
6383
4403
6433
4400
6432
4400
4402
6437
6642
4403
6433
4403
4403
4410
4981
4953
4954
6434
4408
4956
4957
6438
4409
4959
4960
6436
4409
4969
4970
6436
4413
4972
4973
4978
4979
4981
4982
6437
4984
4985
4999
4418
4987
4988
6439
4990
4991
6438
4417
4993
4994
6440
4418
4996
4997
6439
4926
4999
5001
4420
5002
5003
5005
5006
4423
5012
6654
6655
5019
5020
6440
5022
5023
5037
4428
5025
5026
6441
5028
5029
5216
4516
4936
5031
5033
4428
5034
5035
6441
4938
5037
5039
4429
5031
5040
5041
5043
5044
5046
5047
6736
5049
5050
5056
4517
5046
5052
5054
4519
5059
5061
5062
4520
5052
5062
5063
4531
5059
5065
5066
5068
5069
5074
4532
5071
5072
5080
4951
5074
5076
4439
4534
5077
5079
4535
5080
5082
4441
4447
4448
4449
6422
4451
4452
6445
6660
8792
4454
4455
5086
5087
5083
6445
8792
8805
4553
5084
5085
5089
4463
5089
5091
5109
4448
5512
4450
6448
4450
4454
6429
4456
6450
4453
6449
8794
4453
4455
6451
6663
4456
6450
4456
4456
4457
5097
5097
5098
6451
4485
5109
5110
5119
4487
5092
5119
5121
5176
6672
6673
6672
6675
6677
4548
6678
6679
6681
6683
6708
4554
5128
5130
5188
4466
4468
5131
5132
5134
5135
6462
5137
5139
5217
5140
5141
6462
4561
5143
5145
5238
4473
5137
5146
5147
4475
5143
5149
5150
4474
4476
5152
5153
4935
6690
6691
5155
5156
6463
5378
6693
6694
5158
5159
6463
4563
5161
5163
5288
4479
4481
5164
5165
5167
5168
6464
4565
5161
6699
6700
5170
5171
6464
4566
5173
5175
5324
5176
5178
5342
4567
5173
6705
6706
5179
6708
6709
4568
6682
6711
6713
5125
5179
5181
4493
5182
5183
6468
4495
5185
5186
6466
4569
5188
5189
6711
4573
5129
5191
5193
4495
5194
5195
6466
4496
5197
5198
4501
5191
5200
5201
5203
5204
5206
5207
6468
4499
5209
5210
6469
4500
5212
5213
6724
4507
5219
5220
5016
5222
5223
5225
5226
6796
4504
5228
5229
6470
4574
5225
5231
5233
4510
5234
5235
4576
5237
5239
5240
4577
5231
5240
5241
5243
5244
6469
4513
5246
5247
6472
4515
5249
5250
6471
5252
5253
6470
4514
5255
5256
6473
4515
5258
5259
6471
4518
5261
5262
4522
5264
5265
5267
5268
6690
6736
6738
6737
6742
6744
5270
5271
6472
5273
5275
5276
5276
5277
6742
4582
6693
6748
6750
5279
5280
6473
4528
5282
5283
6475
4530
5285
5286
6474
4587
5288
5289
6748
4529
5291
5292
6476
4530
5294
5295
6474
4533
5297
5298
4537
5300
5301
5303
5304
5273
6754
6755
5312
6760
6761
5306
5307
6475
4535
5309
5311
5312
5314
4593
6699
6766
6768
5315
5316
6476
4543
5318
5319
6478
4545
5321
5322
6477
4597
5324
5325
6766
4544
5327
5328
6480
4545
5330
5331
6477
4550
5333
5334
5336
5337
5339
5340
4547
5309
6772
6773
5077
5342
5343
5345
5346
5348
5349
6479
5351
5352
6478
5354
5355
6479
4600
6705
6784
6786
5357
5358
6681
5360
5362
5405
4557
5360
5363
5364
4558
4559
5366
5367
5128
6787
6788
5369
5370
6481
5372
5373
6481
4562
4564
5375
5376
5378
5380
5450
5381
5382
6482
5384
5386
5468
5387
5388
6482
5384
5390
5391
5393
5395
5500
5393
5396
5397
5358
5400
5402
5400
5405
5406
5408
5409
8790
4572
5415
5416
6483
4575
5420
5421
6787
6796
6798
6797
6802
6804
5427
5428
6483
5430
5432
5433
5433
5434
6802
4579
5438
5439
6484
4584
5443
5444
4581
5430
6805
6806
5237
5450
5451
5379
5453
5455
4589
5456
5457
6485
5459
5460
6484
4588
5462
5463
6486
4589
5465
5466
6485
5453
5468
5469
4592
5471
5472
5474
5475
4591
5479
5480
6487
4595
5484
5694
5486
5487
6486
5390
5489
5491
4599
5492
5493
6488
5495
5701
6487
4599
5497
5498
6488
5489
5500
5501
5503
5504
5661
5671
5506
5507
5396
5511
5733
4603
4676
4603
4679
6493
4678
4681
4606
4926
4606
4688
6502
4687
4690
4609
4613
4694
4609
4631
4697
4696
4699
4612
4703
4612
4706
6496
4705
4708
4615
4712
4615
4715
6504
4714
4717
4618
4622
4721
4618
4640
4724
4723
4726
4621
4730
4621
4733
6499
4732
4735
4624
4739
4624
4742
6507
4741
4744
4627
4628
4748
4627
4649
4751
4750
4753
4630
4757
4630
6002
4759
4633
4760
4633
4763
6505
4762
4765
4636
4938
4636
4772
6511
4771
4774
4639
4643
4778
4639
4655
4781
4780
4783
4642
4787
4642
4790
6508
4789
4792
4645
4796
4645
4799
6513
4798
4801
4648
4652
4805
4648
4664
4808
4807
4810
4651
4814
4651
6003
4816
4654
4820
4654
4823
6516
4822
4825
4657
4829
4657
4832
6514
4831
4834
4660
4838
4944
4660
4842
6520
4841
4844
4663
4667
4848
4663
4670
4851
4850
4853
4666
4857
4666
4860
6517
4859
4862
4669
4866
4669
4869
6522
4868
4871
4672
4884
4672
4887
6523
4886
4889
4675
6672
4675
4951
4895
4898
4678
4678
4682
6526
4684
4681
6537
4681
4683
4695
4684
4684
6531
4684
4700
4686
4999
4687
4691
6529
4693
4690
6561
4690
4692
4698
4693
4693
6532
4693
4701
4696
4712
4696
4700
4702
4699
4760
4699
4701
4702
4702
4702
4705
4705
4709
6535
4711
4708
6546
4708
4710
4722
4711
4711
6540
4711
4727
4714
4714
4718
6538
4720
4717
6570
4717
4719
4725
4720
4720
6541
4720
4728
4723
4739
4723
4727
4729
4726
4787
4726
4728
4729
4729
4729
4732
4732
4736
6544
4738
4735
6555
4735
4737
4749
4738
4738
6549
4738
4754
4741
4741
4745
6547
4747
4744
6579
4744
4746
4752
4747
4747
6550
4747
4755
4750
4757
4750
4754
4756
4753
4814
4753
4755
4756
4756
4756
4759
4759
6556
4762
4762
4766
6562
4768
4765
6573
4765
4767
4779
4768
4768
6567
4768
4784
4770
5037
4771
4775
6565
4777
4774
6588
4774
4776
4782
4777
4777
6568
4777
4785
4780
4796
4780
4784
4786
4783
4829
4783
4785
4786
4786
4786
4789
4789
4793
6571
4795
4792
6582
4792
4794
4806
4795
4795
6576
4795
4811
4798
4798
4802
6574
4804
4801
6597
4801
4803
4809
4804
4804
6577
4804
4812
4807
4820
4807
4811
4813
4810
4857
4810
4812
4813
4813
4813
4816
4816
4817
6580
4819
4819
6585
4819
4822
4822
4826
6583
4828
4825
6082
4825
4827
4828
4828
6586
4828
4831
4831
4835
6589
4837
4834
6600
4834
4836
4849
4837
4837
6594
4837
4854
4839
4841
5055
4840
5056
4841
4845
6592
4847
4844
6609
4844
4846
4852
4847
4847
6595
4847
4855
4850
4866
4850
4854
4856
4853
4884
4853
4855
4856
4856
4856
4859
4859
4863
6598
4865
4862
6606
4862
4864
4876
4865
4865
6603
4865
4881
4868
4868
4872
6601
4874
4871
6618
4871
4873
4879
4874
4874
6604
4874
4882
4877
4877
4881
4883
4880
4880
4882
4883
4883
4883
4886
4886
4890
6610
4892
4889
6621
4889
4891
4903
4892
4892
6615
4892
4908
4894
5074
4895
4899
6613
4901
4897
6675
4898
4900
4906
4901
4901
6616
4901
4909
4904
4904
4908
4910
4907
4907
4909
4910
4910
4910
4913
4953
4913
4956
6628
4955
4958
4916
6427
6442
6684
4916
4962
5093
6427
4965
4968
4919
4923
4972
4919
4929
4975
4974
4977
4921
6489
4922
4981
4983
4986
4925
4990
4925
4993
6630
4992
4995
4928
4928
4933
5002
5001
5004
4931
5009
4931
5013
6631
5010
5014
4933
6501
4934
5019
5021
5024
4936
5137
4937
6690
5030
5033
4940
4940
4942
5040
5039
5042
4942
6510
4943
5047
5048
5051
4946
5055
4946
4948
5060
5058
5061
4948
6519
4949
5066
5067
5070
4951
5176
4952
5076
5079
4955
4955
4959
6634
4961
4958
6645
4958
4960
4973
4961
4961
6639
4961
4978
4963
4965
5115
4964
5116
6435
4965
4969
6637
4971
4967
6442
6443
6717
4968
4970
4976
4971
6442
4971
6640
4971
4979
4974
4990
4974
4978
4980
4977
5009
6443
4977
4979
6443
4980
4980
4980
4983
4983
4987
6643
4989
4986
6528
4986
4988
5000
4989
4989
6648
4989
5005
4992
4992
4996
6646
4998
4995
6651
4995
4997
5003
4998
4998
6649
4998
5006
5000
5001
5005
5007
5004
5019
5004
5006
5007
5007
5007
5010
5015
6444
6718
5010
6444
5018
5012
5014
5017
5215
5013
5216
5014
6654
5018
5016
5018
6723
5017
6724
5018
5222
5021
5021
5025
6652
5027
5024
6564
5024
5026
5038
5027
5027
6657
5027
5043
5030
5217
5030
5034
6655
5036
5032
6736
5033
5035
5041
5036
5036
6658
5036
5044
5038
5039
5043
5045
5042
5047
5042
5044
5045
5045
5045
5048
6737
5048
5054
5051
6591
5051
5053
5057
5054
5053
6742
5054
5063
5056
5058
5057
5058
5063
5064
5060
5273
5061
5066
5064
5064
5276
5064
5067
5071
6754
5067
5073
5070
6612
5070
5072
5075
5073
5073
6760
5073
5081
5075
5076
5081
5082
5078
5309
5079
5342
5082
5081
5312
5082
5095
6661
8806
5357
8807
8818
5090
5096
8807
5087
6446
6624
5088
5097
5099
5102
6446
5090
6681
5091
5106
5108
5111
5094
5125
6447
5094
5115
6447
5118
5121
6454
6666
8812
5106
6455
8817
5099
5099
5103
6664
5105
5102
6446
6456
6636
5102
5104
5117
6456
5105
5105
6457
6669
5105
5122
6457
5108
6458
5108
5112
6458
6667
5114
5111
6708
5111
5113
5120
5114
5114
6459
6670
5114
5123
6459
5116
5118
5117
6456
5118
5122
5124
5120
5179
5121
5123
5124
5124
6460
5124
6460
5127
6465
5127
5182
6465
6685
5181
5184
5129
5360
5130
6787
5190
5193
5133
5134
5197
5133
5140
5200
5199
5202
5136
5206
5136
5209
6687
5208
5211
5138
5139
5146
5219
5218
5221
5142
5226
5142
5228
6688
5227
5230
5144
5378
5145
5149
5234
5236
5239
5148
5243
5148
5246
6691
5245
5248
5151
5252
5151
5255
6694
5254
5257
5154
5155
5261
5154
5158
5264
5263
5266
5157
5270
5157
5274
6696
5272
5275
5160
5279
5160
5282
6697
5281
5284
5162
5384
5163
5291
6700
5290
5293
5166
5167
5297
5166
5170
5300
5299
5302
5169
5306
5169
5310
6702
5308
5311
5172
5315
5172
5318
6703
5317
5320
5174
5393
5175
5327
6706
5326
5329
5177
5178
5345
6673
5344
5347
5180
5181
5185
6709
5187
5184
6720
5184
5186
5198
5187
5187
6714
5187
5203
5190
5405
5190
5194
6712
5196
5192
6796
5193
5195
5201
5196
5196
6715
5196
5204
5199
5206
5199
5203
5205
5202
5226
5202
5204
5205
5205
5205
5208
5208
5212
6721
5214
5211
6727
5211
5213
5220
5214
5214
6725
5214
5223
5216
5218
5222
5217
5218
5224
5221
5243
5221
5223
5224
5224
5224
5227
6797
5227
5233
5230
6730
5230
5232
5235
5233
5232
6802
5233
5241
5236
5252
5236
5241
5242
5238
5430
5239
5450
5242
5242
5433
5242
5245
5245
5249
6728
5251
5248
6739
5248
5250
5262
5251
5251
6733
5251
5267
5254
5254
5258
6731
5260
5257
6745
5257
5259
5265
5260
5260
6734
5260
5268
5263
5270
5263
5267
5269
5266
5279
5266
5268
5269
5269
5269
5272
5272
5277
6740
5278
5274
5275
6755
5278
5278
5278
6743
5281
5281
5285
6746
5287
5284
6757
5284
5286
5298
5287
5287
6751
5287
5303
5290
5468
5290
5294
6749
5296
5293
6763
5293
5295
5301
5296
5296
6752
5296
5304
5299
5306
5299
5303
5305
5302
5315
5302
5304
5305
5305
5305
5308
5308
5313
6758
5314
5310
5311
6772
5314
5313
5314
6761
5317
5317
5321
6764
5323
5320
6775
5320
5322
5334
5323
5323
6769
5323
5339
5326
5500
5326
5330
6767
5332
5329
6781
5329
5331
5337
5332
5332
6770
5332
5340
5335
5351
5335
5339
5341
5338
5338
5340
5341
5341
5341
5344
5344
5348
6773
5350
5347
6678
5347
5349
5350
5350
6778
5350
5353
5353
5354
6776
5356
5356
6779
5356
5359
8828
5359
6682
5399
5402
5361
5362
5363
5408
5407
5410
5365
5413
5365
5415
6788
5414
5417
5368
5369
5420
5368
5372
5423
5422
5424
5371
5427
5371
5431
6790
5429
5432
5374
5436
5374
5438
6791
5437
5440
5377
5381
5443
5377
5387
5446
5445
5447
5379
5380
6693
5452
5455
5383
5459
5383
5462
6793
5461
5464
5385
5386
5391
5471
5470
5473
5389
5477
5389
5479
6794
5478
5481
5392
6699
5392
5486
5488
5491
5394
5395
5397
5503
5502
5505
5398
6705
5398
5509
5510
5511
5404
8828
8829
5401
6711
5402
5403
5406
5404
5404
5411
8802
8830
5407
5407
5411
5412
5410
5413
5410
8791
8832
5412
5412
8804
8832
5414
5419
5417
6799
5417
5418
5421
5419
5419
5425
5422
5427
5422
5425
5426
5424
5436
5426
5426
5429
5429
5434
6800
5435
5431
5432
6805
5435
5435
5435
6803
5437
5442
5440
6808
5440
5441
5444
5442
5442
5448
5445
5459
5445
5448
5449
5447
5477
5449
5449
5452
5452
5456
6806
5458
5454
6748
5455
5457
5469
5458
5458
6811
5458
5474
5461
5461
5465
6809
5467
5464
6814
5464
5466
5472
5467
5467
6812
5467
5475
5470
5470
5474
5476
5473
5486
5473
5475
5476
5476
5476
5478
5483
5481
6817
5481
5482
5484
5483
5483
5485
5485
5695
5700
5488
5488
5492
6815
5494
5490
6766
5491
5493
5501
5494
5494
6820
5494
5506
5497
5702
6818
5498
5504
5661
5704
5499
6821
5499
5507
5702
5704
5502
5502
5506
5508
5505
5509
5505
5507
5508
5508
5508
5510
5671
5732
5737
5734
5737
6448
8836
5520
5545
5547
5551
5523
5545
6831
6832
5525
5548
5549
6835
5536
6831
6840
6842
5544
6847
6848
5519
5521
5564
5565
5567
5568
6824
5570
5572
5594
5573
5574
6824
5524
5576
6940
6942
5570
5578
5579
5581
5582
7196
5584
5585
5588
5528
5591
5592
6827
5594
5595
5733
5535
5597
5598
5600
5601
5669
6825
5533
5603
5604
6828
5534
5606
5607
6826
5534
5609
6826
6946
5538
5610
5611
5614
5615
5617
5618
6827
5578
5620
5622
5542
5623
5624
6829
5626
5627
6828
5541
5629
5630
6830
5542
5632
5633
6829
5543
5639
5640
5642
5643
5645
5646
6830
5648
5649
5546
5570
5547
5552
6832
5553
5550
5555
5584
5550
5558
6836
5557
5559
5594
5553
6838
5555
5556
5635
6840
5557
5636
5557
5560
6841
5561
5559
6845
5561
5561
6843
5563
6848
6850
5566
5567
5723
5566
5573
5726
5725
5728
5569
5738
5569
5591
6854
5593
5740
5571
5572
5579
5597
5596
5599
5575
5600
5575
5603
6855
5602
5605
5577
5581
5610
5612
5613
6942
5580
6831
5580
5617
5619
5622
5583
5626
5583
5629
6857
5628
5631
5586
5636
5586
5589
5639
5638
5641
5588
5590
5648
6834
5589
6835
5590
5645
5647
5650
5593
6864
5593
5598
5742
5743
5596
5596
5734
5744
5746
5599
5617
5599
5745
5746
5602
5726
5602
5606
6859
5608
5605
6867
5605
5607
5611
5608
5608
6862
5608
5614
5615
6947
5612
5626
5612
5614
5616
5616
5616
5616
5619
5619
5623
6865
5625
5621
5635
6840
5622
5624
5637
5625
5625
6870
5625
5642
5628
5628
5632
6868
5634
5631
6873
5631
5633
5640
5634
5634
6871
5634
5643
5636
5637
5638
5638
5642
5644
5641
5645
5641
5643
5644
5644
5644
5647
5647
5651
6874
5653
5650
6847
5650
5652
5653
5653
6875
5653
5676
6876
5656
5657
5677
5678
5680
5681
6877
5683
5684
6877
5686
5687
6823
5660
5689
5690
6878
5662
5696
5697
5703
6881
5705
5706
6878
5668
5708
5709
6882
5670
5711
5712
6880
5714
5715
6879
5669
5717
5718
6825
5670
5720
5721
6880
5673
5723
5724
5726
5727
5729
5730
5732
6881
5675
5735
5736
6883
5738
5739
6882
5675
5741
5742
6883
5744
5745
5689
6884
5679
5680
5694
5679
5683
5696
5695
5698
5682
5701
5682
5703
6887
5702
5704
5685
5705
5685
5708
6888
5707
5710
5688
5714
5688
5717
6852
5716
5719
5691
6890
5691
5692
5697
5693
5693
5699
5695
5701
5700
5698
5705
5698
5699
5700
5700
5702
5704
6899
5707
5707
5711
6891
5713
5710
6902
5710
5712
5724
5713
5713
6896
5713
5729
5716
5716
5720
6894
5722
5719
6858
5719
5721
5727
5722
5722
6897
5722
5730
5725
5738
5725
5729
5731
5728
5728
5730
5731
5731
5731
5735
6900
5734
6784
5736
5737
6905
5737
5744
5740
5740
5741
6903
5743
5743
6906
5743
5745
5746
5746
5754
5755
6916
5758
9118
5759
6933
5760
6938
5761
5762
5764
5765
5767
5768
5756
5761
6919
5756
5764
5763
5766
5758
8846
9114
9119
5760
6934
6939
5763
5763
5767
5769
5766
5766
5768
5769
5769
5769
5905
5906
5911
5912
5926
5927
5929
5930
5932
5933
5935
5936
5941
5942
5944
5945
5950
5951
5953
5954
5959
5960
5962
5963
5968
5969
5971
5972
5974
5975
5978
5979
5981
5982
5984
5985
5987
5988
5990
5991
5993
5994
5996
5997
5999
6000
6002
6003
6005
6006
6008
6009
6011
6012
6014
6015
6017
6018
6020
6021
6023
6024
6026
6027
6029
6030
6032
6033
6035
6036
6038
6039
6041
6042
6044
6045
6047
6048
6050
6051
6053
6054
6056
6057
6059
6060
6062
6063
6065
6066
6068
6069
6071
6072
6074
6075
6077
6078
6082
6083
6085
6086
6088
6089
6091
6092
6094
6095
6097
6098
6100
6101
6103
6104
6106
6107
6109
6110
6112
6113
6115
6116
6118
6119
6121
6122
6124
6125
6127
6128
6130
6131
6133
6134
6136
6137
6139
6140
6142
6143
6145
6146
6148
6149
6151
6152
6154
6155
6157
6158
6160
6161
6163
6164
6166
6167
6169
6170
6172
6173
6175
6176
6178
6179
6181
6182
6184
6185
6187
6188
6190
6191
6193
6194
6196
6197
6199
6200
6202
6203
6205
6206
6208
6209
6211
6212
6214
6215
6217
6218
6220
6221
6223
6224
6226
6227
6229
6230
6232
6233
6244
6245
6247
6248
6250
6251
6253
6254
6256
6257
6259
6260
6262
6263
6265
6266
6281
6282
5885
6293
5900
6322
6323
5901
6328
6329
6331
6332
6334
6335
6337
6338
6340
6341
6343
6344
6346
6347
6349
6838
6350
6843
6351
6352
6354
6355
6357
6358
6360
6845
6361
6850
6362
6363
6365
6366
6368
6369
5904
5904
5905
5907
5910
5907
5907
5911
5913
5909
5910
5912
5913
5913
5913
5915
5916
5941
5940
5943
5918
5919
5950
5949
5952
5921
5922
5959
5958
5961
5925
5925
5968
5967
5970
5928
5974
5928
7059
7239
5976
5977
5931
5981
5931
5984
5983
5986
5934
5990
5934
5993
5992
5995
5937
5937
5999
6001
5940
5940
5944
5946
5943
5943
5945
5946
5946
5946
5949
5949
5953
5955
5952
5952
5954
5955
5955
5955
5958
5958
5962
5964
5961
5961
5963
5964
5964
5964
5966
5967
5971
5973
5970
5970
5972
5973
5973
5973
5976
5976
5978
5980
5980
7239
7240
5980
5980
7240
5983
5983
5987
5989
5986
5986
5988
5989
5989
5989
5992
5992
5996
5998
5995
5995
5997
5998
5998
5998
6001
6001
6004
6068
6004
6071
6070
6073
6007
6007
6077
6079
6010
6088
6010
6091
6090
6093
6013
6097
6013
6100
6099
6102
6016
6109
6016
6112
6111
6114
6019
6118
6019
6121
6120
6123
6022
6127
6022
6130
6129
6132
6025
6136
6025
6139
6138
6141
6028
6145
6028
6148
6147
6150
6031
6154
6031
6157
6156
6159
6034
6163
6034
6166
6165
6168
6037
6172
6037
6175
6174
6177
6040
6181
6040
6184
6183
6186
6043
6190
6043
6193
6192
6195
6046
6199
6046
6202
6201
6204
6049
6208
6049
6211
6210
6213
6052
6217
6052
6220
6219
6222
6055
6226
6055
6229
6228
6231
6058
6236
6058
6239
6237
6240
6061
6244
6061
6247
6246
6249
6064
6253
6064
6256
6255
6258
6067
6262
6067
6265
6264
6267
6070
6070
6074
6076
6073
6073
6075
6076
6076
6076
6079
6079
6080
6081
6081
6084
6516
6084
6085
6087
6518
6087
6087
6607
6608
6090
6090
6094
6096
6093
6093
6095
6096
6096
6096
6099
6099
6103
6105
6102
6102
6104
6105
6105
6105
6108
6619
6108
6622
6620
6623
6111
6111
6115
6117
6114
6114
6116
6117
6117
6117
6120
6120
6124
6126
6123
6123
6125
6126
6126
6126
6129
6129
6133
6135
6132
6132
6134
6135
6135
6135
6138
6138
6142
6144
6141
6141
6143
6144
6144
6144
6147
6147
6151
6153
6150
6150
6152
6153
6153
6153
6156
6156
6160
6162
6159
6159
6161
6162
6162
6162
6165
6165
6169
6171
6168
6168
6170
6171
6171
6171
6174
6174
6178
6180
6177
6177
6179
6180
6180
6180
6183
6183
6187
6189
6186
6186
6188
6189
6189
6189
6192
6192
6196
6198
6195
6195
6197
6198
6198
6198
6201
6201
6205
6207
6204
6204
6206
6207
6207
6207
6210
6210
6214
6216
6213
6213
6215
6216
6216
6216
6219
6219
6223
6225
6222
6222
6224
6225
6225
6225
6228
6228
6232
6234
6231
6231
6233
6234
6234
6234
6237
6237
6243
6239
6240
6243
6242
6243
6246
6246
6250
6252
6249
6249
6251
6252
6252
6252
6255
6255
6259
6261
6258
6258
6260
6261
6261
6261
6264
6264
6268
6270
6267
6267
6269
6270
6270
6270
6276
6991
7242
6273
6274
6281
6280
6283
6276
6277
7249
7249
7253
6280
6280
6286
6283
6283
6285
6286
6285
6286
6289
6303
6289
6301
6302
6305
6292
6313
6292
6310
6311
6315
6294
6295
6296
6322
6296
6320
6321
6324
6298
6299
6679
6677
6680
6302
6302
6308
6305
6305
6307
6308
6307
6308
6311
6311
6318
6313
6314
6315
6315
6317
6318
6317
6318
6321
6321
6327
6324
6324
6326
6327
6326
6327
6330
6340
6330
6343
6342
6345
6333
6351
6333
6354
6353
6356
6336
6362
6336
6365
6364
6367
6339
6782
6339
6785
6783
6786
6342
6342
6346
6348
6345
6345
6347
6348
6348
6348
6350
6839
6844
6353
6353
6357
6359
6356
6356
6358
6359
6359
6359
6361
6846
6851
6364
6364
6368
6370
6367
6367
6369
6370
6370
6370
6382
6383
6385
6386
6388
6389
6492
6493
6495
6496
6498
6499
6504
6505
6507
6508
6513
6514
6516
6517
6522
6523
6384
6384
6387
6387
6390
6390
6392
6525
6526
6531
6532
6534
6535
6537
6538
6540
6541
6543
6544
6546
6547
6549
6550
6552
6553
6555
6556
6558
6559
6561
6562
6567
6568
6570
6571
6573
6574
6576
6577
6579
6580
6582
6583
6585
6586
6588
6589
6594
6595
6597
6598
6600
6601
6603
6604
6606
6607
6609
6610
6615
6616
6618
6619
6621
6622
6428
6429
6431
6432
6446
6624
6626
6636
6627
6628
6630
6631
6447
6461
6430
6430
6433
6433
6633
6634
6456
6636
6637
6639
6640
6642
6643
6645
6646
6648
6649
6651
6652
6657
6658
6467
6444
6717
6660
6661
6465
6450
8847
6450
8793
8847
6663
6664
6454
6458
6666
6667
6457
6459
6669
6670
6455
8811
6458
8816
6460
6460
6465
6684
6685
6687
6688
6696
6697
6702
6703
6714
6715
6684
6717
6719
6720
6721
6727
6728
6730
6731
6733
6734
6739
6740
6745
6746
6751
6752
6757
6758
6763
6764
6769
6770
6775
6776
6778
6779
6781
6782
6790
6791
6793
6794
6799
6800
6808
6809
6811
6812
6814
6815
6817
6818
6820
6821
6490
6491
6525
6527
6530
6494
6534
6494
6537
6536
6539
6497
6543
6497
6546
6545
6548
6500
6552
6500
6555
6554
6557
6502
6503
6561
6563
6566
6506
6570
6506
6573
6572
6575
6509
6579
6509
6582
6581
6584
6511
6512
6588
6590
6593
6515
6597
6515
6600
6599
6602
6518
6518
6606
6608
6520
6521
6609
6611
6614
6524
6618
6524
6621
6620
6623
6527
6527
6531
6533
6530
6530
6532
6533
6533
6533
6536
6536
6540
6542
6539
6539
6541
6542
6542
6542
6545
6545
6549
6551
6548
6548
6550
6551
6551
6551
6554
6554
6558
6560
6557
6557
6559
6560
6560
6560
6563
6563
6567
6569
6566
6566
6568
6569
6569
6569
6572
6572
6576
6578
6575
6575
6577
6578
6578
6578
6581
6581
6585
6587
6584
6584
6586
6587
6587
6587
6590
6590
6594
6596
6593
6593
6595
6596
6596
6596
6599
6599
6603
6605
6602
6602
6604
6605
6605
6605
6608
6608
6611
6611
6615
6617
6614
6614
6616
6617
6617
6617
6620
6620
6623
6623
6625
6626
6633
6635
6638
6629
6642
6629
6645
6644
6647
6632
6651
6632
6654
6653
6656
6635
6635
6639
6641
6638
6638
6640
6641
6641
6641
6644
6644
6648
6650
6647
6647
6649
6650
6650
6650
6653
6653
6657
6659
6656
6656
6658
6659
6659
6659
6662
6663
6662
6666
6665
6668
6665
6665
6669
6671
6668
6668
6670
6671
6671
6671
6674
6674
6678
6677
6680
6676
6677
6680
6680
6682
6683
6710
6713
6686
6686
6720
6719
6722
6689
6727
6689
6730
6729
6732
6692
6692
6739
6738
6741
6695
6695
6745
6747
6750
6698
6755
6698
6757
6756
6759
6701
6701
6763
6765
6768
6704
6772
6704
6775
6774
6777
6707
6707
6781
6783
6786
6710
6710
6714
6716
6712
6713
6715
6716
6716
6716
6718
6719
6723
6726
6722
6722
6725
6726
6724
6726
6725
6726
6729
6729
6733
6735
6732
6732
6734
6735
6735
6735
6737
6738
6744
6741
6741
6743
6744
6743
6744
6747
6747
6751
6753
6749
6750
6752
6753
6753
6753
6756
6760
6756
6762
6759
6759
6761
6762
6762
6762
6765
6765
6769
6771
6767
6768
6770
6771
6771
6771
6774
6774
6778
6780
6777
6777
6779
6780
6780
6780
6783
6783
6785
6786
6789
6789
6799
6798
6801
6792
6805
6792
6808
6807
6810
6795
6814
6795
6817
6816
6819
6797
6798
6804
6801
6801
6803
6804
6803
6804
6807
6807
6811
6813
6810
6810
6812
6813
6813
6813
6816
6816
6820
6822
6819
6819
6821
6822
6822
6822
6852
7198
6854
6855
6858
6859
6862
7203
6864
6865
6867
6868
6870
6871
6873
6874
6833
6833
6838
6839
6842
6835
6837
6847
6836
6837
6845
6846
6849
6839
6844
6841
6842
6843
6844
6844
6846
6851
6849
6849
6850
6851
6851
6853
6858
6860
6861
7198
6856
6864
6856
6867
6866
6869
6873
7196
7200
6860
6860
6862
6863
6863
7201
7202
6863
7203
6866
6866
6870
6872
6869
6869
6871
6872
6872
6872
7204
6875
7204
7205
6884
6885
6887
6888
6890
6891
6893
6894
6896
6897
6899
6900
6902
6903
6905
6906
6886
6890
6886
6893
6892
6895
6889
6899
6889
6902
6901
6904
6892
6892
6896
6898
6895
6895
6897
6898
6898
6898
6901
6901
6905
6907
6904
6904
6906
6907
6907
6907
6911
6912
6916
6910
6914
6929
9048
6915
6917
9050
6913
6915
6918
6913
9014
9016
9051
6935
9040
9049
6923
9051
6918
6919
6923
6924
6929
6920
6923
6920
6925
6922
6933
9060
9061
9073
6925
6925
6926
6936
6927
6927
6938
6930
6931
9024
9053
6935
6936
6932
6933
9060
6932
6935
9040
6934
6937
6934
6939
6937
6937
6938
6939
6939
7196
6943
6944
7197
6945
6945
6946
7202
6947
6947
7203
6949
6950
6960
7073
7075
7080
7082
7206
6962
6963
7206
6953
6965
6966
6985
6968
6969
7207
6971
6972
7209
6974
6975
6977
6978
7208
7020
7061
6959
7067
7068
7210
7036
7070
7071
7077
6961
7073
7074
6962
7038
7076
7079
7080
7081
7210
6964
7236
6964
6965
7212
6967
7238
6967
6971
6967
6988
7055
7056
6970
7211
6970
6974
7215
6976
7213
6973
7212
6973
6975
6976
7213
6976
6980
6976
6979
7214
6979
7218
7216
6981
7215
7216
7217
6986
7002
7219
6987
7005
7220
6988
7209
7043
7052
7221
6989
7222
6992
6995
7087
7088
7084
7241
7090
7091
7223
6994
6997
7093
7094
7096
7097
7224
7099
7100
7223
6998
7001
7025
7158
7160
7102
7103
7224
7031
7173
7175
7225
7000
7003
7034
7179
7181
7038
7185
7187
7226
7039
7040
7225
7004
7042
7043
7045
7046
7226
7048
7049
7219
7006
7051
7052
7054
7055
7220
7057
7105
7106
7010
7108
7109
7227
7012
7111
7112
7014
7114
7115
7021
7117
7118
7120
7121
7019
7124
7125
7228
7126
7127
7227
7018
7129
7130
7229
7019
7132
7133
7228
7135
7136
7027
7138
7139
7141
7142
7146
7148
7149
7150
7024
7152
7153
7230
7026
7155
7156
7030
7158
7159
7039
7162
7163
7161
7162
7164
7165
7229
7033
7167
7168
7232
7035
7170
7171
7231
7173
7174
7230
7034
7177
7178
7233
7035
7176
7177
7231
7037
7179
7180
7045
7183
7184
7182
7183
7189
7272
7273
7185
7186
7232
7188
7191
7236
7041
7041
7042
7234
7044
7044
7048
7044
7047
7233
7047
7051
7237
7053
7235
7050
7234
7050
7052
7221
7053
7235
7053
7054
7053
7056
7237
7056
7222
7238
7194
7195
7060
7065
7060
7067
7066
7069
7062
7063
7146
7065
7064
7065
7265
7066
7070
7266
7066
7072
7069
7239
7069
7071
7074
7072
7072
7272
7072
7078
7075
7080
7075
7078
7079
7077
7079
7188
7078
7189
7079
7082
7082
7240
7084
7086
7105
7192
7085
7193
7086
7108
7241
7107
7110
7089
7090
7114
7089
7099
7117
7116
7119
7092
7126
7092
7129
7243
7128
7131
7095
7096
7135
7095
7102
7138
7137
7140
7098
7144
7098
7147
7246
7145
7148
7101
7149
7101
7152
7244
7151
7154
7104
7164
7104
7167
7247
7166
7169
7107
7194
7107
7111
7113
7110
7250
7110
7112
7115
7113
7113
7113
7120
7116
7126
7116
7120
7122
7119
7149
7119
7121
7122
7122
7122
7125
7136
7253
7141
7128
7128
7132
7251
7134
7131
7256
7131
7133
7139
7134
7134
7254
7134
7142
7137
7144
7137
7141
7143
7140
7164
7140
7142
7143
7143
7143
7145
7147
7265
7148
7267
7151
7151
7155
7157
7154
7259
7154
7156
7159
7157
7157
7157
7161
7160
7173
7160
7161
7163
7163
7163
7166
7166
7170
7257
7172
7169
7269
7169
7171
7180
7172
7172
7262
7172
7182
7175
7175
7176
7260
7178
7178
7263
7178
7183
7181
7185
7181
7182
7184
7184
7184
7187
7187
7190
7270
7191
7189
7191
7190
7191
7273
7193
7194
7199
7201
7202
7201
7200
7204
7203
7205
7211
7212
7214
7215
7217
7218
7239
7240
7213
7213
7216
7216
7221
7222
7243
7244
7246
7247
7233
7234
7236
7237
7250
7251
7253
7254
7256
7257
7259
7260
7262
7263
7269
7270
7235
7235
7238
7238
7242
7250
7249
7252
7245
7256
7245
7259
7258
7261
7248
7267
7248
7269
7268
7271
7255
7252
7252
7254
7255
7255
7255
7258
7258
7262
7264
7261
7261
7263
7264
7264
7264
7266
7267
7268
7272
7268
7274
7271
7271
7273
7274
7274
7274
7276
7277
7278
7279
7278
7280
7285
7280
7283
7284
7286
7282
7284
7286
7284
7286
7288
7291
7634
7635
7637
7638
8303
7290
7292
7513
7514
7640
7516
7517
8304
7393
7394
8303
7640
7641
8304
7298
7521
7522
8307
7300
7524
7525
8306
7527
7528
7763
8305
7299
7311
7530
7531
7566
7300
7533
7534
8306
7303
7536
7537
7312
7539
7540
7649
7542
7543
7306
7545
7546
8309
7308
7548
7549
8308
7551
7552
8307
7307
7313
7643
7644
7308
7554
7555
8308
7309
7557
7558
7314
7646
7647
7560
7561
7563
7564
8309
7565
8165
8235
8310
7312
7566
7567
7649
7650
7314
7405
7623
7624
7408
7698
7699
7318
7652
7653
7992
7321
7655
7656
7778
7658
7659
7780
7994
7527
7661
7662
7322
7326
7664
7665
7328
7529
7667
7668
7414
7415
7781
7329
7569
7570
7330
7334
7670
7671
7331
7337
7367
7603
7605
7332
7519
7572
8244
7329
7573
7574
7576
7665
7348
7531
7532
7534
8334
8335
7535
8333
8334
7576
7577
7347
7673
7674
7399
7418
7628
7630
7402
7579
7580
7335
7336
7514
7515
7536
7347
7582
7583
7670
7349
7538
7583
7584
7338
7517
7518
7551
7399
7676
7677
7401
7553
7677
7678
7358
7388
7426
7427
7359
7391
7429
7430
7360
7513
7679
7680
7345
7363
7585
7586
7362
7364
7435
7436
7367
7516
7591
7593
8304
7370
7588
7589
7369
7371
7591
7592
7594
7595
7673
7349
7540
7541
7543
7544
7595
7596
7375
7530
7597
7598
7353
7438
7439
8464
7376
7539
7682
7683
7444
7445
8467
7378
7447
7448
8470
7358
7388
7600
7601
7357
7656
7657
7659
7802
7389
7601
7602
7660
7450
7451
7411
7453
7454
7582
7685
7686
7365
7377
7460
7461
7366
7463
7464
7370
7466
8473
7366
7467
8476
7468
8479
7469
8482
7606
7608
7676
7372
7419
7603
7604
7373
7606
7607
7470
8485
7373
7471
7472
7381
7473
7474
7476
7477
7385
7572
7609
8252
7573
7610
7611
7594
7688
7689
7483
7484
8488
7486
7487
8491
7383
7406
7489
7490
7382
7407
7492
7493
7419
7495
7496
7420
7498
7499
7409
7501
7502
7386
7410
7506
7507
7580
7613
7614
7581
7616
7617
7389
7390
7635
7636
7652
7619
7620
7620
7621
7654
7392
7638
7639
7661
7411
7691
7692
7413
7663
7692
7693
7395
7426
7634
7395
7397
8494
7428
8497
7398
7429
7637
8303
7398
8303
8500
7431
7432
7694
7695
7401
7403
7555
7644
7645
7556
7695
7696
7519
8336
8337
7404
7561
7647
7648
7520
7562
8337
8338
7418
7626
7627
7643
7409
7622
7623
7420
7625
7626
7579
7646
7701
7702
7697
7698
7581
7700
7701
7703
7704
7413
7574
7665
7666
7668
7669
7704
7705
7416
7450
7655
7416
7824
8503
7452
8506
7424
7609
8198
8668
7632
7633
7694
7628
7629
7631
7632
7422
7489
8671
7423
7501
8674
7503
7505
8722
7425
7613
8677
7510
7615
8725
7428
7619
7428
7451
8509
8512
7431
7691
7431
7433
7454
7434
7434
8728
7434
7458
8680
8731
7437
7463
7680
7437
7467
7586
7587
7681
7440
7444
7567
7440
7442
8515
7443
7568
7443
7481
7598
8683
7443
8686
7599
7446
7650
7446
7448
8518
7449
7651
7449
7486
7683
7449
8521
7684
7452
7600
7452
8524
8527
7455
7569
7703
7455
7458
7459
7571
7457
7479
7570
8689
7459
7571
8734
7459
8692
8737
7462
7483
7671
7462
7464
7468
7465
7672
7465
7686
7465
7469
7687
7467
7586
8530
8533
7469
8536
8539
7471
7589
8542
7592
8545
7477
8740
7475
7495
8707
7475
7476
7604
7478
8710
7478
7607
7478
8743
8746
7480
7577
8695
7482
7578
8749
7482
7611
8698
7612
8752
7485
7674
7485
7487
8548
7488
7675
7488
7689
7488
8551
7690
7491
7501
7491
7492
7622
7494
8713
7494
7625
7494
7499
8755
8758
7497
8716
7497
7498
7629
7500
8719
7500
7631
7500
8761
8764
7503
7503
7506
7697
7508
7505
7507
7509
8701
7508
8767
7508
7700
7508
7617
7510
7617
8704
7618
8770
7512
7521
7724
8311
7523
7883
8003
7515
7582
7679
7515
7517
7584
7518
7676
7518
7678
7520
8160
8244
8337
7559
8224
7523
8321
7523
7525
7537
7526
7526
8002
8316
7526
7542
8003
7529
7662
7992
7529
7533
8314
7535
7667
7532
7573
7597
7532
7540
7575
7535
8317
7535
7543
8334
7538
7551
7538
7542
7544
7541
7594
7682
7541
7596
7544
7544
7547
7885
8327
7547
7549
7558
7550
7886
7550
8005
8324
7550
7560
8006
7553
7553
7554
8322
7556
7556
8325
7556
7561
7559
7563
8224
7559
7560
7562
7562
7562
8225
8231
7565
8231
8328
8236
8331
7568
7597
7568
7650
7599
7571
7664
7571
7577
7580
8245
8252
7575
7610
7575
8333
8335
7578
7610
7578
7612
7707
7708
8336
7614
7706
7708
7706
7707
7584
7685
7584
7595
7587
7588
7641
7587
7642
7590
8304
7590
7592
7593
8304
7593
7606
7593
7596
7688
7596
7599
7599
7611
7602
7655
7602
7620
7657
7605
7628
7605
7607
7608
7608
7608
7613
8253
7612
7612
7615
7615
7616
7618
7618
7706
7618
7621
7634
7621
7636
7624
7625
7624
7698
7627
7627
7627
7632
7630
7630
7631
7633
7633
7633
7636
7636
7638
7639
7691
7639
7693
7642
7679
7642
8304
7681
7645
7694
7645
7647
7696
7648
8336
7648
8338
7651
7682
7651
7684
7654
7661
7654
7658
7992
7660
7657
7657
8025
7660
7994
7660
8133
7663
7663
7667
7669
7666
7703
7666
7705
7669
7669
8333
7672
7685
7672
7674
7687
7675
7688
7675
7690
7678
7678
7695
7681
7681
7686
7684
7684
7689
7687
7687
7690
7690
7693
7693
7704
7696
7696
7699
7700
7699
7702
7702
7702
7707
7705
7705
7708
7708
7844
7845
8060
8339
7712
7720
7847
7848
7850
7851
8063
8340
7853
7854
8342
7715
7722
7856
7857
7859
7860
8066
8341
7862
7863
8343
7718
7724
7865
7866
7868
7869
8069
8431
7871
7872
8344
7725
7874
7875
8071
7877
7878
8342
7723
7806
8554
7880
7881
8343
7808
7809
8557
7883
8344
7884
7885
8345
7727
7887
7888
8347
7731
7890
7891
7893
7894
8084
8346
7734
7896
7897
8350
7736
7899
7900
8348
7902
7903
8347
7735
7905
7906
8355
7736
7908
7909
8348
7740
7911
7912
7757
7914
7915
7917
7918
7920
7921
8093
8349
7743
7923
7924
8353
7745
7926
7927
8351
7929
7930
8350
7744
7932
7933
8358
7745
7935
7936
8351
7749
7938
7939
7766
7941
7942
7944
7945
7947
7948
8102
8352
7752
7950
7951
8441
7754
7953
7954
8354
7956
7957
8353
7753
7959
7960
8359
7754
7962
7963
8354
7965
7966
8110
7767
7968
7969
7971
7972
7756
7974
7975
8356
7760
8158
8159
7977
7978
8355
7763
7980
7981
8305
7765
7983
7984
8357
7986
7987
8356
7764
7812
7813
8361
7765
7989
7990
8357
7992
7993
7770
7995
7996
7998
7999
8001
8002
8358
8004
8005
8359
8007
8113
8360
8885
8008
8165
8310
8890
7816
8361
8563
7772
7811
8009
8010
7986
8012
8013
7775
7817
7818
8566
7777
7988
8015
8016
7820
7821
8569
7779
7990
8018
8019
7991
8021
8022
7781
8024
8025
7999
8027
8028
8000
8133
8134
7823
7824
7784
8009
8030
8031
8011
8033
8034
8012
8036
8037
7795
7828
7829
8572
7797
8014
8136
8137
7793
7798
7831
7832
7791
8018
8139
8140
7800
8020
8142
8143
7794
7801
8039
8040
7792
7996
7997
8027
8139
7803
8029
8040
8041
7804
7834
8575
7805
7835
8578
7836
7837
8581
7799
8016
8145
8146
8017
8148
8149
7804
7839
7840
8021
8151
8152
8023
8154
8155
7805
8042
8043
7803
8025
8026
8133
8043
8044
8135
7842
8584
7843
8587
7807
7808
8030
7827
8032
8776
7810
8036
7810
7828
8590
7830
8038
7986
8157
8158
7814
7815
7831
7814
7996
8139
7833
8141
7834
8361
8593
7835
7995
8596
7819
7836
8599
7819
7821
8145
7838
8147
7822
7839
8602
7822
8151
7841
8153
7825
7843
8024
7825
8605
8608
7827
8034
8773
8035
8782
7830
8611
7830
7837
8137
8138
7833
7834
7833
7840
8142
8144
8614
8039
8617
7838
8620
7838
8148
8150
7841
7842
7841
8154
8156
8779
8042
8623
7846
8060
7846
7887
8363
7889
7849
7853
7890
7849
7877
7892
7852
7893
8063
7852
7896
8366
7895
7898
7855
7902
7855
7905
8371
7904
7907
7858
7862
7911
7858
7880
7914
7913
7916
7861
7920
8066
7861
7923
8369
7922
7925
7864
7929
7864
7932
8374
7931
7934
7867
7871
7938
7867
7883
7941
7940
7943
7870
7947
8069
7870
7950
8444
7949
7952
7873
7956
7873
7959
8377
7958
7961
7876
7965
8115
7876
7884
7968
7967
7970
7879
7879
7974
8372
7976
7882
7977
7882
7980
8375
7979
7982
8001
7886
8004
7886
8379
8006
7889
8384
7889
7891
7892
7902
7892
7895
8084
7895
7899
8382
7901
7898
8393
7898
7900
7912
7901
7901
8387
7901
7917
7904
7904
7908
8385
7910
7907
8408
7907
7909
7915
7910
7910
8388
7910
7918
7913
7929
7913
7917
7919
7916
7977
7916
7918
7919
7919
7919
7922
8093
7922
7926
8391
7928
7925
8402
7925
7927
7939
7928
7928
8396
7928
7944
7931
7931
7935
8394
7937
7934
8417
7934
7936
7942
7937
7937
8397
7937
7945
7940
7956
7940
7944
7946
7943
8001
7943
7945
7946
7946
7946
7949
8102
7949
7953
8400
7955
7952
8449
7952
7954
7966
7955
7955
8405
7955
7971
7958
7958
7962
8403
7964
7961
8420
7961
7963
7969
7964
7964
8406
7964
7972
7967
8122
7967
7971
7973
7970
8004
7970
7972
7973
7973
7973
7976
8411
7976
7979
7979
7983
8409
7985
7982
8313
7982
7984
7993
7985
7985
8414
7985
7998
7988
8013
8158
7988
7989
8412
7991
8015
7991
8415
7991
7999
8019
8022
7994
7994
7998
8000
7997
8039
7997
8041
8000
8000
8028
8134
8003
8003
8418
8006
8006
8319
8008
8422
8886
8330
8891
8011
8012
8031
8011
8157
8033
8014
8037
8014
8015
8017
8136
8017
8017
8021
8146
8149
8020
8027
8140
8020
8022
8023
8143
8023
8152
8023
8155
8026
8042
8026
8044
8029
8029
8134
8135
8032
8036
8032
8033
8035
8035
8035
8038
8038
8136
8138
8041
8041
8043
8044
8044
8046
8049
8064
8050
8430
8048
8051
8067
8424
8461
8074
8086
8051
8438
8095
8054
8427
8463
8895
8054
8105
8108
8118
8892
8106
8896
8056
8059
8072
8428
8058
8061
8073
8074
8429
8075
8428
8062
8076
8077
8078
8429
8080
8081
8339
8362
8065
8083
8084
8086
8087
8430
8089
8090
8340
8365
8068
8092
8093
8095
8096
8424
8098
8099
8341
8368
8070
8101
8102
8104
8105
8431
8443
8115
8116
8345
8073
8432
8077
8435
8076
8433
8080
8079
8432
8079
8083
8436
8085
8434
8082
8433
8082
8084
8346
8381
8085
8434
8085
8089
8085
8088
8435
8088
8092
8439
8094
8437
8091
8436
8091
8093
8349
8390
8094
8437
8094
8098
8094
8097
8438
8097
8101
8426
8103
8440
8100
8439
8100
8102
8352
8399
8103
8440
8103
8104
8103
8106
8426
8106
8107
8446
8427
8108
8446
8447
8118
8119
8114
8121
8442
8921
8122
8123
8441
8113
8125
8126
8360
8114
8128
8129
8442
8131
8926
8132
8928
8117
8122
8117
8125
8378
8124
8127
8120
8899
8120
8121
8447
8911
8922
8452
8922
8124
8124
8128
8450
8130
8127
8421
8127
8129
8131
8130
8130
8453
8130
8132
8132
8927
8929
8135
8135
8138
8138
8148
8141
8141
8143
8144
8144
8154
8144
8147
8151
8147
8149
8150
8150
8150
8153
8153
8155
8156
8156
8156
8159
8159
8161
8162
8224
8228
8163
8225
8226
8267
8163
8228
8229
8266
8267
8232
8233
8937
8938
8237
8976
8167
8269
8270
8455
8238
8242
8270
8297
8299
8172
8193
8272
8273
8171
8175
8279
8935
8972
8171
8935
8960
8177
8284
8180
8275
8276
8174
8176
8199
8200
8178
8202
8203
8243
8278
8279
8178
8281
8282
8179
8284
8285
8287
8288
8290
8193
8246
8247
8275
8182
8241
8459
8460
9093
8194
8247
8248
9095
8188
8291
8292
8458
8191
8239
8249
8250
8190
8209
8210
8626
8196
8212
8213
8629
8197
8245
8254
8255
8246
8294
8295
8196
8215
8216
8632
8218
8219
8635
8205
8221
8222
8194
8226
8267
8268
8456
8257
8258
8273
8258
8259
8457
8197
8229
8257
8273
8274
8260
8261
8230
8255
8261
8262
8214
8253
8785
8201
8221
8281
8201
8203
8638
8223
8641
8204
8287
8204
8644
8647
8239
8263
8264
8207
8208
8282
8283
8285
8240
8264
8265
8286
8288
8289
8290
8211
8218
8292
8211
8250
8650
8251
8293
8214
8653
8214
8255
8261
8256
8217
8260
8276
8217
8219
8656
8220
8277
8220
8295
8220
8659
8296
8223
8263
8223
8250
8662
8665
8225
8227
8227
8232
8231
8234
8230
8244
8230
8266
8245
8236
8234
8456
8234
8235
8974
8236
8236
8237
8974
8977
8240
8278
8300
8297
8298
8280
8298
8299
8301
8302
8940
8990
8300
8301
8455
8278
8300
8302
8940
8972
8245
8254
8248
8294
8458
8248
8258
8460
8251
8270
8297
8251
8271
8253
8254
8256
8256
8256
8259
8266
8259
8268
8262
8272
8262
8274
8265
8281
8265
8298
8283
8268
8268
8271
8291
8455
8271
8293
8274
8276
8274
8277
8294
8277
8296
8280
8280
8284
8286
8283
8283
8288
8286
8286
8290
8289
8289
8293
8458
8293
8295
8296
8296
8299
8299
8302
8302
8459
8313
8314
8316
8317
8321
8322
8324
8325
8327
8328
8330
8331
8312
8321
8344
8320
8323
8377
8315
8375
8315
8317
8318
8376
8318
8418
8318
8419
8320
8324
8359
8326
8420
8323
8323
8325
8326
8326
8326
8329
8379
8329
8331
8332
8380
8332
8422
8332
8423
8335
8335
8338
8338
8362
8363
8365
8366
8368
8369
8371
8372
8374
8375
8377
8378
8379
8381
8382
8384
8385
8387
8388
8390
8391
8393
8394
8396
8397
8399
8400
8402
8403
8405
8406
8408
8409
8411
8412
8414
8415
8417
8418
8420
8421
8422
8560
8364
8381
8364
8384
8383
8386
8367
8390
8367
8393
8392
8395
8370
8399
8370
8402
8401
8404
8373
8408
8373
8411
8410
8413
8376
8417
8376
8419
8420
8380
8421
8380
8423
8383
8383
8387
8389
8386
8386
8388
8389
8389
8389
8392
8392
8396
8398
8395
8395
8397
8398
8398
8398
8401
8401
8405
8407
8404
8404
8406
8407
8407
8407
8410
8410
8414
8416
8413
8413
8415
8416
8416
8416
8419
8419
8423
8423
8425
8426
8427
8461
8463
8427
8432
8433
8435
8436
8438
8439
8443
8444
8434
8434
8437
8437
8440
8440
8449
8450
8452
8453
8445
8446
8445
8449
8448
8451
8448
8448
8452
8454
8451
8451
8453
8454
8454
8454
8458
8459
8457
8938
9092
9095
8460
8460
8462
8463
8833
8837
8465
8467
8515
8466
8468
8516
8469
8517
8468
8518
8469
8519
8520
8471
8491
8521
8472
8492
8522
8493
8523
8474
8485
8530
8475
8486
8531
8487
8532
8477
8482
8533
8478
8483
8534
8484
8535
8480
8488
8536
8481
8489
8537
8490
8538
8483
8539
8484
8540
8541
8486
8542
8487
8543
8544
8489
8548
8490
8549
8550
8492
8551
8493
8552
8553
8495
8497
8500
8496
8498
8501
8499
8502
8498
8512
8499
8513
8514
8501
8728
8502
8729
8730
8504
8506
8605
8505
8507
8606
8508
8607
8507
8527
8508
8528
8529
8510
8512
8524
8511
8513
8525
8514
8526
8513
8514
8516
8686
8517
8687
8688
8519
8521
8520
8522
8523
8522
8523
8525
8527
8526
8528
8529
8528
8529
8531
8533
8532
8534
8535
8534
8535
8537
8539
8538
8540
8541
8540
8541
8543
8545
8544
8546
8547
8546
8740
8547
8741
8742
8549
8551
8550
8552
8553
8552
8553
8555
8557
8776
8556
8558
8777
8559
8778
8558
8590
8559
8591
8592
8561
8563
8593
8562
8564
8594
8565
8595
8564
8596
8565
8597
8598
8567
8569
8599
8568
8570
8600
8571
8601
8570
8602
8571
8603
8604
8573
8581
8611
8574
8582
8612
8583
8613
8576
8584
8614
8577
8585
8615
8586
8616
8579
8587
8617
8580
8588
8618
8589
8619
8582
8620
8583
8621
8622
8585
8779
8586
8780
8781
8588
8623
8589
8624
8625
8591
8611
8592
8612
8613
8594
8614
8595
8615
8616
8597
8617
8598
8618
8619
8600
8620
8601
8621
8622
8603
8779
8604
8780
8781
8606
8608
8607
8609
8610
8609
8623
8610
8624
8625
8612
8613
8615
8616
8618
8619
8621
8622
8624
8625
8627
8635
8650
8628
8636
8651
8637
8652
8630
8632
8653
8631
8633
8654
8634
8655
8633
8656
8634
8657
8658
8636
8659
8637
8660
8661
8639
8641
8644
8640
8642
8645
8643
8646
8642
8665
8643
8666
8667
8645
8647
8646
8648
8649
8648
8649
8651
8662
8652
8663
8664
8654
8785
8655
8786
8787
8657
8659
8658
8660
8661
8660
8661
8663
8665
8664
8666
8667
8666
8667
8669
8677
8785
8670
8678
8786
8679
8787
8672
8674
8713
8673
8675
8714
8676
8715
8675
8722
8676
8723
8724
8678
8725
8679
8726
8727
8681
8692
8731
8682
8693
8732
8694
8733
8684
8686
8698
8685
8687
8699
8688
8700
8687
8688
8690
8695
8734
8691
8696
8735
8697
8736
8693
8737
8694
8738
8739
8696
8749
8697
8750
8751
8699
8752
8700
8753
8754
8702
8704
8767
8703
8705
8768
8706
8769
8705
8770
8706
8771
8772
8708
8710
8716
8709
8711
8717
8712
8718
8711
8746
8712
8747
8748
8714
8758
8715
8759
8760
8717
8719
8718
8720
8721
8720
8764
8721
8765
8766
8723
8767
8724
8768
8769
8726
8770
8727
8771
8772
8729
8731
8730
8732
8733
8732
8733
8735
8737
8736
8738
8739
8738
8739
8741
8743
8742
8744
8745
8744
8746
8745
8747
8748
8747
8748
8750
8752
8751
8753
8754
8753
8754
8756
8758
8761
8757
8759
8762
8760
8763
8759
8760
8762
8764
8763
8765
8766
8765
8766
8768
8769
8771
8772
8774
8782
8775
8783
8784
8777
8782
8778
8783
8784
8780
8781
8783
8784
8786
8787
8789
8865
9014
8871
8791
8846
9065
8831
9066
8794
8795
8805
8794
8838
8842
8796
8796
8797
8808
8844
8842
8845
8808
8809
8858
8800
8813
8814
8849
8801
8818
8819
8824
8821
8822
8826
8828
8829
8851
8804
8830
8848
8804
8831
8848
9067
8832
8806
8808
8810
8812
8817
8820
8810
8810
8813
8860
8815
8812
8814
8816
8815
8815
8850
8815
8822
8817
8822
8823
8820
8828
8820
8821
8825
8823
8823
8827
8823
8825
8851
8905
8827
8933
8827
8849
8906
8934
8830
8852
8853
8832
9068
8834
8837
8839
8854
8836
8838
8840
8847
8854
8895
8841
8847
8840
8855
8841
8842
8855
8857
8845
8856
8893
8896
8845
8858
8859
8893
8857
9113
8853
9088
8850
8898
8860
8862
8852
8908
8853
9084
9089
8855
8856
8857
8857
8895
8859
8860
8861
9076
8861
8862
9077
8898
9080
8864
8866
8943
8963
8868
8869
8872
8871
8873
8958
8867
8868
8963
8969
8870
8870
8875
8878
8874
8875
8943
8877
8878
8956
8876
8877
8979
8876
8879
8879
9008
8879
8882
8883
8900
9081
8887
8888
9021
9074
8884
8885
8913
8884
8887
9082
8886
8889
8886
8926
8891
8889
9085
8889
8890
9031
8891
8891
8976
8893
8896
8899
8909
8894
9076
8909
9075
9076
8896
8902
9075
9078
9080
8906
9079
8909
8911
8912
8913
8915
8905
8907
8915
8917
8910
8918
8920
8904
8918
8923
8924
8930
8931
9078
8908
8933
8930
8934
8908
9081
9083
9084
8910
8911
9075
8920
8914
8916
8923
8914
8926
8925
8927
8916
9081
8917
8931
8932
8933
8919
9078
8920
8921
8924
8922
8922
8928
8925
8931
8925
8928
8929
8927
8929
8929
8932
9079
8932
8934
8934
8941
8970
8942
8946
8970
8971
8944
8973
8974
8944
9092
8945
9092
9094
9095
8947
8971
8960
8961
9096
8952
9096
9098
8978
8979
8981
8982
8981
8984
8986
8952
8987
8988
8987
8990
8992
8953
8988
8993
8994
8984
8991
8996
8997
8951
8964
8965
9090
8955
8967
8968
9099
9101
8999
9000
9099
8959
9002
9003
9091
9005
9006
9090
8958
9008
9009
8959
9011
9012
9091
9014
9015
9017
9018
8962
8962
8964
9097
8966
8967
8978
8966
9102
8966
8968
8969
9005
8969
8972
9096
8972
8987
8975
8982
9020
8975
8977
9029
8977
9031
9032
8980
9005
8980
9008
9007
9010
8983
9092
8983
9022
8986
9035
8985
9094
8986
8996
9043
9044
8989
8989
9099
8992
8994
8991
9093
8992
9094
8997
8995
8999
9037
8995
8997
8998
9038
8998
9046
8998
9047
9001
9039
9001
9002
9100
9004
9041
9004
9105
9004
9017
9048
9049
9007
9007
9011
9103
9013
9010
9010
9012
9015
9013
9013
9106
9013
9018
9016
9016
9018
9019
9019
9050
9019
9051
9022
9027
9029
9030
9031
9054
9033
9035
9024
9036
9037
9053
9039
9040
9026
9042
9043
9109
9045
9046
9055
9028
9033
9052
9029
9030
9056
9032
9032
9062
9032
9034
9108
9035
9042
9111
9044
9038
9045
9059
9038
9039
9047
9041
9041
9049
9044
9115
9044
9046
9047
9069
9047
9049
9050
9051
9056
9057
9108
9059
9060
9062
9063
9074
9069
9070
9109
9058
9062
9058
9065
9110
9064
9066
9061
9069
9061
9071
9064
9064
9067
9086
9068
9066
9113
9068
9068
9088
9071
9071
9072
9116
9073
9073
9118
9085
9086
9077
9077
9080
9079
9080
9082
9083
9085
9084
9087
9089
9087
9087
9088
9089
9089
9102
9103
9105
9106
9094
9095
9097
9098
9102
9101
9104
9100
9101
9105
9107
9104
9104
9106
9107
9107
9107
9110
9111
9115
9116
9112
9113
9112
9115
9114
9117
9114
9119
9117
9117
9118
9119
9119
)


// ************************************************************************* //
