/*--------------------------------*- C++ -*----------------------------------*\
  =========                 |
  \\      /  F ield         | OpenFOAM: The Open Source CFD Toolbox
   \\    /   O peration     | Website:  https://openfoam.org
    \\  /    A nd           | Version:  13
     \\/     M anipulation  |
\*---------------------------------------------------------------------------*/
FoamFile
{
    format      ascii;
    class       labelList;
    note        "nPoints: 18694 nCells: 9129 nFaces: 36733 nInternalFaces: 18181";
    location    "constant/polyMesh";
    object      neighbour;
}
// * * * * * * * * * * * * * * * * * * * * * * * * * * * * * * * * * * * * * //


18181
(
1
4
21
2
6
7
7983
4
5
9
24
6
25
6
10
7985
7
7984
7985
9
14
7973
7986
10
15
7986
7990
13
14
20
7973
13
20
22
209
17
211
15
17
16
24
17
26
212
214
19
29
173
8015
222
8016
8018
8470
8544
25
291
23
293
8544
27
28
8543
25
26
292
255
292
30
293
294
30
8545
8546
30
280
8546
295
167
244
245
3053
39
46
63
35
37
66
67
40
51
69
70
72
73
232
75
76
825
846
78
79
232
81
82
161
206
84
239
62
85
2955
43
89
90
234
45
92
93
233
48
95
96
98
99
168
170
101
102
169
104
105
239
53
110
111
235
113
114
234
52
116
117
236
53
119
120
235
62
122
123
55
125
126
128
129
131
132
174
237
136
137
236
60
139
140
238
142
143
174
237
60
149
150
238
145
152
155
3045
153
154
155
156
240
3052
157
3231
105
65
89
247
88
91
68
72
95
68
78
98
97
100
71
85
104
71
110
123
106
112
74
113
74
116
249
115
118
77
86
122
77
125
134
124
127
80
215
80
131
250
133
217
83
146
285
83
142
207
144
148
275
3161
274
2956
157
825
2961
88
92
252
94
91
259
91
93
96
94
94
254
94
101
97
113
97
101
103
100
215
100
102
210
103
103
103
213
106
274
106
107
109
109
109
111
257
112
112
128
112
262
115
115
119
260
121
118
265
118
120
126
121
121
263
121
129
124
157
124
128
130
127
136
127
129
130
130
130
133
268
133
219
224
220
135
136
846
138
2896
3041
138
138
140
266
141
141
153
2895
141
271
2896
144
223
144
149
269
151
146
147
241
148
242
148
150
152
151
151
272
151
154
154
3046
2898
3047
3047
241
3051
244
3053
3054
3232
162
281
7689
7694
277
5816
8730
8756
181
182
8724
8763
178
285
286
182
184
200
185
187
191
8726
165
188
189
278
166
194
195
197
198
278
202
203
2888
209
210
279
212
213
233
215
216
279
176
218
219
280
175
221
283
8017
176
222
280
223
224
185
226
227
229
230
178
180
186
205
179
206
180
188
286
187
190
183
194
8764
183
281
184
197
199
201
186
283
187
226
193
190
288
190
192
195
193
193
8732
8771
193
8732
8769
196
197
196
8769
8764
8770
199
199
202
289
204
201
5806
7694
204
5958
204
245
204
2889
5958
206
208
226
207
208
223
225
228
211
293
211
213
214
214
255
214
217
217
218
294
220
220
295
220
229
222
227
8018
230
225
225
229
231
228
228
230
231
231
231
249
250
254
255
259
260
262
263
265
266
268
269
271
272
274
275
241
243
244
242
243
285
246
287
246
246
289
290
248
259
258
261
251
265
251
268
267
270
253
254
256
291
256
256
292
258
262
264
261
261
263
264
264
264
267
267
271
273
270
270
272
273
273
273
276
276
6800
2956
6802
284
7696
8729
288
289
293
294
295
282
8724
284
7689
8736
8483
8726
7697
8744
287
287
288
290
290
290
292
295
5704
5706
7739
7748
307
5712
7752
299
303
5971
305
5972
999
6197
7743
7745
302
6197
7742
7745
304
6199
7747
304
7747
1187
5971
5973
5976
308
5704
7661
7739
308
5708
7661
7740
7752
798
1900
6387
6389
312
1896
1897
5584
1864
1896
1899
1901
2619
6390
6391
1421
1902
1903
2059
396
1905
1906
4433
318
334
1912
1913
381
397
1915
1916
382
1918
1919
5999
1921
1922
5980
322
337
1924
1925
383
406
1927
1928
384
1930
1931
6463
1933
1934
5981
326
340
1936
1937
1426
1939
1940
2140
1427
1942
1943
6472
1945
1946
5982
330
343
1948
1949
1429
1951
1952
2167
1443
1954
1956
2170
1957
1958
5983
332
346
1960
1961
1963
1964
5984
633
1908
6397
6398
1966
1967
5980
635
1969
1970
6418
338
357
1972
1973
1975
1976
5981
1978
1979
5985
341
360
1981
1982
1984
1985
5982
1987
1988
5986
344
363
1990
1991
1993
1994
5983
1996
1997
5987
347
366
1999
2000
2002
2003
5984
2005
2006
5988
350
369
2008
2009
1307
2011
2012
6415
2014
2015
5989
372
2017
2018
2023
1310
6415
6417
6536
1311
2020
2021
6662
746
2023
2025
2377
743
2026
2028
2383
637
6418
6420
6548
2029
2030
5985
507
639
2401
2404
5990
361
375
510
2408
2410
2032
2033
5986
516
2423
2425
5991
364
377
519
2429
2431
2035
2036
5987
525
2444
2446
5992
367
378
528
2450
2452
2038
2039
5988
534
2465
2467
5993
370
379
537
2471
2473
2041
2042
5989
543
2486
2488
5994
373
380
546
2492
2494
2044
2045
6669
552
2507
2509
6088
555
748
752
2513
2515
557
558
5991
560
561
643
5995
566
567
5992
573
574
5993
580
581
5994
587
588
6088
602
2047
2048
605
2050
2051
608
2053
2054
2056
2057
5425
1788
1902
6436
6438
699
6437
6439
6441
1790
1905
2059
2061
393
2062
2063
5997
395
2065
2066
5996
704
2068
2069
6439
394
2071
2072
6006
395
2074
2075
5996
400
2077
2078
438
2080
2081
2083
2084
2519
6445
6446
602
2086
2087
403
2089
2090
6000
405
2092
2093
5998
2095
2096
5997
404
2098
2099
6008
405
2101
2102
5998
409
2104
2105
447
2107
2108
2110
2111
608
2113
2114
412
2116
2117
6002
414
2119
2120
6001
2122
2123
6000
413
2125
2126
6011
414
2128
2129
6001
419
2131
2132
456
2134
2135
2137
2138
1807
1939
6463
6465
1810
1942
2140
2142
422
2143
2144
6004
424
2146
2147
6003
2149
2150
6002
423
2152
2153
6014
424
2155
2156
6003
429
2158
2159
465
2161
2162
2164
2165
1816
1951
6472
6474
1819
1955
2167
2169
432
2170
2171
7281
434
2173
2174
6005
2176
2177
6004
433
2179
2180
6017
434
2182
2183
6005
2185
2186
2194
474
2188
2189
2191
2192
1444
2194
2196
2201
483
2197
2198
4499
1451
2197
2200
2202
2203
2204
6006
444
2206
2207
6009
446
2209
2210
6007
712
1969
2212
2214
445
2215
2216
6024
446
2218
2219
6007
450
2221
2222
504
2224
2225
2227
2228
2230
2231
6008
453
2233
2234
6012
455
2236
2237
6010
2239
2240
6009
454
2242
2243
6026
455
2245
2246
6010
459
2248
2249
512
2251
2252
2254
2255
2257
2258
6011
462
2260
2261
6015
464
2263
2264
6013
2266
2267
6012
463
2269
2270
6029
464
2272
2273
6013
468
2275
2276
521
2278
2279
2281
2282
2284
2285
6014
471
2287
2288
6018
473
2290
2291
6016
2293
2294
6015
472
2296
2297
6032
473
2299
2300
6016
477
2302
2303
530
2305
2306
2308
2309
2311
2312
6017
480
2314
2315
6020
482
2317
2318
6019
2320
2321
6018
481
2323
2324
6035
482
2326
2327
6019
487
2329
2330
539
2332
2333
2335
2336
2338
6527
6528
1450
2011
2338
2340
490
2341
2342
6022
492
2344
2345
6021
2347
2348
6020
491
2350
2351
6038
492
2353
2354
6021
497
2356
2357
548
2359
2360
2362
2363
1456
2365
6536
6537
1459
2020
2365
2367
755
2021
2368
2370
502
2371
2372
6023
2374
2375
6022
768
2377
2378
2386
502
2380
2381
6023
758
2368
2383
2384
770
2027
2386
2388
2389
2390
716
2402
6548
6549
2392
2393
6024
509
2395
2396
6027
511
2398
2399
6025
510
2406
2407
6041
511
2405
2406
6025
515
2408
2409
557
2412
2413
2411
2412
2414
2415
6026
518
2417
2418
6030
520
2420
2421
6028
2423
2424
6027
519
2427
2428
6044
520
2426
2427
6028
524
2429
2430
566
2433
2434
2432
2433
2435
2436
6029
527
2438
2439
6033
529
2441
2442
6031
2444
2445
6030
528
2448
2449
6047
529
2447
2448
6031
533
2450
2451
573
2454
2455
2453
2454
2456
2457
6032
536
2459
2460
6036
538
2462
2463
6034
2465
2466
6033
537
2469
2470
6050
538
2468
2469
6034
542
2471
2472
580
2475
2476
2474
2475
2477
2478
6035
545
2480
2481
6039
547
2483
2484
6037
2486
2487
6036
546
2490
2491
6053
547
2489
2490
6037
551
2492
2493
587
2496
2497
2495
2496
2498
2499
6038
769
2044
2501
2503
556
2504
2505
6040
2507
2508
6039
555
2511
2512
6099
556
2510
2511
6040
773
2501
2513
2514
783
2517
2518
2516
2517
559
6041
559
563
6045
565
6043
562
729
6042
562
564
6056
565
6043
565
569
565
594
568
6044
568
571
6048
572
6046
570
6045
572
6046
572
576
575
6047
575
578
6051
579
6049
577
6048
579
6049
579
583
582
6050
582
585
6054
586
6052
584
6051
586
6052
586
590
589
6053
589
592
6100
593
6055
591
6054
593
6055
593
786
595
6056
598
6058
597
738
6057
598
6058
1422
2519
2521
2523
601
1793
2522
2524
1794
2525
2527
2528
2529
1796
2531
2532
2540
1797
2525
2534
2535
2537
2538
5999
1798
2540
2542
2543
1799
2543
2544
2552
2546
2547
1808
2056
2549
2551
1802
2550
2552
2554
1858
2555
2556
6599
615
617
2558
2559
1859
6599
6601
6608
1870
2561
2562
2588
2564
2565
6059
631
652
2567
2568
2570
2571
6059
620
2573
2574
5769
632
658
2576
2577
2579
2580
6060
634
673
2582
2583
636
679
2585
2586
677
2712
2714
5771
6061
638
680
682
2718
2720
640
682
684
686
642
686
687
689
644
689
691
692
646
692
693
695
1890
2588
2590
6638
1862
2591
2592
6436
2594
2595
6072
701
2601
2602
2597
2604
2605
2607
2608
6077
2610
2611
2616
718
2613
2614
2616
2618
2782
719
2788
2790
6080
641
721
2794
2797
726
6080
6082
723
724
5990
726
727
6083
645
729
730
735
6083
6085
732
733
5995
735
736
6086
738
739
1863
2555
2619
2621
650
2622
2623
6062
655
2629
2630
1868
2643
6608
6609
2640
2641
6072
1872
2561
2643
2645
660
2646
2647
6063
2649
2650
6062
659
2652
2653
6064
660
2655
2656
6063
701
2658
2659
665
2661
2662
2664
2665
2667
2669
5761
5925
663
2670
2671
6065
667
2673
2674
670
2676
2677
6074
2679
2680
6064
672
2682
2683
6066
2685
2686
6065
671
2688
2689
6067
672
2691
2692
6066
709
2694
2695
674
2697
2698
2700
2701
2703
2704
6077
2706
2707
6067
681
2709
2710
6069
2712
2713
5788
6068
680
2716
2717
6070
681
2715
2716
6069
718
2718
2719
683
2722
2723
2721
2722
683
6080
684
6070
688
6071
688
5798
5799
6071
688
726
688
690
5799
690
6083
691
7685
694
7687
694
735
694
696
5803
5804
696
6086
7688
1892
2724
6638
6639
1894
2591
2724
2726
2592
2727
2729
706
2730
2731
6073
2733
2734
705
2736
2737
6075
706
2739
2740
6073
2727
2742
2743
707
2745
2746
2748
2749
2751
2752
6075
714
2758
2759
6076
2761
2762
6074
713
2764
2765
6078
714
2767
2768
6076
2610
2770
2772
715
2773
2774
2776
2777
2779
2780
6078
2782
2783
2795
722
2785
2786
6079
2788
2789
721
2792
2793
6081
722
2791
2792
6079
723
2799
2800
2798
2799
725
6081
725
729
6042
731
6082
728
728
730
6084
731
6082
731
731
732
734
6084
734
738
6057
740
6085
737
737
739
6087
740
6085
740
740
741
6087
1314
6662
6664
6675
2805
2807
2827
745
2808
2809
5686
2811
2812
7660
6669
6671
6687
750
2026
2814
2815
774
2857
2859
6089
751
753
777
2863
2865
2805
6672
6673
781
2872
2874
6090
783
784
6089
790
791
6090
1465
2818
6675
6676
6663
6678
6680
761
2821
2822
6093
763
2824
2825
6091
2827
2828
6678
762
2830
2831
6096
763
2833
2834
6091
765
2836
2837
779
2839
2840
2842
2843
1476
5684
5692
6092
2845
2846
6093
767
2812
2813
5694
7662
2846
2847
5695
6094
2848
6687
6688
6670
6690
6692
2814
2848
2850
776
2851
2852
6097
778
2854
2855
6095
2857
2858
6690
777
2861
2862
6102
778
2860
2861
6095
780
2863
2864
790
2867
2868
2866
2867
2869
2870
6096
2872
2873
6097
2876
2877
5699
6105
2875
2876
5700
6098
785
6099
785
788
6103
789
6101
787
6100
789
6101
789
793
792
6102
792
795
7665
796
6104
794
6103
796
6104
796
5710
2882
2883
3017
5805
6708
6710
6711
845
1899
6711
6712
973
2882
2885
2887
850
2886
2888
2890
803
833
2894
2895
835
2897
2898
805
807
853
854
2900
856
857
6107
6718
859
860
983
2908
2909
2900
2901
6107
810
812
2905
2906
1000
2908
2910
3084
2911
2912
6108
1002
2914
2915
2925
2917
2918
6108
815
818
2922
2923
1027
2925
2927
3137
2928
2929
6109
1029
2931
2932
2946
819
824
2934
2935
2937
2938
6109
2940
2941
6110
822
827
2943
2944
1045
2946
2948
3198
2949
2950
6111
1047
2952
2953
2974
2957
2958
6110
2960
6140
828
834
2962
2963
2965
2966
6111
2968
2969
6112
831
837
2971
2972
1054
2974
2976
3278
2977
2978
6113
1056
2980
2981
3004
835
2983
2984
2986
2987
6112
2989
2990
838
843
2992
2993
2995
2996
6113
2998
2999
6114
841
3001
3002
3024
1060
3004
3006
3359
3007
3008
7620
1861
3010
3012
3377
3013
3014
6114
1860
3024
3026
3416
3038
3039
5587
3041
6140
849
945
3042
3043
969
2885
6714
6715
3048
3049
6149
3053
3054
6714
852
854
6117
6749
855
855
856
855
862
3055
858
858
860
6119
6757
861
861
1063
861
870
3081
3055
3056
6117
867
3058
3059
6120
869
3061
3062
6118
868
3066
3067
6122
869
3069
3070
6118
873
3072
3073
879
3075
3076
3078
3079
3081
3082
6119
1112
3084
3085
3099
878
3087
3088
6121
3090
3091
6120
877
3093
3094
6124
878
3096
3097
6121
1116
2914
3099
3101
887
3102
3103
3105
3106
3108
3109
6122
884
3111
3112
6125
886
3114
3115
6123
885
3119
3120
6127
886
3122
3123
6123
890
3125
3126
898
3128
3129
3131
3132
3134
3135
6124
1188
3137
3138
3152
895
3140
3141
6126
3143
3144
6125
894
3146
3147
6129
895
3149
3150
6126
1192
2931
3152
3154
907
3155
3156
3158
3159
897
3161
3162
6132
916
3165
3166
3168
3169
6127
904
3171
3172
6130
906
3174
3175
6128
3177
3178
905
3180
3181
6134
906
3183
3184
6128
910
3186
3187
924
3189
3190
3192
3193
3195
3196
6129
1248
3198
3199
3213
915
3201
3202
6131
3204
3205
6130
914
3207
3208
6137
915
3210
3211
6131
1252
2952
3213
3215
933
3216
3217
3219
3220
3222
3223
6132
921
3225
3226
6135
923
3228
3229
6133
922
3233
3234
6141
923
3236
3237
6133
927
3239
3240
942
3242
3243
3245
3246
3248
3249
6134
930
3251
3252
6138
932
3254
3255
6136
3257
3258
6135
931
3260
3261
6143
932
3263
3264
6136
936
3266
3267
951
3269
3270
3272
3273
3275
3276
6137
1277
3278
3279
3293
941
3281
3282
6139
3284
3285
6138
940
3287
3288
6146
941
3290
3291
6139
1281
2980
3293
3295
960
3296
3297
3299
3300
3302
3303
6141
948
3305
3306
6144
950
3308
3309
6142
3311
3312
6149
949
3314
3315
6150
950
3317
3318
6142
954
3320
3321
970
3323
3324
3326
3327
3329
3330
6143
957
3332
3333
6147
959
3335
3336
6145
3338
3339
6144
958
3341
3342
6152
959
3344
3345
6145
963
3347
3348
978
3350
3351
3353
3354
3356
3357
6146
1294
3359
3360
3374
968
3362
3363
6148
3365
3366
6147
1878
3007
3368
3370
968
3371
3372
6148
1299
3011
3374
3376
1880
3368
3377
3378
3380
3381
3396
6743
6744
3383
3384
6150
975
3386
3387
6153
976
3389
3390
6151
3018
3396
3398
976
3399
3400
6151
981
3406
3407
3409
3410
980
3428
6866
6867
3412
3413
6152
1876
3415
3417
3418
3418
3419
5626
3425
3426
6153
1877
3423
3428
3430
1063
1064
6869
6870
985
1001
1066
1067
3431
1069
1070
6154
6872
987
1004
1072
1073
3440
1075
1076
6155
6875
989
1007
1078
1079
3449
1081
1082
6156
6878
991
1010
1084
1085
3458
1087
1088
6157
6881
993
1013
1090
1091
3467
1093
1094
6158
6884
995
1016
1096
1097
3476
1099
1100
6159
6887
997
1019
1102
1103
3485
1105
1106
6160
6890
999
1022
1108
1109
3494
1025
1111
6869
6871
6947
3431
3432
6154
3434
3435
6893
1005
1028
3437
3438
3440
3441
6155
3443
3444
6161
1008
1031
3446
3447
3449
3450
6156
3452
3453
6162
1011
1034
3455
3456
3458
3459
6157
3461
3462
6163
1014
1037
3464
3465
3467
3468
6158
3470
3471
6164
1017
1040
3473
3474
3476
3477
6159
3479
3480
6165
1020
1042
3482
3483
3485
3486
6160
3488
3489
6166
1023
1043
3491
3492
1025
3494
3495
3497
3498
6167
1026
1044
3500
3501
3495
6197
7016
7018
3503
3504
6168
6893
6895
7022
3506
3507
6161
3509
3510
6920
1032
1046
3512
3513
3515
3516
6162
3518
3519
6169
1035
1049
3521
3522
3524
3525
6163
3527
3528
6170
1038
1052
3530
3531
3533
3534
6164
3536
3537
6171
1327
3539
3541
3923
3542
3543
6165
1330
3539
3545
3546
3548
3549
6166
3551
3552
6167
3554
3555
6168
6920
6922
7097
3557
3558
6169
3560
3561
6932
1050
1055
3563
3564
3566
3567
6170
3569
3570
6172
1053
3572
3573
3590
3575
3576
6171
3578
3579
7181
6932
6934
7133
3581
3582
6172
3584
3585
6938
1059
1061
3587
3588
1346
3590
3592
4077
3593
3594
6173
6938
6940
7151
3596
3597
6173
1393
3010
3599
3600
1065
1065
1067
6174
6944
1068
1068
1069
1068
1113
3602
1071
1071
1073
6176
6953
1074
1074
1075
1074
1122
3629
1077
1077
1079
6179
6962
1080
1080
1081
1080
1131
3656
1083
1083
1085
6182
6971
1086
1086
1087
1086
1140
3683
1089
1089
1091
6185
6980
1092
1092
1093
1092
1149
3710
1095
1095
1097
6188
6989
1098
1098
1099
1098
1158
3737
1101
1101
1103
6191
6998
1104
1104
1105
1104
1167
3764
1107
1107
1109
6194
7007
1110
1110
1111
1110
1176
3791
7743
3611
6947
6948
3602
3603
6174
1119
3605
3606
6177
1121
3608
3609
6175
3434
3611
3613
1120
3614
3615
6200
1121
3617
3618
6175
1125
3620
3621
1189
3623
3624
3626
3627
3629
3630
6176
1128
3632
3633
6180
1130
3635
3636
6178
3638
3639
6177
1129
3641
3642
6202
1130
3644
3645
6178
1134
3647
3648
1198
3650
3651
3653
3654
3656
3657
6179
1137
3659
3660
6183
1139
3662
3663
6181
3665
3666
6180
1138
3668
3669
6205
1139
3671
3672
6181
1143
3674
3675
1207
3677
3678
3680
3681
3683
3684
6182
1146
3686
3687
6186
1148
3689
3690
6184
3692
3693
6183
1147
3695
3696
6208
1148
3698
3699
6184
1152
3701
3702
1216
3704
3705
3707
3708
3710
3711
6185
1155
3713
3714
6189
1157
3716
3717
6187
3719
3720
6186
1156
3722
3723
6211
1157
3725
3726
6187
1161
3728
3729
1226
3731
3732
3734
3735
3737
3738
6188
1164
3740
3741
6192
1166
3743
3744
6190
3746
3747
6189
1165
3749
3750
6213
1166
3752
3753
6190
1170
3755
3756
1234
3758
3759
3761
3762
3764
3765
6191
1173
3767
3768
6195
1175
3770
3771
6193
3773
3774
6192
1174
3776
3777
6214
1175
3779
3780
6193
1179
3782
3783
1239
3785
3786
3788
3789
3791
3792
6194
1182
3794
3795
6198
1184
3797
3798
6196
3800
3801
6195
1183
3803
3804
6215
1184
3806
3807
6196
1185
3809
3810
1244
3812
3813
3815
3816
3818
3819
6198
1187
3504
3505
5971
6216
3819
3820
6199
3830
7022
7023
3821
3822
6200
1195
3824
3825
6203
1197
3827
3828
6201
3509
3830
3832
1196
3833
3834
6218
1197
3836
3837
6201
1201
3839
3840
1249
3842
3843
3845
3846
3848
3849
6202
1204
3851
3852
6206
1206
3854
3855
6204
3857
3858
6203
1205
3860
3861
6220
1206
3863
3864
6204
1210
3866
3867
1258
3869
3870
3872
3873
3875
3876
6205
1213
3878
3879
6209
1215
3881
3882
6207
3884
3885
6206
1214
3887
3888
6223
1215
3890
3891
6207
1219
3893
3894
1268
3896
3897
3899
3900
3902
3903
6208
1222
3905
3906
6212
1224
3908
3909
6210
3911
3912
6209
1223
3914
3915
7121
1224
3917
3918
6210
1229
3920
3921
3923
3924
4638
3926
3927
1228
3944
7061
7062
3929
3930
6211
1478
3932
3934
3935
3935
3936
4569
3938
3939
6212
1514
3545
3941
3943
1480
3942
3944
3946
1481
3932
7067
7068
1483
7067
7070
7072
3947
3948
6213
1484
3950
3952
3953
1486
3953
3954
7070
1487
3950
7076
7077
1489
7076
7079
7081
3956
3957
6214
1490
3959
3961
3962
1492
3962
3963
7079
1493
3959
7085
7086
1495
7085
7088
7090
3965
3966
6215
1496
3968
3970
3971
1498
3971
3972
7088
1499
3968
7091
7092
3983
7097
7098
3974
3975
6218
1255
3977
3978
6221
1257
3980
3981
6219
3560
3983
3985
1256
3986
3987
6225
1257
3989
3990
6219
1261
3992
3993
1278
3995
3996
3998
3999
4001
4002
6220
1264
4004
4005
6224
1266
4007
4008
6222
4010
4011
6221
1265
4013
4014
6227
1266
4016
4017
6222
1271
4019
4020
1288
4022
4023
4025
4026
1270
4043
7118
7119
4028
4029
6223
1502
4031
4033
4034
4034
4035
4635
4037
4038
6224
1563
3578
4040
4042
1504
4041
4043
4045
1505
7121
7123
7128
1508
4031
7124
7125
1510
7124
7127
7129
4055
7133
7134
4046
4047
6225
1284
4049
4050
6228
1286
4052
4053
6226
3584
4055
4057
1285
4058
4059
6229
1286
4061
4062
6226
1291
4064
4065
1296
4067
4068
4070
4071
1290
4088
7145
7146
4073
4074
6227
1560
4076
4078
4079
4079
4080
4782
4082
4083
6228
1561
4085
4086
7157
1562
4085
4088
4090
4100
7151
7152
1298
4106
7154
7155
4091
4092
6229
1628
4094
4096
4097
4097
4098
4956
3600
4100
4102
1703
3599
4103
4105
1630
4104
4106
4108
1631
7157
7159
7164
1634
4094
7160
7161
1636
7160
7163
7165
1432
1446
4109
4110
1433
4112
4113
6263
4115
4116
4124
1435
1452
4118
4119
1436
4121
4122
6266
4124
4126
4517
4127
4128
4136
1438
1461
4130
4131
1439
4133
4134
6269
4136
4138
4544
1441
1469
6271
7305
7307
1442
1469
1470
1475
1476
5684
1319
1331
4147
4148
4150
4151
6230
1321
1334
4153
4154
4156
4157
6231
1323
1337
4159
4160
4162
4163
6232
1325
1340
4165
4166
4168
4169
6233
1328
1347
4171
4172
4174
4176
4639
4177
4178
6234
1332
1350
4180
4181
4174
7166
7167
4183
4184
6230
4186
4187
6235
1335
1353
4189
4190
4192
4193
6231
4195
4196
6236
1338
1356
4198
4199
4201
4202
6232
4204
4205
6237
1341
1359
4207
4208
4210
4211
6233
4213
4214
6238
1343
1362
4216
4217
4219
4220
6239
1365
1557
1558
1348
1369
4222
4223
7181
7183
7353
4225
4226
6234
4228
4229
6240
1351
1372
4231
4232
4234
4235
6235
4237
4238
6241
1354
1375
4240
4241
4243
4244
6236
4246
4247
6242
1357
1378
4249
4250
4252
4253
6237
4255
4256
6243
1360
1381
4258
4259
4261
4262
6238
4264
4265
6244
1363
1384
4267
4268
4270
4271
6239
4273
4274
6245
1366
1387
4276
4277
1619
1620
4279
4280
6246
1390
1625
1626
1370
1394
4282
4283
4285
4286
6240
4288
4289
6247
1373
1396
4291
4292
4294
4295
6241
4297
4298
6248
1376
1399
4300
4301
4303
4304
6242
4306
4307
6249
1379
1402
4309
4310
4312
4313
6243
4315
4316
6250
1382
1405
4318
4319
4321
4322
6244
4324
4325
6251
1385
1408
4327
4328
4330
4331
6245
4333
4334
6252
1388
1411
4336
4337
4339
4340
6246
4342
4343
6253
1391
1414
4345
4346
1694
1695
4348
4349
6254
1417
1700
1701
5567
7223
7224
4351
4352
6247
1397
1420
4358
4359
4361
4362
6248
4364
4365
6255
1400
1423
4367
4368
4370
4371
6249
4373
4374
6256
1403
1424
4376
4377
4379
4380
6250
4382
4383
6257
1406
1425
4385
4386
4388
4389
6251
4391
4392
6258
1409
1428
4394
4395
4397
4398
6252
4400
4401
6259
1412
1431
4403
4404
4406
4407
6253
4409
4410
6260
1415
1434
4412
4413
4415
4416
6254
4418
4419
6261
1418
1437
4421
4422
1776
1777
4424
4425
6262
1440
1782
1783
4427
4428
6255
4430
4431
5389
4433
4435
5392
4436
4437
6256
4439
4440
6257
4442
4443
6258
4445
4446
5434
4448
4449
5452
4451
4452
6259
4454
4455
5461
1825
1954
4457
4458
4460
4461
6260
1828
4463
4464
1834
4466
4467
4469
4470
6261
1837
4472
4473
1843
4475
4476
4478
4479
6262
1846
4481
4482
1852
4484
4485
1849
1850
1854
1855
5551
5553
1855
1856
7278
7280
7282
7281
7283
7284
1448
2200
7284
7285
1828
4487
4488
1449
4490
4491
6264
4493
4494
4502
1455
4496
4497
4115
4499
4501
4500
4502
4504
1837
4505
4506
1458
4508
4509
6267
1460
4511
4512
6265
4514
4515
6264
4517
4518
4526
1460
4520
4521
6265
1464
4523
4524
4127
4526
4528
4529
4530
1846
4532
4533
1467
4535
4536
6270
1468
4538
4539
6268
4541
4542
6267
4544
4545
4554
1468
4547
4548
6268
1472
4550
4551
4557
4558
1471
1855
1471
1475
1477
6271
4560
4561
6270
1474
1476
4143
4146
6092
1477
4561
4562
6271
1477
1477
4563
4565
4570
1515
3941
4566
4567
4566
4569
4571
4563
4572
4573
1485
4575
4576
6274
4572
4578
4580
4581
4583
4587
1524
4584
4585
4578
4587
4588
4581
4590
4591
1491
4593
4594
6277
4590
4596
4598
4599
4601
4605
1533
4602
4603
4596
4605
4606
4599
4608
4609
1497
4611
4612
6280
4608
4614
4616
4617
4619
4623
1542
4620
4621
4614
4623
4624
4617
4626
4627
1501
4169
4170
5977
6283
4626
4628
5978
6217
4629
4631
4636
1565
4040
4632
4633
4632
4635
4637
4638
4640
4644
1511
4641
4642
6272
1513
4644
4645
7127
4629
4647
4648
1512
4650
4651
6287
4647
4653
4655
1518
4656
4657
1574
4659
4660
4653
4662
4663
7166
7311
7313
4665
4666
7311
1521
4668
4669
6275
1523
4671
4672
6273
4674
4675
6272
1522
4677
4678
6290
1523
4680
4681
6273
1527
4683
4684
1583
4686
4687
4689
4690
4692
4693
6274
1530
4695
4696
6278
1532
4698
4699
6276
4701
4702
6275
1531
4704
4705
6293
1532
4707
4708
6276
1536
4710
4711
1592
4713
4714
4716
4717
4719
4720
6277
1539
4722
4723
6281
1541
4725
4726
6279
4728
4729
6278
1540
4731
4732
6296
1541
4734
4735
6279
1545
4737
4738
1601
4740
4741
4743
4744
4746
4747
6280
1548
4749
4750
6284
1550
4752
4753
6282
4755
4756
6281
1549
4758
4759
6299
1550
4761
4762
6282
1554
4764
4765
1610
4767
4768
4770
4771
1553
5975
5977
6283
1553
1557
5975
1559
6285
4773
4774
6284
1556
1558
4220
4221
6302
1559
4774
4775
6285
1559
1559
1619
4776
4778
4783
4779
4780
4959
4779
4782
4784
7182
7350
7352
1568
4076
7353
7354
4785
4786
7350
1571
4788
4789
6288
1573
4791
4792
6286
4776
4794
4795
1572
4797
4798
6305
1573
4800
4801
6286
1577
4803
4804
1640
4806
4807
4809
4810
4812
4813
6287
1580
4815
4816
6291
1582
4818
4819
6289
4821
4822
6288
1581
4824
4825
6308
1582
4827
4828
6289
1586
4830
4831
1649
4833
4834
4836
4837
4839
4840
6290
1589
4842
4843
6294
1591
4845
4846
6292
4848
4849
6291
1590
4851
4852
6311
1591
4854
4855
6292
1595
4857
4858
1658
4860
4861
4863
4864
4866
4867
6293
1598
4869
4870
6297
1600
4872
4873
6295
4875
4876
6294
1599
4878
4879
6314
1600
4881
4882
6295
1604
4884
4885
1667
4887
4888
4890
4891
4893
4894
6296
1607
4896
4897
6300
1609
4899
4900
6298
4902
4903
6297
1608
4905
4906
6317
1609
4908
4909
6298
1613
4911
4912
1676
4914
4915
4917
4918
4920
4921
6299
1616
4923
4924
6303
1618
4926
4927
6301
4929
4930
6300
1617
4932
4933
6320
1618
4935
4936
6301
1622
4938
4939
1685
4941
4942
4944
4945
1621
6302
1621
1625
1627
6304
4947
4948
6303
1624
1626
4280
4281
6323
1627
4948
4949
6304
1627
1627
1694
4950
4952
4957
1705
4103
4953
4954
4953
4956
4958
4959
4961
4965
1637
4962
4963
6306
1639
4965
4966
7163
4950
4968
4969
1638
4971
4972
6327
4968
4974
4976
1643
4977
4978
1713
4980
4981
4974
4983
4984
4986
4987
6305
1646
4989
4990
6309
1648
4992
4993
6307
4995
4996
6306
1647
4998
4999
6330
1648
5001
5002
6307
1652
5004
5005
1722
5007
5008
5010
5011
5013
5014
6308
1655
5016
5017
6312
1657
5019
5020
6310
5022
5023
6309
1656
5025
5026
6333
1657
5028
5029
6310
1661
5031
5032
1731
5034
5035
5037
5038
5040
5041
6311
1664
5043
5044
6315
1666
5046
5047
6313
5049
5050
6312
1665
5052
5053
6336
1666
5055
5056
6313
1670
5058
5059
1740
5061
5062
5064
5065
5067
5068
6314
1673
5070
5071
6318
1675
5073
5074
6316
5076
5077
6315
1674
5079
5080
6339
1675
5082
5083
6316
1679
5085
5086
1749
5088
5089
5091
5092
5094
5095
6317
1682
5097
5098
6321
1684
5100
5101
6319
5103
5104
6318
1683
5106
5107
6342
1684
5109
5110
6319
1688
5112
5113
1758
5115
5116
5118
5119
5121
5122
6320
1691
5124
5125
6324
1693
5127
5128
6322
5130
5131
6321
1692
5133
5134
6345
1693
5136
5137
6322
1697
5139
5140
1767
5142
5143
5145
5146
1696
6323
1696
1700
1702
6325
5148
5149
6324
1699
1701
4349
4350
6348
1702
5149
5150
6325
1702
1702
1776
7223
7464
7466
1881
5161
7467
7468
5151
5152
7464
1710
5154
5155
6328
1712
5157
5158
6326
1711
5164
5165
6351
1712
5167
5168
6326
1716
5170
5171
1785
5173
5174
5176
5177
5179
5180
6327
1719
5182
5183
6331
1721
5185
5186
6329
5188
5189
6328
1720
5191
5192
6354
1721
5194
5195
6329
1725
5197
5198
1795
5200
5201
5203
5204
5206
5207
6330
1728
5209
5210
6334
1730
5212
5213
6332
5215
5216
6331
1729
5218
5219
6355
1730
5221
5222
6332
1734
5224
5225
1800
5227
5228
5230
5231
5233
5234
6333
1737
5236
5237
6337
1739
5239
5240
6335
5242
5243
6334
1738
5245
5246
6356
1739
5248
5249
6335
1743
5251
5252
1804
5254
5255
5257
5258
5260
5261
6336
1746
5263
5264
6340
1748
5266
5267
6338
5269
5270
6337
1747
5272
5273
6358
1748
5275
5276
6338
1752
5278
5279
1813
5281
5282
5284
5285
5287
5288
6339
1755
5290
5291
6343
1757
5293
5294
6341
5296
5297
6340
1756
5299
5300
6361
1757
5302
5303
6341
1761
5305
5306
1822
5308
5309
5311
5312
5314
5315
6342
1764
5317
5318
6346
1766
5320
5321
6344
5323
5324
6343
1765
5326
5327
6364
1766
5329
5330
6344
1770
5332
5333
1831
5335
5336
5338
5339
5341
5342
6345
1773
5344
5345
6349
1775
5347
5348
6347
5350
5351
6346
1774
5353
5354
6367
1775
5356
5357
6347
1779
5359
5360
1840
5362
5363
5365
5366
1778
6348
1778
1782
1784
6350
5368
5369
6349
1781
1783
4425
4426
6370
1784
5369
5370
6350
1784
1784
1849
5371
5372
6351
1791
5374
5375
7551
1792
5377
5378
6353
4430
5380
5382
1792
5386
5387
6353
4434
5389
5391
2522
5392
5393
5395
5396
1794
7551
7553
7554
7556
5398
5399
6354
5401
5402
7560
5404
5405
7554
7560
7562
7563
5413
7563
7564
5407
5408
6355
1803
2549
5410
5411
5410
5413
5415
5428
7569
7570
5416
5417
6356
1811
5419
5420
6359
1812
5422
5423
6357
4445
5425
5427
5426
5428
5430
1812
5431
5432
6357
4448
5434
5436
1817
5437
5438
5440
5441
5443
5444
6358
1820
5446
5447
6362
1821
5449
5450
6360
4454
5452
5454
5455
5456
6359
1821
5458
5459
6360
4457
5461
5463
1826
5464
5465
5467
5468
5470
5471
6361
1829
5473
5474
6365
1830
5476
5477
6363
5479
5480
7278
5482
5483
6362
1830
5485
5486
6363
5488
5489
1835
5491
5492
5494
5495
5497
5498
6364
1838
5500
5501
6368
1839
5503
5504
6366
5506
5507
6263
5509
5510
6365
1839
5512
5513
6366
5515
5516
1844
5518
5519
5521
5522
5524
5525
6367
1847
5527
5528
6371
1848
5530
5531
6369
5533
5534
6266
5536
5537
6368
1848
5539
5540
6369
5542
5543
1853
5545
5546
5548
5549
1851
6370
1851
1856
1857
6372
5551
5552
6269
5554
5555
6371
1857
5555
5556
6372
1857
1857
5557
5558
5564
5564
5566
5602
7620
7622
7645
5567
5569
5629
5380
5578
5579
5557
5584
5586
5585
5587
5589
1874
5590
5591
6382
1875
5593
5594
7633
1873
5596
5597
6378
5602
5603
5611
1873
5605
5606
6378
7617
7618
7629
1891
5608
5609
6374
5611
5613
7617
5614
5615
5617
5618
6376
3422
5620
5621
5623
5625
5627
5620
5626
5628
7621
7642
7644
1883
3415
7645
7646
5629
5630
7642
5632
5633
5648
1887
5635
5636
6381
5623
5638
5639
1886
5641
5642
6383
1887
5644
5645
6381
1888
5651
5652
5654
5655
5657
5658
6383
1895
5663
5664
6384
5669
7629
7631
5666
5667
6375
5669
5670
5678
1895
5672
5673
6384
5578
5678
5680
5681
5682
1898
5585
1898
5813
6391
1901
5815
1900
5587
1901
6711
6389
1904
4430
1904
2060
6442
6438
6444
1907
4434
1907
2062
6446
2061
2064
1909
1910
2597
1911
2068
2598
1911
2071
6398
2070
2073
1914
1921
2077
1914
1966
2080
2079
2082
1917
2047
6445
1917
2087
6451
6447
6453
1920
2050
2086
1920
2089
6455
2088
2091
1923
2095
1923
2098
6400
2097
2100
1926
1933
2104
1926
1975
2107
2106
2109
1929
2053
6454
1929
2114
6460
6456
6462
1932
2057
2113
1932
2116
6464
2115
2118
1935
2122
1935
2125
6403
2124
2127
1938
1945
2131
1938
1984
2134
2133
2136
1941
4445
1941
2141
6469
6465
6471
1944
4448
1944
2143
6473
2142
2145
1947
2149
1947
2152
6406
2151
2154
1950
1957
2158
1950
1993
2161
2160
2163
1953
4454
1953
2168
6478
6474
6480
1955
7278
1956
4457
2169
2172
1959
2176
1959
2179
6409
2178
2181
1962
1963
2185
1962
2002
2188
2187
2190
1965
2195
1965
2198
6412
2196
2199
1968
2203
1968
2206
6401
2205
2208
1971
2610
1971
2215
6419
2214
2217
1974
1978
2221
1974
2029
2224
2223
2226
1977
2230
1977
2233
6404
2232
2235
1980
2239
1980
2242
6421
2241
2244
1983
1987
2248
1983
2032
2251
2250
2253
1986
2257
1986
2260
6407
2259
2262
1989
2266
1989
2269
6424
2268
2271
1992
1996
2275
1992
2035
2278
2277
2280
1995
2284
1995
2287
6410
2286
2289
1998
2293
1998
2296
6427
2295
2298
2001
2005
2302
2001
2038
2305
2304
2307
2004
2311
2004
2314
6413
2313
2316
2007
2320
2007
2323
6430
2322
2325
2010
2014
2329
2010
2041
2332
2331
2334
2013
4115
2013
2341
6416
2340
2343
2016
2347
2016
2350
6433
2349
2352
2019
2024
2356
2019
2045
2359
2358
2361
2022
4127
2022
6663
2367
2370
2024
6669
2025
2374
2376
2379
2027
2805
2028
2814
2385
2388
2031
2392
2031
2395
6422
2394
2397
2034
2414
2034
2417
6425
2416
2419
2037
2435
2037
2438
6428
2437
2440
2040
2456
2040
2459
6431
2458
2461
2043
2477
2043
2480
6434
2479
2482
2046
6670
2046
2498
2500
2503
2049
2520
2049
2526
2529
2521
2527
2052
2528
2052
2532
2538
2530
2533
2055
2537
2055
2544
2547
2539
2545
2058
5426
2058
2546
2548
2551
2060
5389
2061
2065
2067
2064
6448
2064
2066
2078
2067
2067
6442
2067
2083
2070
2742
2070
2074
6440
2076
2073
6481
2073
2075
2081
2076
2076
6443
2076
2084
2079
2095
2079
2083
2085
2082
2203
2082
2084
2085
2085
2085
2088
2528
2088
2092
2094
2091
6457
2091
2093
2105
2094
2094
6451
2094
2110
2097
2097
2101
6449
2103
2100
6491
2100
2102
2108
2103
2103
6452
2103
2111
2106
2122
2106
2110
2112
2109
2230
2109
2111
2112
2112
2112
2115
2546
2115
2119
2121
2118
6466
2118
2120
2132
2121
2121
6460
2121
2137
2124
2124
2128
6458
2130
2127
6500
2127
2129
2135
2130
2130
6461
2130
2138
2133
2149
2133
2137
2139
2136
2257
2136
2138
2139
2139
2139
2141
5434
2142
2146
2148
2145
6475
2145
2147
2159
2148
2148
6469
2148
2164
2151
2151
2155
6467
2157
2154
6509
2154
2156
2162
2157
2157
6470
2157
2165
2160
2176
2160
2164
2166
2163
2284
2163
2165
2166
2166
2166
2168
5461
2169
2173
2175
2172
7282
2172
2174
2186
2175
2175
6478
2175
2191
2178
2178
2182
6476
2184
2181
6518
2181
2183
2189
2184
2184
6479
2184
2192
2187
2195
2187
2191
2193
2190
2311
2190
2192
2193
2193
2193
2195
7281
2196
2202
2199
4500
2199
6527
2202
2201
4502
2202
7284
2205
2205
2209
6482
2211
2208
6494
2208
2210
2222
2211
2211
6488
2211
2227
2213
2770
6484
2214
2218
6486
2220
2217
6545
2217
2219
2225
2220
2220
6489
2220
2228
2223
2239
2223
2227
2229
2226
2392
2226
2228
2229
2229
2229
2232
2232
2236
6492
2238
2235
6503
2235
2237
2249
2238
2238
6497
2238
2254
2241
2241
2245
6495
2247
2244
6554
2244
2246
2252
2247
2247
6498
2247
2255
2250
2266
2250
2254
2256
2253
2414
2253
2255
2256
2256
2256
2259
2259
2263
6501
2265
2262
6512
2262
2264
2276
2265
2265
6506
2265
2281
2268
2268
2272
6504
2274
2271
6563
2271
2273
2279
2274
2274
6507
2274
2282
2277
2293
2277
2281
2283
2280
2435
2280
2282
2283
2283
2283
2286
2286
2290
6510
2292
2289
6521
2289
2291
2303
2292
2292
6515
2292
2308
2295
2295
2299
6513
2301
2298
6572
2298
2300
2306
2301
2301
6516
2301
2309
2304
2320
2304
2308
2310
2307
2456
2307
2309
2310
2310
2310
2313
2313
2317
6519
2319
2316
6530
2316
2318
2330
2319
2319
6524
2319
2335
2322
2322
2326
6522
2328
2325
6581
2325
2327
2333
2328
2328
6525
2328
2336
2331
2347
2331
2335
2337
2334
2477
2334
2336
2337
2337
2337
2339
4499
2340
2344
6528
2346
2343
6539
2343
2345
2357
2346
2346
6533
2346
2362
2349
2349
2353
6531
2355
2352
6590
2352
2354
2360
2355
2355
6534
2355
2363
2358
2374
2358
2362
2364
2361
2498
2361
2363
2364
2364
2364
2366
4526
2367
2371
6537
2373
2369
6678
2370
2372
2384
2373
2373
6542
2373
2389
2376
2376
2380
6540
2382
2379
6687
2379
2381
2387
2382
2382
6543
2382
2390
2385
2827
2385
2389
2391
2387
2848
2388
2390
2391
2391
2391
2394
2394
2398
6546
2400
2397
6557
2397
2399
2409
2400
2400
6551
2400
2411
2402
2404
2794
2403
2795
2404
2405
6549
2407
2407
6552
2407
2412
2410
2423
2410
2411
2413
2413
2413
2416
2416
2420
6555
2422
2419
6566
2419
2421
2430
2422
2422
6560
2422
2432
2425
2425
2426
6558
2428
2428
6561
2428
2433
2431
2444
2431
2432
2434
2434
2434
2437
2437
2441
6564
2443
2440
6575
2440
2442
2451
2443
2443
6569
2443
2453
2446
2446
2447
6567
2449
2449
6570
2449
2454
2452
2465
2452
2453
2455
2455
2455
2458
2458
2462
6573
2464
2461
6584
2461
2463
2472
2464
2464
6578
2464
2474
2467
2467
2468
6576
2470
2470
6579
2470
2475
2473
2486
2473
2474
2476
2476
2476
2479
2479
2483
6582
2485
2482
6593
2482
2484
2493
2485
2485
6587
2485
2495
2488
2488
2489
6585
2491
2491
6588
2491
2496
2494
2507
2494
2495
2497
2497
2497
2500
2500
2504
6591
2506
2502
6690
2503
2505
2514
2506
2506
6596
2506
2516
2509
2509
2510
6594
2512
2512
6597
2512
2517
2515
2857
2515
2516
2518
2518
2518
2520
4433
2521
6445
2524
2523
7551
2524
5392
2527
2526
7554
2527
2535
2530
2530
2535
2536
2533
2534
5401
2533
2541
2536
2536
5404
2536
2539
6454
2539
2541
2542
2541
7560
2542
2545
2545
7563
2545
2553
2548
2548
2553
2554
2550
5428
2551
5410
2554
2553
5413
2554
2557
5557
2557
2622
6600
2621
2624
2560
2564
2629
2560
2570
2634
2631
2635
2563
7617
2563
2589
2640
2642
2645
2566
2649
2566
2652
6602
2651
2654
2569
2594
2658
2569
2641
2664
2660
2666
2572
2668
2572
2670
6603
2669
2672
2575
2579
2673
2575
5922
5929
2675
5930
2578
2601
2676
2578
2659
2679
2678
2681
2581
2685
2581
2688
6605
2687
2690
2584
2607
2694
2584
2697
2704
2696
2699
2587
2613
2703
2587
2709
2719
2705
2711
2589
7629
2590
6635
6637
6640
2593
5578
2593
6437
2726
2729
2596
2733
2596
2739
6636
2735
2741
2598
2599
2600
2742
2600
2605
2745
2744
2747
2603
6644
2603
2734
6647
6646
6649
2606
2755
6397
2606
2751
2753
2757
2609
2761
2609
2764
6654
2763
2766
2612
2612
2617
2773
2772
2775
2615
6653
2615
2789
6659
6655
6661
2617
6418
2618
2779
2781
2784
2620
5584
2621
2625
6390
2628
2624
6611
2624
2627
2630
2628
2626
2628
6393
2627
2636
6394
2628
2638
2631
2649
2631
2638
2639
2633
2634
2667
5880
2635
2637
5881
2635
2668
2639
2637
2638
5884
2639
5885
2639
2642
6635
2642
2646
2648
2644
5611
2645
2647
6609
2648
2648
2664
2648
6614
2651
2651
2655
6612
2657
2654
6617
2654
2656
2662
2657
2657
6615
2657
2665
2660
2733
2660
2661
2663
2663
2679
2663
2665
2666
2666
2666
2668
7718
2669
5927
2672
6620
2672
2674
5926
5927
2675
2685
2675
5932
5933
2678
6644
2678
2682
2695
2684
2681
2681
2683
6618
2684
2684
2700
2684
6623
2687
2687
2691
6621
2693
2690
6626
2690
2692
2698
2693
2693
6624
2693
2701
2696
2761
2696
2700
2702
2699
2706
2699
2701
2702
2702
2702
2705
6653
2705
2706
2708
2708
2708
2710
6627
2711
2711
2721
2711
6632
2714
5949
2714
2715
6630
2717
2717
6633
2717
2722
2720
2788
2720
2721
2723
2723
2723
2725
5678
2726
2730
6639
2732
2728
6439
2729
2731
2743
2732
2732
6642
2732
2748
2735
2735
2736
2738
2738
6647
2738
2740
2746
2741
2741
6641
2741
2749
2744
2744
2748
2750
2747
2751
2747
2749
2750
2750
2750
2753
2753
2758
6648
2760
2755
2756
2770
6484
2757
6485
2757
2759
2771
2760
2760
6651
2760
2776
2763
2763
2767
6645
2769
2766
6656
2766
2768
2774
2769
2769
6650
2769
2777
2771
2772
2776
2778
2775
2779
2775
2777
2778
2778
2778
2781
2781
2785
6657
2787
2784
6548
2784
2786
2796
2787
2787
6660
2787
2798
2790
2790
2791
2793
2793
6659
2793
2799
2795
2797
2796
2797
2798
2800
2800
2800
2802
2803
4139
6666
2804
2817
4140
2804
2821
6667
2820
2823
2806
2807
2830
6672
2829
2832
2810
2811
2836
2810
2839
5714
2838
2841
2813
2845
2813
7667
2847
2816
2816
2851
6673
2850
2853
2818
2820
4553
2819
4554
2820
2824
6676
2826
2823
6684
2823
2825
2837
2826
2826
6681
2826
2842
2829
2829
2833
6679
2835
2832
6696
2832
2834
2840
2835
2835
6682
2835
2843
2838
2845
2838
2842
2844
2841
2869
2841
2843
2844
2844
2844
2847
2847
6685
2849
2850
2854
6688
2856
2853
6699
2853
2855
2864
2856
2856
6693
2856
2866
2859
2859
2860
6691
2862
2862
6694
2862
2867
2865
2872
2865
2866
2868
2868
2868
2871
5714
2871
5720
6697
5716
5722
2874
2874
2875
6700
2877
2877
6703
2877
5727
2879
2881
3016
6706
2880
3017
5805
2881
5955
6709
6707
6710
2884
3018
2884
5956
5959
2887
5961
2886
3396
2887
6714
2890
2889
3053
2890
5960
5961
2892
3020
6115
6705
2893
3021
3033
3034
3040
6115
2896
2983
3041
2896
2898
2899
2989
3042
2899
3044
3047
2902
3055
2902
3058
6719
3057
3060
2904
3066
6721
3065
3068
2907
2911
3072
2907
2917
3075
3074
3077
2909
6869
2910
3081
3083
3086
2913
3090
2913
3093
6723
3092
3095
2916
3434
2916
2926
3102
3101
3104
2919
3108
2919
3111
6724
3110
3113
2921
3119
6726
3118
3121
2924
2928
3125
2924
2937
3128
3127
3130
2926
6893
2927
3134
3136
3139
2930
3143
2930
3146
6728
3145
3148
2933
3509
2933
2947
3155
3154
3157
2936
2940
3164
2936
2957
3165
3167
2939
3168
2939
3171
6729
3170
3173
2942
3177
2942
3180
6731
3179
3182
2945
2949
3186
2945
2965
3189
3188
3191
2947
6920
2948
3195
3197
3200
2951
3204
2951
3207
6734
3206
3209
2954
3560
2954
2975
3216
3215
3218
2956
3231
6803
6805
2959
3222
2959
3225
6732
3224
3227
2961
3233
6825
3232
3235
2964
2968
3239
2964
2986
3242
3241
3244
2967
3248
2967
3251
6735
3250
3253
2970
3257
2970
3260
6737
3259
3262
2973
2977
3266
2973
2995
3269
3268
3271
2975
6932
2976
3275
3277
3280
2979
3284
2979
3287
6740
3286
3289
2982
3584
2982
3005
3296
3295
3298
2985
6824
2985
2990
6830
6826
6832
2988
3302
2988
3305
6738
3304
3307
2991
3311
2991
3317
3313
3319
2994
2998
3320
2994
3013
3323
3322
3325
2997
3329
2997
3332
6741
3331
3334
3000
3338
3000
3341
6746
3340
3343
3003
3008
3347
3003
3025
3350
3349
3352
3005
6938
3006
3356
3358
3361
3009
7621
3009
3365
3367
3370
3011
5567
3012
3600
3376
3379
3015
3383
3015
3386
6747
3385
3388
3017
3019
3393
3018
3019
3395
3398
3021
3022
3392
3023
3403
3023
3394
3409
3405
3411
3025
7620
3026
3412
3414
3417
3028
3029
3402
5561
3030
3421
5562
3030
3404
3425
3424
3427
3032
3034
3036
5560
3033
3402
5561
3034
3403
3037
3036
5581
6116
6377
3037
7636
3040
6116
3040
5588
6116
3040
6115
6712
6824
3044
3311
3044
3045
3049
3046
3046
3051
3047
3050
6715
6851
3050
3051
3052
6716
3052
3054
6716
3057
3057
3061
6750
3063
3060
6760
3060
3062
3073
3063
3063
6754
3063
3078
3065
3069
6752
3071
3068
6766
3068
3070
3076
3071
3071
6755
3071
3079
3074
3090
3074
3078
3080
3077
3108
3077
3079
3080
3080
3080
3083
3083
3087
6758
3089
3086
6947
3086
3088
3100
3089
3089
6763
3089
3105
3092
3092
3096
6761
3098
3095
6774
3095
3097
3103
3098
3098
6764
3098
3106
3100
3611
3101
3105
3107
3104
3134
3104
3106
3107
3107
3107
3110
3110
3114
6767
3116
3113
6777
3113
3115
3126
3116
3116
6771
3116
3131
3118
3122
6769
3124
3121
6783
3121
3123
3129
3124
3124
6772
3124
3132
3127
3143
3127
3131
3133
3130
3168
3130
3132
3133
3133
3133
3136
3136
3140
6775
3142
3139
7022
3139
3141
3153
3142
3142
6780
3142
3158
3145
3145
3149
6778
3151
3148
6791
3148
3150
3156
3151
3151
6781
3151
3159
3153
3830
3154
3158
3160
3157
3195
3157
3159
3160
3160
3160
3163
6800
3163
3166
3177
3167
3222
3167
3170
3170
3174
6784
3176
3173
6794
3173
3175
3187
3176
3176
6788
3176
3192
3179
3179
3183
6786
3185
3182
6806
3182
3184
3190
3185
3185
6789
3185
3193
3188
3204
3188
3192
3194
3191
3248
3191
3193
3194
3194
3194
3197
3197
3201
6792
3203
3200
7097
3200
3202
3214
3203
3203
6797
3203
3219
3206
3206
3210
6795
3212
3209
6815
3209
3211
3217
3212
3212
6798
3212
3220
3214
3983
3215
3219
3221
3218
3275
3218
3220
3221
3221
3221
3224
3224
3228
6801
3230
3227
6809
3227
3229
3240
3230
3230
6804
3230
3245
3232
3236
3238
3235
6827
3235
3237
3243
3238
3238
6803
3238
3246
3241
3257
3241
3245
3247
3244
3302
3244
3246
3247
3247
3247
3250
3250
3254
6807
3256
3253
6818
3253
3255
3267
3256
3256
6812
3256
3272
3259
3259
3263
6810
3265
3262
6833
3262
3264
3270
3265
3265
6813
3265
3273
3268
3284
3268
3272
3274
3271
3329
3271
3273
3274
3274
3274
3277
3277
3281
6816
3283
3280
7133
3280
3282
3294
3283
3283
6821
3283
3299
3286
3286
3290
6819
3292
3289
6842
3289
3291
3297
3292
3292
6822
3292
3300
3294
4055
3295
3299
3301
3298
3356
3298
3300
3301
3301
3301
3304
3304
3308
6828
3310
3307
6836
3307
3309
3321
3310
3310
6831
3310
3326
3313
3313
3314
6852
3316
3316
6854
3316
3318
3324
3319
3319
6830
3319
3327
3322
3338
3322
3326
3328
3325
3383
3325
3327
3328
3328
3328
3331
3331
3335
6834
3337
3334
6845
3334
3336
3348
3337
3337
6839
3337
3353
3340
3340
3344
6837
3346
3343
6860
3343
3345
3351
3346
3346
6840
3346
3354
3349
3365
3349
3353
3355
3352
3412
3352
3354
3355
3355
3355
3358
3358
3362
6843
3364
3361
7151
3361
3363
3375
3364
3364
6848
3364
3380
3367
3367
3371
6846
3373
3369
7642
3370
3372
3378
3373
3373
6849
3373
3381
3375
4100
3376
3380
3382
3379
5629
3379
3381
3382
3382
3382
3385
3385
3389
6855
3391
3388
6863
3388
3390
3407
3391
3391
6858
3391
3410
3393
3394
6705
3395
6706
3395
3399
3401
3397
3398
3400
6744
3401
3401
3409
3401
6857
3403
3404
3405
3405
3406
3408
3408
3425
3408
3410
3411
3411
3411
3414
3414
3419
6861
3420
3416
5623
3417
7645
3420
3420
5627
3420
6866
3422
3424
7632
3423
7633
3424
5620
3430
3427
3427
3429
6864
3430
3429
5626
3430
6867
3433
3602
3433
3605
6873
3604
3607
3436
3436
3614
6894
3613
3616
3439
3443
3620
3439
3506
3623
3622
3625
3442
3629
3442
3632
6876
3631
3634
3445
3638
3445
3641
6896
3640
3643
3448
3452
3647
3448
3515
3650
3649
3652
3451
3656
3451
3659
6879
3658
3661
3454
3665
3454
3668
6899
3667
3670
3457
3461
3674
3457
3524
3677
3676
3679
3460
3683
3460
3686
6882
3685
3688
3463
3692
3463
3695
6902
3694
3697
3466
3470
3701
3466
3533
3704
3703
3706
3469
3710
3469
3713
6885
3712
3715
3472
3719
3472
3722
6905
3721
3724
3475
3479
3728
3475
3542
3731
3730
3733
3478
3737
3478
3740
6888
3739
3742
3481
3746
3481
3749
6908
3748
3751
3484
3488
3755
3484
3548
3758
3757
3760
3487
3764
3487
3767
6891
3766
3769
3490
3773
3490
3776
6911
3775
3778
3493
3497
3782
3493
3551
3785
3784
3787
3496
3791
3496
3794
3793
3796
3499
3800
3499
3803
6914
3802
3805
3502
3503
3809
3502
3554
3812
3811
3814
3505
3818
3505
6917
3820
3508
3821
3508
3824
6897
3823
3826
3511
3511
3833
6921
3832
3835
3514
3518
3839
3514
3557
3842
3841
3844
3517
3848
3517
3851
6900
3850
3853
3520
3857
3520
3860
6923
3859
3862
3523
3527
3866
3523
3566
3869
3868
3871
3526
3875
3526
3878
6903
3877
3880
3529
3884
3529
3887
6926
3886
3889
3532
3536
3893
3532
3575
3896
3895
3898
3535
3902
3535
3905
6906
3904
3907
3538
3911
3538
3914
6929
3913
3916
3540
4174
3541
3546
3920
3922
3925
3544
3929
3544
3933
6909
3931
3934
3547
7166
3547
3938
3940
3943
3550
3947
3550
3951
6912
3949
3952
3553
3956
3553
3960
6915
3958
3961
3556
3965
3556
3969
6918
3967
3970
3559
3974
3559
3977
6924
3976
3979
3562
3562
3986
6933
3985
3988
3565
3569
3992
3565
3581
3995
3994
3997
3568
4001
3568
4004
6927
4003
4006
3571
4010
3571
4013
6935
4012
4015
3574
3579
4019
3574
3591
4022
4021
4024
3577
4028
3577
4032
6930
4030
4033
3580
7182
3580
4037
4039
4042
3583
4046
3583
4049
6936
4048
4051
3586
3586
4058
6939
4057
4060
3589
3593
4064
3589
3596
4067
4066
4069
3591
7181
3592
4073
4075
4078
3595
4082
3595
4086
6941
4084
4087
3598
4091
3598
4095
6942
4093
4096
3601
7223
3601
4102
4105
3604
3604
3608
6945
3610
3607
6956
3607
3609
3621
3610
3610
6950
3610
3626
3612
3613
3617
6948
3619
3616
7019
3616
3618
3624
3619
3619
6951
3619
3627
3622
3638
3622
3626
3628
3625
3821
3625
3627
3628
3628
3628
3631
3631
3635
6954
3637
3634
6965
3634
3636
3648
3637
3637
6959
3637
3653
3640
3640
3644
6957
3646
3643
7028
3643
3645
3651
3646
3646
6960
3646
3654
3649
3665
3649
3653
3655
3652
3848
3652
3654
3655
3655
3655
3658
3658
3662
6963
3664
3661
6974
3661
3663
3675
3664
3664
6968
3664
3680
3667
3667
3671
6966
3673
3670
7037
3670
3672
3678
3673
3673
6969
3673
3681
3676
3692
3676
3680
3682
3679
3875
3679
3681
3682
3682
3682
3685
3685
3689
6972
3691
3688
6983
3688
3690
3702
3691
3691
6977
3691
3707
3694
3694
3698
6975
3700
3697
7046
3697
3699
3705
3700
3700
6978
3700
3708
3703
3719
3703
3707
3709
3706
3902
3706
3708
3709
3709
3709
3712
3712
3716
6981
3718
3715
6992
3715
3717
3729
3718
3718
6986
3718
3734
3721
3721
3725
6984
3727
3724
7055
3724
3726
3732
3727
3727
6987
3727
3735
3730
3746
3730
3734
3736
3733
3929
3733
3735
3736
3736
3736
3739
3739
3743
6990
3745
3742
7001
3742
3744
3756
3745
3745
6995
3745
3761
3748
3748
3752
6993
3754
3751
7064
3751
3753
3759
3754
3754
6996
3754
3762
3757
3773
3757
3761
3763
3760
3947
3760
3762
3763
3763
3763
3766
3766
3770
6999
3772
3769
7010
3769
3771
3783
3772
3772
7004
3772
3788
3775
3775
3779
7002
3781
3778
7073
3778
3780
3786
3781
3781
7005
3781
3789
3784
3800
3784
3788
3790
3787
3956
3787
3789
3790
3790
3790
3793
3793
3797
7008
3799
3796
7016
3796
3798
3810
3799
3799
7013
3799
3815
3802
3802
3806
7011
3808
3805
7082
3805
3807
3813
3808
3808
7014
3808
3816
3811
3818
3811
3815
3817
3814
3965
3814
3816
3817
3817
3817
3820
3820
7017
3823
3823
3827
7020
3829
3826
7031
3826
3828
3840
3829
3829
7025
3829
3845
3831
3832
3836
7023
3838
3835
7094
3835
3837
3843
3838
3838
7026
3838
3846
3841
3857
3841
3845
3847
3844
3974
3844
3846
3847
3847
3847
3850
3850
3854
7029
3856
3853
7040
3853
3855
3867
3856
3856
7034
3856
3872
3859
3859
3863
7032
3865
3862
7103
3862
3864
3870
3865
3865
7035
3865
3873
3868
3884
3868
3872
3874
3871
4001
3871
3873
3874
3874
3874
3877
3877
3881
7038
3883
3880
7049
3880
3882
3894
3883
3883
7043
3883
3899
3886
3886
3890
7041
3892
3889
7112
3889
3891
3897
3892
3892
7044
3892
3900
3895
3911
3895
3899
3901
3898
4028
3898
3900
3901
3901
3901
3904
3904
3908
7047
3910
3907
7058
3907
3909
3921
3910
3910
7052
3910
3926
3913
3913
3917
7050
3919
3916
7122
3916
3918
3924
3919
3919
7053
3919
3927
3922
3938
3922
3926
3928
3925
4639
3925
3927
3928
3928
3928
3931
3931
3936
7056
3937
3933
4563
3934
7068
3937
3937
4570
3937
7061
3940
3940
3945
7059
3946
3942
7311
3943
4566
3946
3945
4569
3946
7062
3949
3949
3954
7065
3955
3951
4581
3952
7077
3955
3955
4587
3955
7071
3958
3958
3963
7074
3964
3960
4599
3961
7086
3964
3964
4605
3964
7080
3967
3967
3972
7083
3973
3969
4617
3970
7092
3973
3973
4623
3973
7089
3976
3976
3980
7095
3982
3979
7106
3979
3981
3993
3982
3982
7100
3982
3998
3984
3985
3989
7098
3991
3988
7130
3988
3990
3996
3991
3991
7101
3991
3999
3994
4010
3994
3998
4000
3997
4046
3997
3999
4000
4000
4000
4003
4003
4007
7104
4009
4006
7115
4006
4008
4020
4009
4009
7109
4009
4025
4012
4012
4016
7107
4018
4015
7139
4015
4017
4023
4018
4018
7110
4018
4026
4021
4037
4021
4025
4027
4024
4073
4024
4026
4027
4027
4027
4030
4030
4035
7113
4036
4032
4629
4033
7125
4036
4036
4636
4036
7118
4039
4039
4044
7116
4045
4041
7350
4042
4632
4045
4044
4635
4045
7119
4048
4048
4052
7131
4054
4051
7142
4051
4053
4065
4054
4054
7136
4054
4070
4056
4057
4061
7134
4063
4060
7148
4060
4062
4068
4063
4063
7137
4063
4071
4066
4082
4066
4070
4072
4069
4091
4069
4071
4072
4072
4072
4075
4075
4080
7140
4081
4077
4776
4078
7353
4081
4081
4783
4081
7145
4084
4084
4089
7143
4090
4087
4779
4087
7158
4090
4089
4782
4090
7146
4093
4093
4098
7149
4099
4095
4950
4096
7161
4099
4099
4957
4099
7154
4101
4102
4107
7152
4108
4104
7464
4105
4953
4108
4107
4956
4108
7155
4111
4463
7279
4111
4488
7285
7280
7286
4114
4466
4487
4114
4490
7288
4489
4492
4117
4117
4125
4496
4498
4501
4120
4472
7287
4120
4506
7293
7289
7295
4123
4475
4505
4123
4508
7297
4507
4510
4125
6415
4126
4514
4516
4519
4129
4129
4137
4523
4525
4528
4132
4481
7296
4132
4533
7302
7298
7304
4135
4484
4532
4135
4535
7306
4534
4537
4137
6662
4138
4541
4543
4546
4140
4141
4144
4142
4553
4142
4145
4550
4552
4556
4144
4146
6665
4145
6666
4146
4560
4562
4149
4150
4564
4149
4183
4567
4565
4568
4152
4573
4152
4575
7169
4574
4577
4155
4156
4582
4155
4192
4584
4583
4586
4158
4591
4158
4593
7172
4592
4595
4161
4162
4600
4161
4201
4602
4601
4604
4164
4609
4164
4611
7175
4610
4613
4167
4168
4618
4167
4210
4620
4619
4622
4170
4627
4170
7178
4628
4173
4177
4630
4173
4225
4633
4631
4634
4175
4176
4641
7167
4640
4643
4179
4648
4179
4650
7184
4649
4652
4182
4186
4656
4182
4234
4659
4658
4661
4185
4665
4185
4668
7170
4667
4670
4188
4674
4188
4677
7187
4676
4679
4191
4195
4683
4191
4243
4686
4685
4688
4194
4692
4194
4695
7173
4694
4697
4197
4701
4197
4704
7190
4703
4706
4200
4204
4710
4200
4252
4713
4712
4715
4203
4719
4203
4722
7176
4721
4724
4206
4728
4206
4731
7193
4730
4733
4209
4213
4737
4209
4261
4740
4739
4742
4212
4746
4212
4749
7179
4748
4751
4215
4755
4215
4758
7196
4757
4760
4218
4219
4764
4218
4270
4767
4766
4769
4221
4773
4221
7199
4775
4224
4228
4777
4224
4285
4780
4778
4781
4227
4785
4227
4788
7185
4787
4790
4230
4794
4230
4797
7202
4796
4799
4233
4237
4803
4233
4294
4806
4805
4808
4236
4812
4236
4815
7188
4814
4817
4239
4821
4239
4824
7205
4823
4826
4242
4246
4830
4242
4303
4833
4832
4835
4245
4839
4245
4842
7191
4841
4844
4248
4848
4248
4851
7208
4850
4853
4251
4255
4857
4251
4312
4860
4859
4862
4254
4866
4254
4869
7194
4868
4871
4257
4875
4257
4878
7211
4877
4880
4260
4264
4884
4260
4321
4887
4886
4889
4263
4893
4263
4896
7197
4895
4898
4266
4902
4266
4905
7214
4904
4907
4269
4273
4911
4269
4330
4914
4913
4916
4272
4920
4272
4923
7200
4922
4925
4275
4929
4275
4932
7217
4931
4934
4278
4279
4938
4278
4339
4941
4940
4943
4281
4947
4281
7220
4949
4284
4288
4951
4284
4351
4954
4952
4955
4287
4960
4287
4962
7203
4961
4964
4290
4969
4290
4971
7226
4970
4973
4293
4297
4977
4293
4361
4980
4979
4982
4296
4986
4296
4989
7206
4988
4991
4299
4995
4299
4998
7229
4997
5000
4302
4306
5004
4302
4370
5007
5006
5009
4305
5013
4305
5016
7209
5015
5018
4308
5022
4308
5025
7232
5024
5027
4311
4315
5031
4311
4379
5034
5033
5036
4314
5040
4314
5043
7212
5042
5045
4317
5049
4317
5052
7235
5051
5054
4320
4324
5058
4320
4388
5061
5060
5063
4323
5067
4323
5070
7215
5069
5072
4326
5076
4326
5079
7238
5078
5081
4329
4333
5085
4329
4397
5088
5087
5090
4332
5094
4332
5097
7218
5096
5099
4335
5103
4335
5106
7241
5105
5108
4338
4342
5112
4338
4406
5115
5114
5117
4341
5121
4341
5124
7221
5123
5126
4344
5130
4344
5133
7244
5132
5135
4347
4348
5139
4347
4415
5142
5141
5144
4350
5148
4350
7247
5150
4353
5151
4353
5154
7227
5153
5156
4355
4356
5570
7250
4357
5160
5571
4357
5164
7252
5163
5166
4360
4364
5170
4360
4427
5173
5172
5175
4363
5179
4363
5182
7230
5181
5184
4366
5188
4366
5191
7254
5190
5193
4369
4373
5197
4369
4436
5200
5199
5202
4372
5206
4372
5209
7233
5208
5211
4375
5215
4375
5218
7257
5217
5220
4378
4382
5224
4378
4439
5227
5226
5229
4381
5233
4381
5236
7236
5235
5238
4384
5242
4384
5245
7260
5244
5247
4387
4391
5251
4387
4442
5254
5253
5256
4390
5260
4390
5263
7239
5262
5265
4393
5269
4393
5272
7263
5271
5274
4396
4400
5278
4396
4451
5281
5280
5283
4399
5287
4399
5290
7242
5289
5292
4402
5296
4402
5299
7266
5298
5301
4405
4409
5305
4405
4460
5308
5307
5310
4408
5314
4408
5317
7245
5316
5319
4411
5323
4411
5326
7269
5325
5328
4414
4418
5332
4414
4469
5335
5334
5337
4417
5341
4417
5344
7248
5343
5346
4420
5350
4420
5353
7272
5352
5355
4423
4424
5359
4423
4478
5362
5361
5364
4426
5368
4426
7275
5370
4429
5371
4429
5374
7255
5373
5376
4432
4432
5386
5390
5382
5388
4434
4435
5391
5394
4438
5398
4438
5402
7258
5400
5403
4441
5407
4441
5411
7261
5409
5412
4444
5416
4444
5419
7264
5418
5421
4447
4447
5431
5435
5427
5433
4450
4450
5437
5453
5436
5439
4453
5443
4453
5446
7267
5445
5448
4456
4456
5458
5462
5454
5460
4459
4459
5464
5480
5463
5466
4462
5470
4462
5473
7270
5472
5475
4465
5479
4465
5485
5489
5481
5487
4468
5488
4468
5491
5507
5490
5493
4471
5497
4471
5500
7273
5499
5502
4474
5506
4474
5512
5516
5508
5514
4477
5515
4477
5518
5534
5517
5520
4480
5524
4480
5527
7276
5526
5529
4483
5533
4483
5539
5543
5535
5541
4486
5542
4486
5545
5552
5544
5547
4489
5488
4489
4493
4495
4492
7290
4492
4494
4497
4495
4495
7285
4495
4503
4498
4514
4498
4503
4504
4500
4501
4504
4503
4504
4507
5515
4507
4511
4513
4510
7299
4510
4512
4524
4513
4513
7293
4513
4529
4516
4516
4520
7291
4522
4519
6536
4519
4521
4527
4522
4522
7294
4522
4530
4525
4541
4525
4529
4531
4527
4528
4530
4531
4531
4531
4534
5542
4534
4538
4540
4537
7308
4537
4539
4551
4540
4540
7302
4540
4557
4543
4543
4547
7300
4549
4546
6675
4546
4548
4555
4549
4549
7303
4549
4558
4552
4560
4552
4557
4559
4554
4556
4555
4556
4558
4559
4559
4559
4562
4562
7309
4564
4565
4573
4571
4568
4568
4665
4571
4570
4571
4574
7067
4574
4580
4577
7320
4577
4579
4585
4580
4579
7070
4580
4588
4582
4583
4591
4589
4586
4692
4586
4588
4589
4589
4589
4592
7076
4592
4598
4595
7329
4595
4597
4603
4598
4597
7079
4598
4606
4600
4601
4609
4607
4604
4719
4604
4606
4607
4607
4607
4610
7085
4610
4616
4613
7338
4613
4615
4621
4616
4615
7088
4616
4624
4618
4619
4627
4625
4622
4746
4622
4624
4625
4625
4625
4628
7091
4628
4630
4631
4648
4637
4634
4634
4785
4637
4636
4637
4639
7121
4640
4646
4643
7314
4643
4645
4657
4646
4646
7128
4646
4662
4649
7124
4649
4655
4652
7359
4652
4654
4660
4655
4654
7127
4655
4663
4658
4674
4658
4662
4664
4661
4812
4661
4663
4664
4664
4664
4667
4667
4671
7312
4673
4670
7323
4670
4672
4684
4673
4673
7317
4673
4689
4676
4676
4680
7315
4682
4679
7368
4679
4681
4687
4682
4682
7318
4682
4690
4685
4701
4685
4689
4691
4688
4839
4688
4690
4691
4691
4691
4694
4694
4698
7321
4700
4697
7332
4697
4699
4711
4700
4700
7326
4700
4716
4703
4703
4707
7324
4709
4706
7377
4706
4708
4714
4709
4709
7327
4709
4717
4712
4728
4712
4716
4718
4715
4866
4715
4717
4718
4718
4718
4721
4721
4725
7330
4727
4724
7341
4724
4726
4738
4727
4727
7335
4727
4743
4730
4730
4734
7333
4736
4733
7386
4733
4735
4741
4736
4736
7336
4736
4744
4739
4755
4739
4743
4745
4742
4893
4742
4744
4745
4745
4745
4748
4748
4752
7339
4754
4751
7347
4751
4753
4765
4754
4754
7344
4754
4770
4757
4757
4761
7342
4763
4760
7395
4760
4762
4768
4763
4763
7345
4763
4771
4766
4773
4766
4770
4772
4769
4920
4769
4771
4772
4772
4772
4775
4775
7348
4777
4778
4794
4784
4781
4781
4960
4784
4783
4784
4787
4787
4791
7351
4793
4790
7362
4790
4792
4804
4793
4793
7356
4793
4809
4796
4796
4800
7354
4802
4799
7407
4799
4801
4807
4802
4802
7357
4802
4810
4805
4821
4805
4809
4811
4808
4986
4808
4810
4811
4811
4811
4814
4814
4818
7360
4820
4817
7371
4817
4819
4831
4820
4820
7365
4820
4836
4823
4823
4827
7363
4829
4826
7416
4826
4828
4834
4829
4829
7366
4829
4837
4832
4848
4832
4836
4838
4835
5013
4835
4837
4838
4838
4838
4841
4841
4845
7369
4847
4844
7380
4844
4846
4858
4847
4847
7374
4847
4863
4850
4850
4854
7372
4856
4853
7425
4853
4855
4861
4856
4856
7375
4856
4864
4859
4875
4859
4863
4865
4862
5040
4862
4864
4865
4865
4865
4868
4868
4872
7378
4874
4871
7389
4871
4873
4885
4874
4874
7383
4874
4890
4877
4877
4881
7381
4883
4880
7434
4880
4882
4888
4883
4883
7384
4883
4891
4886
4902
4886
4890
4892
4889
5067
4889
4891
4892
4892
4892
4895
4895
4899
7387
4901
4898
7398
4898
4900
4912
4901
4901
7392
4901
4917
4904
4904
4908
7390
4910
4907
7443
4907
4909
4915
4910
4910
7393
4910
4918
4913
4929
4913
4917
4919
4916
5094
4916
4918
4919
4919
4919
4922
4922
4926
7396
4928
4925
7404
4925
4927
4939
4928
4928
7401
4928
4944
4931
4931
4935
7399
4937
4934
7452
4934
4936
4942
4937
4937
7402
4937
4945
4940
4947
4940
4944
4946
4943
5121
4943
4945
4946
4946
4946
4949
4949
7405
4951
4952
4969
4958
4955
4955
5151
4958
4957
4958
4960
7157
4961
4967
4964
7410
4964
4966
4978
4967
4967
7164
4967
4983
4970
7160
4970
4976
4973
7473
4973
4975
4981
4976
4975
7163
4976
4984
4979
4995
4979
4983
4985
4982
5179
4982
4984
4985
4985
4985
4988
4988
4992
7408
4994
4991
7419
4991
4993
5005
4994
4994
7413
4994
5010
4997
4997
5001
7411
5003
5000
7482
5000
5002
5008
5003
5003
7414
5003
5011
5006
5022
5006
5010
5012
5009
5206
5009
5011
5012
5012
5012
5015
5015
5019
7417
5021
5018
7428
5018
5020
5032
5021
5021
7422
5021
5037
5024
5024
5028
7420
5030
5027
7491
5027
5029
5035
5030
5030
7423
5030
5038
5033
5049
5033
5037
5039
5036
5233
5036
5038
5039
5039
5039
5042
5042
5046
7426
5048
5045
7437
5045
5047
5059
5048
5048
7431
5048
5064
5051
5051
5055
7429
5057
5054
7500
5054
5056
5062
5057
5057
7432
5057
5065
5060
5076
5060
5064
5066
5063
5260
5063
5065
5066
5066
5066
5069
5069
5073
7435
5075
5072
7446
5072
5074
5086
5075
5075
7440
5075
5091
5078
5078
5082
7438
5084
5081
7509
5081
5083
5089
5084
5084
7441
5084
5092
5087
5103
5087
5091
5093
5090
5287
5090
5092
5093
5093
5093
5096
5096
5100
7444
5102
5099
7455
5099
5101
5113
5102
5102
7449
5102
5118
5105
5105
5109
7447
5111
5108
7518
5108
5110
5116
5111
5111
7450
5111
5119
5114
5130
5114
5118
5120
5117
5314
5117
5119
5120
5120
5120
5123
5123
5127
7453
5129
5126
7461
5126
5128
5140
5129
5129
7458
5129
5145
5132
5132
5136
7456
5138
5135
7527
5135
5137
5143
5138
5138
7459
5138
5146
5141
5148
5141
5145
5147
5144
5341
5144
5146
5147
5147
5147
5150
5150
7462
5153
5153
5157
7465
5159
5156
7476
5156
5158
5171
5159
5159
7470
5159
5176
5161
5163
5647
5162
5648
5163
5167
7468
5169
5166
7539
5166
5168
5174
5169
5169
7471
5169
5177
5172
5188
5172
5176
5178
5175
5371
5175
5177
5178
5178
5178
5181
5181
5185
7474
5187
5184
7485
5184
5186
5198
5187
5187
7479
5187
5203
5190
5190
5194
7477
5196
5193
7548
5193
5195
5201
5196
5196
7480
5196
5204
5199
5215
5199
5203
5205
5202
5398
5202
5204
5205
5205
5205
5208
5208
5212
7483
5214
5211
7494
5211
5213
5225
5214
5214
7488
5214
5230
5217
5217
5221
7486
5223
5220
7557
5220
5222
5228
5223
5223
7489
5223
5231
5226
5242
5226
5230
5232
5229
5407
5229
5231
5232
5232
5232
5235
5235
5239
7492
5241
5238
7503
5238
5240
5252
5241
5241
7497
5241
5257
5244
5244
5248
7495
5250
5247
7566
5247
5249
5255
5250
5250
7498
5250
5258
5253
5269
5253
5257
5259
5256
5416
5256
5258
5259
5259
5259
5262
5262
5266
7501
5268
5265
7512
5265
5267
5279
5268
5268
7506
5268
5284
5271
5271
5275
7504
5277
5274
7575
5274
5276
5282
5277
5277
7507
5277
5285
5280
5296
5280
5284
5286
5283
5443
5283
5285
5286
5286
5286
5289
5289
5293
7510
5295
5292
7521
5292
5294
5306
5295
5295
7515
5295
5311
5298
5298
5302
7513
5304
5301
7584
5301
5303
5309
5304
5304
7516
5304
5312
5307
5323
5307
5311
5313
5310
5470
5310
5312
5313
5313
5313
5316
5316
5320
7519
5322
5319
7530
5319
5321
5333
5322
5322
7524
5322
5338
5325
5325
5329
7522
5331
5328
7593
5328
5330
5336
5331
5331
7525
5331
5339
5334
5350
5334
5338
5340
5337
5497
5337
5339
5340
5340
5340
5343
5343
5347
7528
5349
5346
7536
5346
5348
5360
5349
5349
7533
5349
5365
5352
5352
5356
7531
5358
5355
7602
5355
5357
5363
5358
5358
7534
5358
5366
5361
5368
5361
5365
5367
5364
5524
5364
5366
5367
5367
5367
5370
5370
7537
5373
5373
5377
7540
5379
5376
7552
5376
5378
5393
5379
5379
7545
5379
5396
5381
6436
5382
5579
6373
5385
5384
5675
6352
6373
5385
5387
7543
5388
6373
5388
5395
5388
7546
5390
5391
5395
5397
5394
5394
5396
5397
5397
5397
5400
5400
5405
7549
5406
5403
5404
5403
7561
5406
5406
5406
7555
5409
5409
5414
7558
5415
5412
5412
7569
5415
5414
5415
7564
5418
5418
5422
7567
5424
5421
7578
5421
5423
5438
5424
5424
7572
5424
5441
5426
6463
5427
5430
5429
5430
5432
7570
5433
5433
5440
5433
7573
5435
5436
5440
5442
5439
5455
5439
5441
5442
5442
5442
5445
5445
5449
7576
5451
5448
7587
5448
5450
5465
5451
5451
7581
5451
5468
5453
6472
5454
5455
5457
5457
5457
5459
7579
5460
5460
5467
5460
7582
5462
5463
5467
5469
5466
5482
5466
5468
5469
5469
5469
5472
5472
5476
7585
5478
5475
7596
5475
5477
5492
5478
5478
7590
5478
5495
5481
7279
5481
5482
5484
5484
5484
5486
7588
5487
5487
5494
5487
7591
5490
5490
5494
5496
5493
5509
5493
5495
5496
5496
5496
5499
5499
5503
7594
5505
5502
7605
5502
5504
5519
5505
5505
7599
5505
5522
5508
7287
5508
5509
5511
5511
5511
5513
7597
5514
5514
5521
5514
7600
5517
5517
5521
5523
5520
5536
5520
5522
5523
5523
5523
5526
5526
5530
7603
5532
5529
7611
5529
5531
5546
5532
5532
7608
5532
5549
5535
7296
5535
5536
5538
5538
5538
5540
7606
5541
5541
5548
5541
7609
5544
5544
5548
5550
5547
5554
5547
5549
5550
5550
5550
5553
7305
5553
5554
5556
5556
5556
7612
5559
5559
5565
5582
5583
5586
5561
5563
7636
5562
5563
7632
7635
7638
5565
6599
5566
5599
5601
5604
5568
5569
5632
7224
5631
5634
5571
5572
5574
5573
5647
5573
5576
5651
5650
5653
5575
5576
7250
5577
5660
7251
5577
5657
5659
5662
5580
5580
6386
5677
5680
5582
6379
6380
5583
5599
5589
6379
5585
5586
5589
5588
5589
6379
5592
7614
7651
5592
5593
5617
5595
7616
5595
5621
5595
5597
7634
5598
5598
5614
7615
5598
7639
7616
5601
6380
5601
5605
6380
7637
5607
5604
6608
5604
5606
5612
5607
5607
7640
5607
5615
5610
5666
7618
5610
5614
7615
5616
7619
5612
5613
5615
5616
7619
5616
5616
5619
5621
5619
5624
7626
5622
5625
5622
5622
5628
5624
5625
5638
5628
5627
5628
5631
5631
5635
7643
5637
5634
7467
5634
5636
5649
5637
5637
7648
5637
5654
5640
7626
5640
5644
7646
5646
7628
5643
7627
7654
5643
5645
5652
5646
7628
5646
7649
5646
5655
5648
5650
5649
5650
5654
5656
5653
5657
5653
5655
5656
5656
5656
5659
5659
5663
7655
5665
5662
6385
7542
5662
5664
5676
6385
5665
5665
7658
5665
5681
5668
7630
5668
5672
7624
5674
7631
5671
6638
5671
5673
5679
5674
7631
5674
7657
5674
5682
5676
6385
6386
5677
5681
5683
6386
5679
5680
5682
5683
5683
5683
5691
5688
5693
5694
5714
5715
7660
5689
5690
5699
5723
5725
5701
5979
5703
5704
7661
5707
5708
7661
5692
5693
5695
6094
5695
5695
5701
5698
5717
5718
7663
5700
5720
5721
6098
5703
5723
5724
5707
5727
5728
5726
5727
5702
7662
5706
5979
7664
5705
5723
7663
7671
5705
5706
7664
7750
5709
6105
5709
5712
5713
7666
5711
7665
5713
7666
5713
5716
5716
5717
7668
5719
5719
7670
5719
5721
5724
5722
5722
6702
5722
5726
5725
5725
5726
5728
5728
5728
5740
5813
5814
5824
5809
7693
7695
7698
5733
5968
7698
7699
5748
5811
5818
5820
5821
5822
5830
5808
6387
7690
7691
5738
5824
5826
5827
5749
5818
5827
5828
5810
5830
5832
7690
5833
5835
5854
5741
5742
5836
5837
5833
7703
7704
5839
5840
7673
5842
5843
7673
5744
5845
5846
5851
5848
5849
7727
5768
5851
5853
5915
5747
5767
5770
5921
8902
7678
8909
8910
7701
7709
7711
5854
5855
7709
5754
5857
5858
7675
5756
5860
5861
7674
5755
5863
7676
8981
5756
5865
5866
7674
5757
5868
5869
5758
5871
5872
5874
5875
5877
5878
7675
5888
5889
7676
5760
5891
5892
7677
5763
5897
5898
7718
7720
7724
5777
5910
7724
7725
5904
5905
7677
5780
5848
5907
5909
5779
5908
5910
5912
5781
5915
5916
5919
5785
5919
5921
7727
7729
7733
5922
5923
6060
5785
5786
5945
7678
5772
5789
5949
5951
5791
5792
6061
5774
5775
5795
5796
5798
5799
7679
5800
5801
7679
5802
5803
8934
9084
5925
5926
5931
5782
5907
5928
5929
5928
5931
5933
7728
7730
7732
5943
7733
7734
5934
5935
7730
5788
5937
5938
6068
5790
5940
5941
7680
5943
5945
5789
5947
5948
7681
5790
5946
5947
7680
5949
5950
5791
5953
5954
5952
5953
5793
7681
5793
5795
7684
5797
7683
5797
7683
8936
8937
5797
5798
5797
5800
8937
7684
7685
8938
9085
7686
8938
8942
5804
7686
8942
5804
7688
7687
5955
5956
5807
5958
7693
5959
5960
5965
5962
5963
6708
5965
5967
5969
5962
5968
5970
5812
7701
8862
5817
5820
8948
5815
7703
5815
5825
6388
6389
5817
5821
7696
5823
8756
5819
7709
5820
5822
5828
5823
5823
7699
5823
5831
5825
5833
5826
7691
5829
7692
5829
5854
5829
5831
5832
5831
5968
5832
7692
5834
5835
5857
7704
5856
5859
5838
5839
5868
5838
5842
5871
5870
5873
5841
5877
5841
5882
7706
5879
5883
5844
5888
5844
5891
7707
5890
5893
5847
5849
5897
5847
5852
5900
5899
5901
5850
7728
5850
5904
5906
5909
5852
7727
5853
5913
5914
5917
5856
5856
5860
7710
5862
5859
7715
5859
5861
5869
5862
5862
7712
5862
5874
5864
5866
5872
5867
8956
8981
5867
7713
8979
5867
5875
8980
5870
5877
5870
5874
5876
5873
5888
5873
5875
5876
5876
5876
5879
5879
5886
7716
5887
5881
5882
7718
5883
5885
5883
7719
5887
5885
5886
6394
5887
5887
6395
5890
5890
5894
9102
5896
5893
7721
5893
5895
5898
5896
5896
8886
9107
5896
5902
8886
5899
5904
5899
5902
5903
5901
5913
8890
5903
9005
5903
8891
9006
5906
5906
5911
7722
5912
5908
7730
5909
5928
5912
5911
5931
5912
7725
5914
8897
5918
9020
5917
7733
5917
5920
9022
5918
9021
9022
5920
5943
5921
9029
9031
5924
5934
5924
5937
6606
5936
5939
5927
7724
5927
5932
5930
5930
5934
5933
5932
5933
5936
5936
5940
7731
5942
5939
6629
5939
5941
5950
5942
5942
7736
5942
5952
5944
5945
5946
7734
5948
5948
7737
5948
5953
5951
5951
5952
5954
5954
5954
5957
5963
5957
5966
5964
5967
5960
5961
5966
5961
5964
7690
5964
6709
5970
5966
7693
5967
5970
5969
5970
7698
5972
5973
6216
5978
6217
5975
5976
5977
5978
5978
7750
6400
6401
6403
6404
6406
6407
6409
6410
6412
6413
6421
6422
6424
6425
6427
6428
6430
6431
6433
6434
6041
6042
6044
6045
6047
6048
6050
6051
6053
6054
6056
6057
6442
6443
6448
6449
6451
6452
6454
6455
6457
6458
6460
6461
6466
6467
6469
6470
6475
6476
6478
6479
6481
6482
6488
6489
6491
6492
6494
6495
6497
6498
6500
6501
6503
6504
6506
6507
6509
6510
6512
6513
6515
6516
6518
6519
6521
6522
6524
6525
6530
6531
6533
6534
6539
6540
6542
6543
6545
6546
6551
6552
6554
6555
6557
6558
6560
6561
6563
6564
6566
6567
6569
6570
6572
6573
6575
6576
6578
6579
6581
6582
6584
6585
6587
6588
6590
6591
6593
6594
6596
6597
6043
6043
6046
6046
6049
6049
6052
6052
6055
6055
6058
6058
6602
6603
6605
6606
6070
7684
6611
6612
6614
6615
6617
6618
6620
6621
6623
6624
6626
6627
6629
6630
6632
6633
6071
7684
6635
6636
6641
6642
6644
6645
6647
6648
6650
6651
6653
6654
6656
6657
6659
6660
6081
6082
6084
6085
6087
6099
6100
6102
6103
6105
7665
6681
6682
6094
6665
6668
6684
6685
6685
6686
6693
6694
6696
6697
6699
6700
6702
6703
6101
6101
6104
6104
7666
6115
6705
6707
6712
6718
6719
6723
6724
6728
6729
6731
6732
6734
6735
6737
6738
6740
6741
6746
6747
6379
6749
6750
6754
6755
6757
6758
6760
6761
6763
6764
6766
6767
6771
6772
6774
6775
6777
6778
6780
6781
6783
6784
6788
6789
6791
6792
6794
6795
6797
6798
6800
6801
6803
6804
6806
6807
6809
6810
6812
6813
6815
6816
6818
6819
6821
6822
6824
6825
6827
6828
6830
6831
6833
6834
6836
6837
6839
6840
6842
6843
6845
6846
6848
6849
6851
6852
6854
6855
6857
6858
6860
6861
6863
6864
6872
6873
6875
6876
6878
6879
6881
6882
6884
6885
6887
6888
6890
6891
6896
6897
6899
6900
6902
6903
6905
6906
6908
6909
6911
6912
6914
6915
6917
6918
6923
6924
6926
6927
6929
6930
6935
6936
6941
6942
6944
6945
6950
6951
6953
6954
6956
6957
6959
6960
6962
6963
6965
6966
6968
6969
6971
6972
6974
6975
6977
6978
6980
6981
6983
6984
6986
6987
6989
6990
6992
6993
6995
6996
6998
6999
7001
7002
7004
7005
7007
7008
7010
7011
7013
7014
6199
7016
7017
7017
7018
7019
7020
7025
7026
7028
7029
7031
7032
7034
7035
7037
7038
7040
7041
7043
7044
7046
7047
7049
7050
7052
7053
7055
7056
7058
7059
7064
7065
7073
7074
7082
7083
6217
6917
6919
7091
7093
7094
7095
7100
7101
7103
7104
7106
7107
7109
7110
7112
7113
7115
7116
7130
7131
7136
7137
7139
7140
7142
7143
7148
7149
7169
7170
7172
7173
7175
7176
7178
7179
7184
7185
7187
7188
7190
7191
7193
7194
7196
7197
7199
7200
7202
7203
7205
7206
7208
7209
7211
7212
7214
7215
7217
7218
7220
7221
7226
7227
7229
7230
7232
7233
7235
7236
7238
7239
7241
7242
7244
7245
7247
7248
7254
7255
7257
7258
7260
7261
7263
7264
7266
7267
7269
7270
7272
7273
7275
7276
7287
7288
7290
7291
7293
7294
7296
7297
7299
7300
7302
7303
7305
7306
7308
7309
7309
7310
7314
7315
7317
7318
7320
7321
7323
7324
7326
7327
7329
7330
7332
7333
7335
7336
7338
7339
7341
7342
7344
7345
6285
7178
7180
7347
7348
7348
7349
7356
7357
7359
7360
7362
7363
7365
7366
7368
7369
7371
7372
7374
7375
7377
7378
7380
7381
7383
7384
7386
7387
7389
7390
7392
7393
7395
7396
7398
7399
7401
7402
6304
7199
7201
7404
7405
7405
7406
7407
7408
7410
7411
7413
7414
7416
7417
7419
7420
7422
7423
7425
7426
7428
7429
7431
7432
7434
7435
7437
7438
7440
7441
7443
7444
7446
7447
7449
7450
7452
7453
7455
7456
7458
7459
6325
7220
7222
7461
7462
7462
7463
7470
7471
7473
7474
7476
7477
7479
7480
7482
7483
7485
7486
7488
7489
7491
7492
7494
7495
7497
7498
7500
7501
7503
7504
7506
7507
7509
7510
7512
7513
7515
7516
7518
7519
7521
7522
7524
7525
7527
7528
7530
7531
7533
7534
6350
7247
7249
7536
7537
7537
7538
7539
7540
6385
7542
7543
7545
7546
7548
7549
7557
7558
7566
7567
7572
7573
7575
7576
7578
7579
7581
7582
7584
7585
7587
7588
7590
7591
7593
7594
7596
7597
7599
7600
7602
7603
7605
7606
7608
7609
6372
7275
7277
7611
7612
7612
7613
6386
6375
7614
7615
7623
7624
6382
7626
7627
6380
7636
7637
7639
7640
7648
7649
7651
7652
7654
7655
7657
7658
6388
6708
6389
7691
6392
6393
6392
7703
6396
7705
6394
6396
6395
6396
7716
7717
6399
6485
6399
6481
6483
6487
6402
6491
6402
6494
6493
6496
6405
6500
6405
6503
6502
6505
6408
6509
6408
6512
6511
6514
6411
6518
6411
6521
6520
6523
6414
6527
6414
6530
6529
6532
6416
6417
6539
6538
6541
6419
6420
6545
6547
6550
6423
6554
6423
6557
6556
6559
6426
6563
6426
6566
6565
6568
6429
6572
6429
6575
6574
6577
6432
6581
6432
6584
6583
6586
6435
6590
6435
6593
6592
6595
6437
6438
6441
6440
6441
6443
6444
6444
6444
6447
6447
6448
6450
6450
6450
6452
6453
6453
6453
6456
6456
6457
6459
6459
6459
6461
6462
6462
6462
6464
6465
6466
6468
6468
6468
6470
6471
6471
6471
6473
6474
6475
6477
6477
6477
6479
6480
6480
6480
6483
6483
6488
6490
6485
6486
6487
6487
6489
6490
6490
6490
6493
6493
6497
6499
6496
6496
6498
6499
6499
6499
6502
6502
6506
6508
6505
6505
6507
6508
6508
6508
6511
6511
6515
6517
6514
6514
6516
6517
6517
6517
6520
6520
6524
6526
6523
6523
6525
6526
6526
6526
6529
6529
6533
6535
6532
6532
6534
6535
6535
6535
6538
6538
6542
6544
6541
6541
6543
6544
6544
6544
6547
6547
6551
6553
6550
6550
6552
6553
6553
6553
6556
6556
6560
6562
6559
6559
6561
6562
6562
6562
6565
6565
6569
6571
6568
6568
6570
6571
6571
6571
6574
6574
6578
6580
6577
6577
6579
6580
6580
6580
6583
6583
6587
6589
6586
6586
6588
6589
6589
6589
6592
6592
6596
6598
6595
6595
6597
6598
6598
6598
6600
6601
6611
6610
6613
6604
6617
6604
6620
6619
6622
6607
6626
6607
6629
6628
6631
6610
6610
6614
6616
6613
6613
6615
6616
6616
6616
6619
6619
6623
6625
6622
6622
6624
6625
6625
6625
6628
6628
6632
6634
6631
6631
6633
6634
6634
6634
6637
6637
6641
6643
6640
6640
6642
6643
6643
6643
6646
6646
6650
6652
6649
6649
6651
6652
6652
6652
6655
6655
6656
6658
6658
6658
6660
6661
6661
6661
6663
6664
6677
6680
6666
6668
6667
6668
6684
6686
6670
6671
6689
6692
6674
6696
6674
6699
6698
6701
6677
6677
6681
6683
6679
6680
6682
6683
6683
6683
6686
6686
6689
6689
6693
6695
6691
6692
6694
6695
6695
6695
6698
6698
6702
6704
6701
6701
6703
6704
6704
6704
6706
6707
6713
6709
6710
6713
6713
6713
6716
6716
6743
6751
6753
6720
6757
6720
6760
6759
6762
6722
6766
6768
6770
6725
6774
6725
6777
6776
6779
6727
6783
6785
6787
6730
6791
6730
6794
6793
6796
6733
6806
6733
6809
6808
6811
6736
6815
6736
6818
6817
6820
6739
6833
6739
6836
6835
6838
6742
6842
6742
6845
6844
6847
6745
6851
6745
6857
6853
6859
6748
6860
6748
6863
6862
6865
6751
6751
6754
6756
6753
6755
6756
6756
6756
6759
6759
6763
6765
6762
6762
6764
6765
6765
6765
6768
6768
6771
6773
6770
6772
6773
6773
6773
6776
6776
6780
6782
6779
6779
6781
6782
6782
6782
6785
6785
6788
6790
6787
6789
6790
6790
6790
6793
6793
6797
6799
6796
6796
6798
6799
6799
6799
6802
6802
6804
6805
6805
6805
6808
6808
6812
6814
6811
6811
6813
6814
6814
6814
6817
6817
6821
6823
6820
6820
6822
6823
6823
6823
6826
6826
6827
6829
6829
6829
6831
6832
6832
6832
6835
6835
6839
6841
6838
6838
6840
6841
6841
6841
6844
6844
6848
6850
6847
6847
6849
6850
6850
6850
6853
6853
6854
6856
6856
6856
6858
6859
6859
6859
6862
6862
6866
6868
6865
6865
6867
6868
6868
6868
6870
6871
6944
6946
6949
6874
6953
6874
6956
6955
6958
6877
6962
6877
6965
6964
6967
6880
6971
6880
6974
6973
6976
6883
6980
6883
6983
6982
6985
6886
6989
6886
6992
6991
6994
6889
6998
6889
7001
7000
7003
6892
7007
6892
7010
7009
7012
6894
6895
7019
7021
7024
6898
7028
6898
7031
7030
7033
6901
7037
6901
7040
7039
7042
6904
7046
6904
7049
7048
7051
6907
7055
6907
7058
7057
7060
6910
7064
6910
7068
7066
7069
6913
7073
6913
7077
7075
7078
6916
7082
6916
7086
7084
7087
6919
6919
7092
7093
6921
6922
7094
7096
7099
6925
7103
6925
7106
7105
7108
6928
7112
6928
7115
7114
7117
6931
7122
6931
7125
7123
7126
6933
6934
7130
7132
7135
6937
7139
6937
7142
7141
7144
6939
6940
7148
7150
7153
6943
7158
6943
7161
7159
7162
6946
6946
6950
6952
6949
6949
6951
6952
6952
6952
6955
6955
6959
6961
6958
6958
6960
6961
6961
6961
6964
6964
6968
6970
6967
6967
6969
6970
6970
6970
6973
6973
6977
6979
6976
6976
6978
6979
6979
6979
6982
6982
6986
6988
6985
6985
6987
6988
6988
6988
6991
6991
6995
6997
6994
6994
6996
6997
6997
6997
7000
7000
7004
7006
7003
7003
7005
7006
7006
7006
7009
7009
7013
7015
7012
7012
7014
7015
7015
7015
7018
7018
7021
7021
7025
7027
7024
7024
7026
7027
7027
7027
7030
7030
7034
7036
7033
7033
7035
7036
7036
7036
7039
7039
7043
7045
7042
7042
7044
7045
7045
7045
7048
7048
7052
7054
7051
7051
7053
7054
7054
7054
7057
7057
7061
7063
7060
7060
7062
7063
7063
7063
7066
7066
7071
7072
7069
7069
7072
7071
7072
7075
7075
7080
7081
7078
7078
7081
7080
7081
7084
7084
7089
7090
7087
7087
7090
7089
7090
7093
7093
7096
7096
7100
7102
7099
7099
7101
7102
7102
7102
7105
7105
7109
7111
7108
7108
7110
7111
7111
7111
7114
7114
7118
7120
7117
7117
7119
7120
7120
7120
7122
7123
7129
7126
7126
7129
7128
7129
7132
7132
7136
7138
7135
7135
7137
7138
7138
7138
7141
7141
7145
7147
7144
7144
7146
7147
7147
7147
7150
7150
7154
7156
7153
7153
7155
7156
7156
7156
7158
7159
7165
7162
7162
7165
7164
7165
7168
7168
7314
7313
7316
7171
7320
7171
7323
7322
7325
7174
7329
7174
7332
7331
7334
7177
7338
7177
7341
7340
7343
7180
7180
7347
7349
7182
7183
7352
7355
7186
7359
7186
7362
7361
7364
7189
7368
7189
7371
7370
7373
7192
7377
7192
7380
7379
7382
7195
7386
7195
7389
7388
7391
7198
7395
7198
7398
7397
7400
7201
7201
7404
7406
7204
7407
7204
7410
7409
7412
7207
7416
7207
7419
7418
7421
7210
7425
7210
7428
7427
7430
7213
7434
7213
7437
7436
7439
7216
7443
7216
7446
7445
7448
7219
7452
7219
7455
7454
7457
7222
7222
7461
7463
7225
7225
7467
7466
7469
7228
7473
7228
7476
7475
7478
7231
7482
7231
7485
7484
7487
7234
7491
7234
7494
7493
7496
7237
7500
7237
7503
7502
7505
7240
7509
7240
7512
7511
7514
7243
7518
7243
7521
7520
7523
7246
7527
7246
7530
7529
7532
7249
7249
7536
7538
7251
7252
7253
7542
7253
7539
7541
7544
7256
7548
7256
7552
7550
7553
7259
7557
7259
7561
7559
7562
7262
7566
7262
7569
7568
7571
7265
7575
7265
7578
7577
7580
7268
7584
7268
7587
7586
7589
7271
7593
7271
7596
7595
7598
7274
7602
7274
7605
7604
7607
7277
7277
7611
7613
7279
7280
7283
7282
7283
7286
7286
7286
7289
7289
7290
7292
7292
7292
7294
7295
7295
7295
7298
7298
7299
7301
7301
7301
7303
7304
7304
7304
7307
7307
7308
7310
7310
7310
7312
7313
7317
7319
7316
7316
7318
7319
7319
7319
7322
7322
7326
7328
7325
7325
7327
7328
7328
7328
7331
7331
7335
7337
7334
7334
7336
7337
7337
7337
7340
7340
7344
7346
7343
7343
7345
7346
7346
7346
7349
7349
7351
7352
7356
7358
7355
7355
7357
7358
7358
7358
7361
7361
7365
7367
7364
7364
7366
7367
7367
7367
7370
7370
7374
7376
7373
7373
7375
7376
7376
7376
7379
7379
7383
7385
7382
7382
7384
7385
7385
7385
7388
7388
7392
7394
7391
7391
7393
7394
7394
7394
7397
7397
7401
7403
7400
7400
7402
7403
7403
7403
7406
7406
7409
7409
7413
7415
7412
7412
7414
7415
7415
7415
7418
7418
7422
7424
7421
7421
7423
7424
7424
7424
7427
7427
7431
7433
7430
7430
7432
7433
7433
7433
7436
7436
7440
7442
7439
7439
7441
7442
7442
7442
7445
7445
7449
7451
7448
7448
7450
7451
7451
7451
7454
7454
7458
7460
7457
7457
7459
7460
7460
7460
7463
7463
7465
7466
7470
7472
7469
7469
7471
7472
7472
7472
7475
7475
7479
7481
7478
7478
7480
7481
7481
7481
7484
7484
7488
7490
7487
7487
7489
7490
7490
7490
7493
7493
7497
7499
7496
7496
7498
7499
7499
7499
7502
7502
7506
7508
7505
7505
7507
7508
7508
7508
7511
7511
7515
7517
7514
7514
7516
7517
7517
7517
7520
7520
7524
7526
7523
7523
7525
7526
7526
7526
7529
7529
7533
7535
7532
7532
7534
7535
7535
7535
7538
7538
7541
7541
7545
7547
7544
7544
7546
7547
7547
7547
7550
7550
7555
7556
7552
7553
7556
7555
7556
7559
7559
7564
7565
7561
7562
7565
7565
7565
7568
7568
7572
7574
7571
7571
7573
7574
7574
7574
7577
7577
7581
7583
7580
7580
7582
7583
7583
7583
7586
7586
7590
7592
7589
7589
7591
7592
7592
7592
7595
7595
7599
7601
7598
7598
7600
7601
7601
7601
7604
7604
7608
7610
7607
7607
7609
7610
7610
7610
7613
7613
7616
7623
7616
7619
7619
7630
7621
7622
7644
7647
7625
7651
7625
7657
7653
7659
7628
7628
7652
7630
7631
7633
7635
7634
7635
7639
7641
7638
7638
7640
7641
7641
7641
7643
7644
7648
7650
7647
7647
7649
7650
7650
7650
7653
7653
7654
7656
7656
7656
7658
7659
7659
7659
7667
7668
7664
7667
7669
7670
7671
7671
7672
7666
7669
7669
7670
7672
7672
7672
7706
7707
7712
7713
7715
7716
9101
9102
7721
7722
7681
7682
7685
7686
7736
7737
7683
7683
8910
8936
7687
7687
9084
7695
7697
7692
7692
7694
7695
7700
7697
7699
7700
7700
7700
7702
8864
7711
9091
9100
7705
7705
7715
7717
7708
7719
7708
7721
7720
7723
7710
7711
7712
7714
7714
7714
9099
9100
7717
7717
7719
7720
7726
7723
7723
7725
7726
7726
7726
7728
7729
7732
7735
7731
7732
7736
7738
7735
7735
7737
7738
7738
7738
7740
7749
7751
7753
7742
7744
7745
7747
7746
7746
7746
7749
7750
7751
7753
7812
7821
7822
8477
7757
7758
7824
7825
7820
8477
8479
8483
7827
7828
8459
7830
7831
8459
7783
7833
7835
7877
7785
7833
7836
7837
7818
7821
7839
7841
7764
7842
7843
8460
7766
7845
7846
8550
7767
7848
7849
7770
7851
7852
8026
7854
7855
8027
7857
7858
8460
7776
7860
7861
8765
7860
7864
8734
8740
7865
7866
8551
7773
7868
7869
8461
7775
7871
7872
8553
7778
7874
7875
7792
7877
7878
8099
7880
7881
8032
8490
8491
8741
7782
7883
8462
8747
7884
7885
8461
7800
7836
7887
7889
7782
7890
7891
8462
7801
7887
7893
8752
7894
8754
7895
7897
7912
7786
7787
7898
7899
7895
8499
8500
7901
7902
8463
7904
7905
8463
7789
7790
7907
8214
7908
7909
8464
7911
8216
8464
7970
7972
8182
8827
8859
7912
7913
8590
7797
7915
7916
8465
7799
7918
7919
8554
7798
7921
7922
8467
7799
7924
7925
8554
7803
7927
7928
7807
7930
7931
7933
7934
8499
8508
8510
7936
8508
8758
7806
7937
8466
8760
7938
7939
8465
7941
7942
8819
8850
7806
7944
7945
8466
7948
8762
7949
7950
8467
7809
7952
7953
8468
7810
7958
7959
7962
7963
8468
7970
7971
8200
8469
7980
7981
8011
7815
7984
7985
8472
7816
7987
7988
8045
7990
7991
8046
7993
7994
8559
7819
7999
8000
8561
7980
8005
8007
8008
8009
8053
8011
8013
8017
7823
7980
7823
7842
8478
7841
7844
7826
7827
7848
7826
7830
7851
7850
7853
7829
7857
7829
7861
8480
7859
7862
7832
7865
7832
7868
8481
7867
7870
7834
7895
7835
7837
7874
7876
7879
7838
8499
7838
7884
7886
7889
7840
8005
8570
7841
7845
8571
7847
7844
8485
7844
7846
7849
7847
7847
8576
7847
7854
7850
7857
7850
7854
7856
7853
7865
7853
7855
8087
7856
7856
7856
8090
7859
7859
7863
8486
7864
7862
8766
7862
8490
7864
7864
8488
8740
7867
7867
7871
8580
7873
7870
8493
7870
7872
7875
7873
7873
8585
7873
7880
7876
7884
7876
7880
7882
7879
7912
7879
7881
8100
7882
7882
7882
8103
8496
8742
8748
7886
7886
7890
8494
7892
7888
8508
7889
7891
7893
7892
7892
8497
7892
7894
7894
8753
8755
7896
7897
7915
8500
7914
7917
7900
7901
7927
7900
7904
7930
7929
7932
7903
7938
7903
7941
8502
7940
7943
7906
7949
7906
7952
8503
7951
7954
7908
7958
8215
7910
7962
7910
7965
8505
7964
7966
7969
8217
8506
7914
7914
7918
8591
7920
7917
8511
7917
7919
7928
7920
7920
8593
7920
7933
7923
8209
8517
7923
7925
7931
7926
8210
7926
8219
8594
7926
7934
8220
7929
7938
7929
7933
7935
7932
7949
7932
7934
7935
7935
7935
7937
8509
8759
8514
8761
7940
7940
7944
8512
7946
7943
8520
7943
7945
7947
7946
7946
8515
7946
7948
7948
8819
8976
8977
7951
7951
7955
8518
7957
7954
8522
7954
7956
7959
7957
7957
8185
8633
7957
7961
8185
7960
7962
7960
7961
8215
8234
8190
8234
7964
7964
7967
8523
7968
7966
8527
8822
7968
8831
7968
8525
8823
8832
8195
8245
8529
7972
8255
7972
8530
8837
8839
7975
8470
7975
7978
7987
8470
7986
7989
7977
7979
7996
8543
7978
8470
8544
7979
7993
7995
7998
7982
7982
8012
8474
8004
8007
7984
8535
8540
7990
7992
7989
7993
7989
7991
8146
7992
7992
7992
8149
7995
7995
7999
8603
8001
7998
8473
8545
7998
8000
8003
8473
8001
8001
8608
8001
8008
8003
8014
8473
8474
8004
8008
8010
8474
8006
8171
8007
8009
8172
8010
8010
8010
8175
8012
8477
8013
8476
8016
8018
8015
8475
8476
8016
8546
8476
8018
8483
8020
8021
8057
8058
8060
8061
8547
8063
8064
8547
8066
8067
8282
8683
8024
8071
8072
8549
8025
8076
8077
8083
8084
8549
8086
8087
8551
8089
8090
8550
8029
8093
8366
8552
8030
8095
8380
8096
8097
8552
8033
8066
8099
8101
8102
8103
8553
8588
8590
8592
8035
8036
8107
8108
8110
8111
8555
8113
8114
8555
8041
8125
8126
8471
8043
8128
8129
8557
8042
8131
8443
8558
8043
8132
8445
8557
8044
8133
8134
8047
8136
8137
8139
8140
8142
8143
8471
8145
8146
8559
8148
8149
8472
8151
8152
8558
8050
8154
8155
8560
8051
8157
8158
8654
8052
8160
8161
8165
8305
8458
8167
8168
8560
8174
8175
8561
8056
8069
8116
8548
8056
8071
8548
8564
8070
8073
8059
8060
8076
8059
8063
8079
8078
8080
8062
8083
8062
8086
8566
8085
8088
8065
8092
8065
8093
8567
8094
8365
8068
8588
8068
8096
8378
8098
8101
8070
8163
8351
8075
8352
8073
8573
8073
8074
8077
8075
8075
8081
8274
8353
8078
8083
8078
8081
8082
8080
8092
8277
8082
8362
8082
8278
8363
8085
8085
8089
8574
8091
8088
8579
8088
8090
8091
8091
8577
8091
8279
8365
8094
8582
8366
8369
8096
8378
8381
8098
8098
8102
8583
8104
8100
8590
8101
8103
8104
8104
8586
8104
8106
8125
8533
8124
8127
8109
8110
8133
8109
8113
8136
8135
8138
8112
8142
8112
8145
8596
8144
8147
8115
8151
8115
8154
8597
8153
8156
8118
8163
8556
8118
8121
8160
8556
8162
8164
8120
8122
8170
8562
8121
8556
8563
8122
8167
8169
8173
8124
8128
8599
8130
8127
8537
8127
8129
8134
8130
8130
8600
8130
8139
8132
8137
8444
8140
8446
8135
8142
8135
8139
8141
8138
8151
8138
8140
8141
8141
8141
8144
8144
8148
8538
8150
8147
8602
8147
8149
8150
8150
8541
8150
8153
8153
8157
8601
8159
8156
8605
8156
8158
8161
8159
8159
8721
8159
8165
8162
8167
8162
8165
8166
8164
8456
8166
8457
8166
8458
8169
8169
8174
8606
8176
8171
8173
8569
8172
8570
8173
8175
8176
8176
8609
8176
8178
8208
8209
8314
8385
8624
8625
8211
8212
8286
8611
8181
8183
8192
8235
8237
8198
8249
8251
8613
8201
8255
8257
8840
8203
8204
8613
8208
8218
8220
8271
8190
8615
8221
8222
8296
8614
8189
8224
8225
8616
8190
8227
8228
8615
8194
8230
8231
8233
8197
8235
8236
8300
8203
8239
8240
8303
8238
8239
8301
8304
8241
8242
8616
8200
8244
8469
8202
8246
8247
8618
8249
8250
8617
8201
8253
8254
8622
8202
8252
8253
8618
8255
8256
8259
8260
8843
8258
8259
8205
8619
8205
8623
8841
8621
8842
8207
8620
8772
8621
8780
8842
8210
8315
8210
8624
8220
8213
8221
8390
8213
8224
8627
8223
8226
8215
8216
8230
8232
8217
8241
8243
8245
8219
8289
8342
8220
8690
8223
8413
8223
8227
8631
8229
8226
8636
8226
8228
8231
8229
8229
8634
8229
8233
8232
8241
8232
8233
8234
8234
8237
8249
8237
8238
8426
8240
8240
8429
8240
8435
8243
8243
8246
8637
8248
8245
8247
8256
8248
8248
8642
8248
8258
8251
8251
8252
8640
8254
8254
8643
8254
8259
8257
8257
8258
8260
8260
8260
8262
8264
8306
8307
8265
8309
8310
8285
8314
8316
8345
8265
8319
8320
8322
8323
8284
8325
8327
8328
8289
8328
8329
8342
8273
8331
8332
8645
8290
8334
8336
8338
8273
8339
8340
8645
8315
8342
8344
8291
8336
8345
8346
8348
8349
8278
8353
8646
8277
8356
8357
8647
8278
8359
8360
8646
8279
8362
8363
8364
8647
8283
8367
8368
8648
8283
8374
8375
8648
8325
8377
8378
8382
8383
8589
8683
8689
8385
8387
8396
8287
8390
8391
8393
8394
8611
8303
8431
8433
8612
8689
8690
8684
8692
8694
8396
8397
8692
8296
8399
8400
8614
8298
8402
8403
8650
8297
8407
8408
8651
8298
8410
8411
8650
8413
8414
8299
8416
8417
8419
8420
8422
8423
8651
8425
8426
8617
8428
8429
8653
8431
8432
8652
8435
8436
8619
8434
8435
8653
8453
8454
8654
8308
8319
8659
8308
8310
8663
8660
8665
8311
8322
8326
8311
8331
8327
8333
8313
8339
8661
8335
8341
8315
8385
8316
8344
8347
8318
8356
8657
8355
8358
8321
8370
8321
8323
8374
8371
8376
8324
8377
8324
8382
8379
8384
8326
8683
8327
8377
8330
8330
8689
8330
8332
8343
8333
8333
8663
8333
8348
8335
8684
8338
8337
8692
8338
8340
8346
8341
8341
8664
8341
8349
8343
8344
8348
8350
8347
8396
8347
8349
8350
8350
8350
8352
8456
8666
8353
8668
8672
8355
8359
8670
8361
8358
8675
8358
8360
8362
8361
8361
8673
8361
8363
8363
8365
8367
8676
8369
8368
8380
8369
8680
8369
8383
8371
8659
8373
8373
8375
8678
8376
8376
8382
8376
8681
8379
8379
8381
8381
8383
8384
8384
8384
8386
8387
8399
8625
8398
8401
8389
8407
8686
8406
8409
8392
8413
8392
8393
8416
8415
8418
8395
8422
8395
8425
8628
8424
8427
8398
8398
8402
8693
8404
8401
8630
8401
8403
8414
8404
8404
8697
8404
8419
8406
8410
8695
8412
8409
8700
8409
8411
8417
8412
8412
8698
8412
8420
8415
8415
8419
8421
8418
8422
8418
8420
8421
8421
8421
8424
8424
8428
8701
8430
8427
8639
8427
8429
8430
8430
8706
8430
8433
8433
8434
8704
8436
8436
8707
8436
8438
8443
8710
8442
8444
8440
8450
8655
8448
8452
8442
8445
8713
8446
8444
8717
8446
8446
8715
8448
8453
8719
8455
8450
8451
8456
8666
8452
8667
8452
8454
8457
8455
8455
8722
8455
8458
8457
8458
8480
8481
8485
8486
8493
8494
8496
8497
8502
8503
8505
8506
8511
8512
8514
8515
8517
8518
8522
8523
8529
8530
8537
8538
8540
8541
8475
8476
8545
8546
8478
8479
8485
8484
8487
8482
8490
8482
8493
8492
8495
8484
8489
8726
8487
8487
8488
8489
8489
8727
8771
8492
8492
8496
8742
8498
8495
8495
8497
8498
8498
8498
8501
8501
8511
8510
8513
8504
8520
8504
8522
8521
8524
8507
8527
8507
8529
8528
8531
8509
8510
8514
8516
8513
8513
8515
8516
8516
8516
8519
8624
8519
8633
8626
8635
8521
8850
8526
8854
8524
8524
8525
8526
8526
8851
8855
8528
8852
8532
8856
8531
8531
8858
8532
8857
8858
8534
8537
8536
8539
8536
8540
8542
8539
8539
8541
8542
8542
8542
8544
8545
8566
8567
8556
8563
8573
8574
8576
8577
8579
8580
8582
8583
8585
8586
8593
8594
8596
8597
8600
8715
8601
8717
8602
8603
8605
8606
8608
8609
8563
8565
8569
8564
8565
8573
8572
8575
8568
8579
8568
8582
8581
8584
8570
8572
8571
8572
8576
8578
8575
8575
8577
8578
8578
8578
8581
8581
8585
8587
8584
8584
8586
8587
8587
8587
8589
8683
8592
8691
8591
8592
8593
8595
8595
8595
8690
8691
8598
8602
8598
8605
8604
8607
8600
8712
8716
8718
8721
8604
8604
8608
8610
8607
8607
8609
8610
8610
8610
8627
8628
8619
8620
8622
8623
8630
8631
8633
8634
8636
8637
8639
8640
8642
8643
8621
8621
8843
8860
8846
8860
8626
8626
8630
8632
8629
8636
8629
8639
8638
8641
8632
8632
8634
8635
8635
8635
8638
8638
8642
8644
8641
8641
8643
8644
8644
8644
8663
8664
8672
8673
8675
8676
8680
8681
8686
8687
8697
8698
8700
8701
8703
8704
8706
8707
8721
8722
8656
8667
8669
8671
8658
8675
8677
8679
8660
8662
8662
8664
8665
8665
8665
8667
8668
8669
8669
8672
8674
8671
8673
8674
8674
8674
8677
8677
8680
8682
8679
8681
8682
8682
8682
8685
8694
8696
8688
8700
8688
8703
8702
8705
8691
8691
8693
8694
8697
8699
8696
8698
8699
8699
8699
8702
8702
8706
8708
8705
8705
8707
8708
8708
8708
8712
8714
8711
8717
8718
8720
8716
8714
8715
8716
8716
8718
8723
8720
8722
8723
8723
8723
8735
8736
8731
8739
8752
8947
8771
8732
8740
8771
8733
8735
8741
8743
8730
8744
8745
8749
8750
8757
8758
8949
8768
8763
8765
8767
8766
8768
8770
8737
8763
8737
8744
8743
8746
8739
8749
8947
8948
8751
8753
8768
8742
8765
8743
8748
8746
8746
8747
8750
8748
8748
8754
8751
8756
8751
8754
8755
8753
8758
8755
8755
8948
8759
8950
8971
8759
8761
8761
8762
8970
8971
8973
8977
8764
8767
8766
8767
8770
8769
8770
8780
8803
8774
8775
8781
8841
8782
8804
8846
8783
8784
8804
8786
8787
8800
8805
8778
8779
8789
8790
8792
8793
8806
8795
8796
8806
8781
8807
8783
8842
8810
8847
9040
8785
8807
8785
8789
8811
8791
8809
8788
8808
8788
8790
8813
8791
8809
8791
8792
8791
8795
8794
8811
8794
8816
9049
8812
9050
8797
8813
8797
8817
8815
8799
8816
9038
9049
8818
9058
8801
8802
8805
8814
8807
8808
8810
8811
8813
8814
8816
8817
8809
8809
8812
9045
8812
9047
8815
8815
8818
8818
8820
8975
8829
8850
8982
8825
8830
8851
8987
8824
8831
8852
8825
8832
8851
8826
8833
8992
8834
8994
8835
8852
9007
8838
8839
8895
9072
8837
8838
8853
8896
8830
8854
8983
8855
8988
8832
8833
8834
8834
8993
8995
8836
8856
9008
8857
8893
9013
8839
8858
8839
9018
8843
8844
8859
8842
8846
8845
8845
8848
8861
8849
8860
8847
8849
8860
8849
9032
9041
9040
8854
8855
8856
8857
8858
8893
8855
8857
8861
9072
9041
9073
8864
8947
8948
8865
8866
8951
8952
8949
9091
8954
8955
9062
8957
8958
9062
8868
8869
8960
8961
8963
8964
9063
8966
8967
9063
8871
8872
8895
9014
9016
8900
9023
9025
9064
8904
8905
9064
8874
8876
8907
9044
8912
8913
9065
8877
8915
8916
8932
8918
9051
9065
8920
8921
9082
8923
8924
9037
9121
8880
8926
8927
8933
8929
8930
9083
8882
8969
8970
9066
8883
8972
8973
8978
8979
9066
8885
8984
8985
9067
8887
8989
8990
8891
9068
8996
8997
9067
8890
8999
9000
9069
8891
9002
9003
9068
8897
9005
9006
8894
9009
9010
9070
8896
9012
8899
9014
9015
8904
9018
9019
9017
9018
9020
9069
8903
9021
9022
9071
9023
9024
9070
8902
9027
9028
9074
8903
9026
9027
9071
8909
9030
9031
9029
9030
8906
9072
8906
8907
9075
8908
9073
8908
8912
9043
9044
8911
9074
8911
8915
8917
9076
8914
9075
8914
8916
9077
8917
9076
8917
8936
8917
8920
8919
9052
9078
8923
9037
9057
8922
9077
8922
8926
9086
8928
9079
8925
9078
8925
8927
9080
8928
9079
8928
8939
8928
8929
8931
9080
8931
9089
9081
8936
8937
9082
8939
8940
9083
8935
8942
8943
8945
9084
9085
8944
9087
8941
9086
8941
8943
9088
8944
9087
8944
8944
8945
8946
9088
9090
8949
8950
8969
9091
8953
8954
8972
8953
8957
8975
8974
8976
8956
8978
8956
8981
9092
8980
8959
8982
8959
8984
9093
8983
8986
8962
8963
8989
8962
8966
8992
8991
8993
8965
8996
8965
8999
9095
8998
9001
8968
9007
8968
9009
9096
9008
9011
8971
9098
8971
8973
8974
8978
8974
8977
8976
8982
8977
8980
8980
9099
9101
8983
8988
8986
9104
8986
8987
8990
8988
8988
8994
8991
8996
8991
8994
8995
8993
9007
8995
8995
8998
8998
9002
9105
9004
9001
9110
9001
9003
9005
9004
9004
9108
9004
9006
9006
9008
9013
9011
9113
9011
9012
9015
9013
9013
9017
9016
9023
9016
9017
9019
9019
9019
9021
9111
9116
9029
9025
9025
9026
9114
9028
9028
9117
9028
9030
9031
9031
9033
9034
9040
9041
9042
9119
9045
9046
9119
9036
9038
9048
9049
9053
9054
9120
9039
9056
9058
9120
9059
9060
9121
9045
9043
9043
9044
9122
9073
9051
9047
9047
9048
9123
9050
9050
9053
9050
9052
9122
9057
9124
9055
9123
9055
9056
9125
9057
9124
9057
9059
9126
9061
9125
9061
9128
9127
9092
9093
9095
9096
9074
9075
9077
9078
9098
9099
9104
9105
9107
9108
9110
9111
9113
9114
9116
9117
9073
9076
9076
9079
9079
9081
9121
9128
9085
9086
9088
9089
9087
9087
9090
9090
9098
9094
9101
9094
9104
9103
9106
9097
9110
9097
9113
9112
9115
9100
9100
9103
9103
9107
9109
9106
9106
9108
9109
9109
9109
9112
9112
9116
9118
9115
9115
9117
9118
9118
9118
9122
9123
9125
9126
9128
9124
9124
9127
9127
)


// ************************************************************************* //
