/*--------------------------------*- C++ -*----------------------------------*\
  =========                 |
  \\      /  F ield         | OpenFOAM: The Open Source CFD Toolbox
   \\    /   O peration     | Website:  https://openfoam.org
    \\  /    A nd           | Version:  13
     \\/     M anipulation  |
\*---------------------------------------------------------------------------*/
FoamFile
{
    format      ascii;
    class       labelList;
    note        "nPoints: 18900 nCells: 9256 nFaces: 37217 nInternalFaces: 18319";
    location    "constant/polyMesh";
    object      neighbour;
}
// * * * * * * * * * * * * * * * * * * * * * * * * * * * * * * * * * * * * * //


18319
(
1
3
52
53
55
56
6049
5
58
59
191
61
62
6049
6
8
65
66
68
69
6101
71
72
6050
10
74
75
194
77
78
6050
11
13
80
8465
82
83
6102
85
86
6051
15
88
89
197
91
6051
8481
16
21
92
8486
93
94
6052
96
97
6053
19
23
99
100
102
103
198
6103
105
106
6054
26
108
109
200
111
6053
8503
24
112
8343
8508
113
114
6054
116
117
6055
27
29
119
120
122
123
6104
125
126
6056
31
128
129
201
131
132
6056
32
34
137
138
140
141
6105
143
144
6057
36
146
147
202
149
150
6057
37
39
154
155
157
158
6106
160
161
6058
41
163
164
203
166
167
6058
42
44
169
8586
171
172
6107
174
175
6059
46
177
178
204
180
6059
8611
47
48
181
8616
182
183
6138
185
186
6060
6060
8642
8643
188
189
8383
9179
51
53
6061
8313
54
8429
54
55
54
61
57
57
59
6063
60
60
205
60
68
63
6061
63
65
6064
67
6062
67
6062
8445
8446
67
71
67
77
8446
70
6063
70
74
6109
76
6065
73
6064
73
75
6066
76
6065
76
214
76
82
79
9094
79
80
6067
81
9096
81
85
8464
8465
84
6066
84
88
6112
90
6068
87
6067
87
89
6069
90
6068
90
223
90
93
92
6070
8482
96
8487
95
6069
95
99
6073
101
6071
98
6070
98
100
6075
101
6071
101
105
101
113
104
227
6072
104
108
6115
110
6074
107
6073
107
109
6078
110
6074
110
232
110
122
112
6076
8504
116
8509
115
6075
115
119
6079
121
6077
118
6076
118
120
6081
121
6077
121
125
121
131
124
6078
124
128
6118
130
6080
127
6079
127
129
6084
130
6080
130
235
130
140
133
6081
133
137
6085
139
6083
136
6082
8346
8531
136
138
6087
8346
139
6083
139
143
139
149
142
6084
142
146
6121
148
6086
145
6085
145
147
6089
148
6086
148
238
148
157
151
6087
151
154
6090
156
6088
153
155
8355
9128
156
6088
8558
156
160
156
166
159
6089
159
163
6124
165
6091
162
6090
162
164
6092
165
6091
165
241
165
171
168
9128
168
169
6093
170
9130
170
174
8585
8586
173
6092
173
177
6127
179
6094
176
6093
176
178
6095
179
6094
179
244
179
182
181
6096
8612
185
8617
184
6095
184
251
6160
253
6097
187
6096
187
252
6098
253
6097
190
6099
8648
190
258
6129
259
6100
205
206
6101
193
208
209
265
211
212
6131
214
215
6102
196
217
218
269
220
221
6133
223
224
6052
199
226
227
229
230
6103
232
233
6104
235
236
6105
238
239
6106
241
242
6107
244
245
6138
207
207
209
6108
210
210
287
210
211
213
6108
213
217
6141
219
6110
216
6109
216
218
6111
219
6110
219
299
219
220
222
6111
222
226
6147
228
6113
225
6112
225
227
6072
228
6113
228
229
228
231
6147
231
312
6114
313
6148
234
6115
234
321
6117
322
6116
237
6118
237
330
6120
331
6119
240
6121
240
339
6123
340
6122
243
6124
243
346
6126
347
6125
246
6127
246
1345
6159
350
6128
248
251
252
286
254
255
6139
250
257
258
1262
260
1176
6477
253
351
253
254
256
6098
256
257
6162
259
6100
259
1373
259
260
261
6129
264
1176
6130
263
1178
6457
8759
264
6130
8782
1177
1178
287
288
6131
267
268
290
291
293
294
6132
296
297
6132
299
300
6133
271
272
302
303
305
306
6134
308
309
6134
274
275
311
312
314
315
6135
317
318
6135
277
278
320
321
323
324
6136
326
327
6136
280
281
329
330
332
333
6137
335
336
6137
283
284
338
339
341
1329
6473
342
343
6473
345
346
1249
1251
351
352
6139
289
289
291
6140
292
292
293
292
296
295
295
1300
6143
1301
298
6140
298
302
6144
304
6142
301
6141
301
303
6146
304
6142
304
305
304
308
307
6144
307
1306
6149
1307
6145
310
6146
310
311
6150
313
6148
313
314
313
317
316
6150
316
1312
6152
1313
6151
319
6114
319
320
6153
322
6116
322
323
322
326
325
6153
325
1318
6155
1319
6154
328
6117
328
329
6156
331
6119
331
332
331
335
334
6156
334
1324
6493
1325
6157
337
6120
337
338
6158
340
6122
340
341
340
342
1330
6158
344
6123
344
345
6496
347
6125
347
1337
347
348
349
1251
6126
350
1343
6128
1344
1345
353
6160
353
1359
6504
1360
6161
355
363
370
371
373
374
6186
358
366
8861
8862
376
377
508
6163
379
380
6165
361
367
382
383
385
386
511
6164
388
389
6166
364
368
391
392
394
395
6186
397
398
6167
369
400
401
416
403
404
6165
406
407
6166
409
410
6167
412
413
6187
372
373
549
372
394
552
550
553
375
6234
375
685
6189
686
6235
378
537
6168
378
382
6172
384
6170
381
6169
8861
381
383
6177
384
6170
384
388
384
406
387
546
6171
387
391
6175
393
6173
390
6172
390
392
6180
393
6173
393
397
393
409
396
6174
396
400
6190
402
6176
399
6175
399
401
6183
402
6176
402
423
402
412
405
8862
9225
405
6178
9227
408
6177
408
6181
6179
411
6180
411
6184
6182
414
6183
414
6193
6185
420
421
583
6245
423
424
6187
418
426
427
600
429
430
6188
432
433
601
6250
422
685
6189
422
426
6291
428
6191
425
6190
425
427
6192
428
6191
428
735
428
429
431
6192
431
6196
6194
434
739
6195
434
6306
6197
436
1490
8883
8884
453
6198
8889
438
439
455
456
458
459
6199
461
462
6199
464
465
6200
8870
443
447
467
468
470
471
1496
6560
473
474
6201
450
476
477
1501
479
6200
8870
8905
448
480
499
8910
481
482
6201
484
485
6216
451
487
488
501
490
491
6575
493
494
6217
496
497
504
1559
454
455
6203
457
8889
9234
457
458
457
461
8891
8892
460
6203
460
1538
6207
1539
6204
463
6205
463
467
6208
469
6206
466
8899
9237
466
468
6210
469
6206
469
473
469
481
472
1538
6207
472
476
6573
478
6209
475
6208
475
477
6213
478
6209
478
1552
478
490
480
6211
8906
484
8911
483
6210
483
487
6214
489
6212
486
6211
486
488
6220
489
6212
489
493
489
516
492
6213
492
496
6579
498
6215
495
6214
495
497
6223
498
6215
498
1567
498
525
514
6216
8916
502
507
515
8921
516
517
6217
519
520
6218
505
509
522
523
525
526
6577
528
529
6219
512
531
532
1563
534
6218
8930
510
536
537
539
540
6219
542
543
6163
513
545
546
548
549
6232
551
552
6164
515
6221
8917
519
8922
518
6220
518
522
6224
524
6222
521
6221
521
523
6226
524
6222
524
528
524
539
527
6223
527
531
6585
533
6225
530
6224
530
532
6229
533
6225
533
1579
533
548
535
536
6227
538
8930
9248
538
542
538
8932
8933
541
6226
541
545
6230
547
6228
544
6227
544
546
6171
547
6228
547
551
547
550
6229
550
6234
6231
553
6230
553
6174
6231
555
556
570
582
557
645
1577
557
681
1580
1578
1581
596
1691
6254
6255
618
619
1665
6317
598
621
622
6257
563
624
625
799
611
630
6257
6259
627
628
6328
613
630
631
6260
567
633
634
834
617
6260
6262
636
637
6236
639
640
835
6340
642
643
1667
6237
645
646
6240
573
584
648
649
651
652
1670
6238
654
655
6241
576
587
657
658
660
661
1673
6239
663
664
6242
579
590
666
667
669
670
1676
6619
672
673
6243
581
593
675
676
678
679
6244
681
682
6240
585
684
685
687
688
6241
690
691
6245
588
599
693
694
696
697
6242
699
700
6246
591
602
702
703
705
706
6243
708
709
6247
594
605
711
712
714
715
6244
717
718
6248
597
608
720
721
723
724
1743
726
727
6249
729
730
768
732
733
6246
735
736
6188
603
738
739
741
742
6247
744
745
6250
606
614
747
748
750
751
6248
753
754
6251
609
615
756
757
759
760
6249
762
763
6252
612
616
765
766
768
770
774
771
772
6253
774
775
786
777
778
6251
780
781
6252
783
784
6253
786
788
620
1695
6255
620
624
6352
626
6256
623
729
6254
623
625
6258
626
6256
626
910
626
627
629
6258
629
633
6385
635
6259
632
774
632
634
6261
635
6259
635
1015
635
636
638
6261
638
6264
6262
641
1019
6263
641
6421
6265
644
1701
6641
644
648
6267
650
6643
647
6642
647
649
6275
650
6643
650
654
650
687
653
1710
6266
653
657
6270
659
6268
656
6267
656
658
6278
659
6268
659
663
659
696
662
1719
6269
662
666
6273
668
6271
665
6270
665
667
6281
668
6271
668
672
668
705
671
1728
6272
671
675
6645
677
6274
674
6273
674
676
6284
677
6274
677
678
677
714
680
6645
680
1744
6287
1745
6646
683
6233
683
684
6276
686
6235
686
690
686
689
6275
689
693
6279
695
6277
692
6276
692
694
6290
695
6277
695
699
695
732
698
6278
698
702
6282
704
6280
701
6279
701
703
6293
704
6280
704
708
704
741
707
6281
707
711
6285
713
6283
710
6282
710
712
6296
713
6283
713
717
713
750
716
6284
716
720
6288
722
6286
719
6285
719
721
6299
722
6286
722
726
722
759
725
729
6254
725
1744
6287
731
6289
728
6288
728
730
6302
731
6289
731
731
769
734
6290
734
738
6294
740
6292
737
6291
737
739
6195
740
6292
740
744
740
743
6293
743
747
6297
749
6295
746
6294
746
748
6305
749
6295
749
753
749
777
752
6296
752
756
6300
758
6298
755
6297
755
757
6308
758
6298
758
762
758
780
761
6299
761
765
6303
767
6301
764
6300
764
766
6311
767
6301
767
771
767
783
769
6257
770
6302
776
6304
773
6303
773
775
6314
776
6304
776
776
787
779
6305
779
6309
6307
782
6308
782
6312
6310
785
6311
785
6315
6313
787
6260
788
6314
6316
880
881
1764
6321
791
810
883
884
886
887
6322
793
813
889
890
892
893
6323
795
816
895
896
898
899
6324
797
819
901
902
904
905
6325
907
908
1755
6318
910
911
6328
802
833
913
914
916
917
1758
6319
919
920
6329
805
836
922
923
925
926
1761
6320
928
929
6330
808
839
931
932
934
935
1764
6321
937
938
6331
811
842
940
941
943
944
6322
946
947
6332
814
845
949
950
952
953
6323
955
956
6333
817
848
958
959
961
962
6324
964
965
6334
820
851
967
968
970
971
6325
973
974
6335
823
854
976
977
979
980
1770
6326
982
983
6336
826
857
985
986
988
989
1773
6327
991
992
6337
829
860
994
995
997
998
1776
6661
1000
1001
6338
831
863
1003
1004
1006
1007
6339
866
1009
1010
1012
1013
6329
1015
1016
6236
837
1018
1019
1021
1022
6330
1024
1025
6340
840
869
1027
1028
1030
1031
6331
1033
1034
6341
843
870
1036
1037
1039
1040
6332
1042
1043
6342
846
871
1045
1046
1048
1049
6333
1051
1052
6343
849
872
1054
1055
1057
1058
6334
1060
1061
6344
852
873
1063
1064
1066
1067
6335
1069
1070
6345
855
874
1072
1073
1075
1076
6336
1078
1079
6346
858
875
1081
1082
1084
1085
6337
1087
1088
6347
861
876
1090
1091
1093
1094
6338
1096
1097
6348
864
877
1099
1100
1102
1103
6339
1105
1106
6349
867
878
1108
1109
1111
1112
1114
1115
6350
879
1117
1118
1120
1121
6341
1123
1124
6342
1126
1127
6343
1129
1130
6344
1132
1133
6345
1135
1136
6346
1138
1139
6347
1141
1142
6348
1144
1145
6349
1147
1148
6350
1150
1151
882
1834
6684
882
884
6363
885
6685
885
886
1838
885
943
1839
888
6687
888
890
6366
891
6688
891
892
1841
891
952
1842
894
6690
894
896
6369
897
6691
897
898
1844
897
961
1845
900
6693
900
902
6372
903
6694
903
904
1847
903
970
1848
906
6696
906
1853
6375
1854
6697
909
1808
6351
909
913
6355
915
6353
912
6352
912
914
6384
915
6353
915
919
915
1012
918
1817
6354
918
922
6358
924
6356
921
6355
921
923
6387
924
6356
924
928
924
1021
927
1826
6357
927
931
6361
933
6359
930
6358
930
932
6390
933
6359
933
937
933
1030
936
1835
6360
936
940
6364
942
6362
939
6361
939
941
6393
942
6362
942
946
942
1039
945
6363
945
949
6367
951
6365
948
6364
948
950
6396
951
6365
951
955
951
1048
954
6366
954
958
6370
960
6368
957
6367
957
959
6399
960
6368
960
964
960
1057
963
6369
963
967
6373
969
6371
966
6370
966
968
6402
969
6371
969
973
969
1066
972
6372
972
976
6376
978
6374
975
6373
975
977
6405
978
6374
978
982
978
1075
981
1853
6375
981
985
6379
987
6377
984
6376
984
986
6408
987
6377
987
991
987
1084
990
1862
6378
990
994
6382
996
6380
993
6379
993
995
6411
996
6380
996
1000
996
1093
999
1871
6381
999
1003
6705
1005
6383
1002
6382
1002
1004
6414
1005
6383
1005
1006
1005
1102
1008
6705
1008
1010
6417
1011
6706
1011
1880
1011
1111
1881
1014
6384
1014
1018
6388
1020
6386
1017
6385
1017
1019
6263
1020
6386
1020
1024
1020
1023
6387
1023
1027
6391
1029
6389
1026
6388
1026
1028
6420
1029
6389
1029
1033
1029
1120
1032
6390
1032
1036
6394
1038
6392
1035
6391
1035
1037
6423
1038
6392
1038
1042
1038
1123
1041
6393
1041
1045
6397
1047
6395
1044
6394
1044
1046
6426
1047
6395
1047
1051
1047
1126
1050
6396
1050
1054
6400
1056
6398
1053
6397
1053
1055
6429
1056
6398
1056
1060
1056
1129
1059
6399
1059
1063
6403
1065
6401
1062
6400
1062
1064
6432
1065
6401
1065
1069
1065
1132
1068
6402
1068
1072
6406
1074
6404
1071
6403
1071
1073
6435
1074
6404
1074
1078
1074
1135
1077
6405
1077
1081
6409
1083
6407
1080
6406
1080
1082
6438
1083
6407
1083
1087
1083
1138
1086
6408
1086
1090
6412
1092
6410
1089
6409
1089
1091
6441
1092
6410
1092
1096
1092
1141
1095
6411
1095
1099
6415
1101
6413
1098
6412
1098
1100
6444
1101
6413
1101
1105
1101
1144
1104
6414
1104
1108
6418
1110
6416
1107
6415
1107
1109
6447
1110
6416
1110
1114
1110
1147
1113
6417
1113
1117
1119
6419
1116
6418
1116
1118
6450
1119
6419
1119
1119
1150
1122
6420
1122
6424
6422
1125
6423
1125
6427
6425
1128
6426
1128
6430
6428
1131
6429
1131
6433
6431
1134
6432
1134
6436
6434
1137
6435
1137
6439
6437
1140
6438
1140
6442
6440
1143
6441
1143
6445
6443
1146
6444
1146
6448
6446
1149
6447
1149
6451
6449
1152
6450
1152
6452
1154
1177
1178
1268
1179
1180
6479
1156
1184
1185
1274
1187
1188
6481
1190
6453
8763
8938
1159
1192
1193
1279
1195
1196
6483
1198
1199
6454
8936
1163
1201
1202
1283
1164
1166
1205
8947
1206
1207
6485
1209
1210
6455
1168
1212
1213
1287
1215
6455
8949
1169
1171
1216
8952
1217
1218
6487
1220
1221
6456
1173
1223
1224
1291
1226
6456
8954
1174
1227
1484
8958
1228
1229
6489
1231
1232
6557
1234
1235
1295
1486
1177
6510
1391
1179
1181
6457
1181
1184
6516
1186
6458
1183
1185
6459
8934
1186
6458
8786
1186
1409
1186
1187
1189
6459
1189
1192
6522
1194
6460
1191
1193
6461
1194
6460
8938
1194
1424
1194
1195
1197
6461
1197
1201
6528
1203
6463
1200
6462
8942
1200
1202
6464
1203
6463
1203
1436
1203
1206
1205
6465
8937
8946
1209
8948
1208
6464
1208
1212
6534
1214
6466
1211
6465
1211
1213
6467
1214
6466
1214
1448
1214
1217
1216
6468
8950
1220
8953
1219
6467
1219
1223
6540
1225
6469
1222
6468
1222
1224
6470
1225
6469
1225
1460
1225
1228
1227
6471
8955
1231
8959
1230
6470
1230
1234
6546
1236
6472
1233
6471
1233
1235
6561
1236
6472
1236
1472
1236
1507
1238
1299
1300
2717
1302
1303
6976
1240
1305
1306
2720
1308
1309
6977
1242
1311
1312
2723
1314
1315
6978
1244
1317
1318
2726
1320
1321
6979
1246
1323
1324
2729
1326
1327
6980
1248
1331
1332
2732
1334
1335
6981
1337
1338
6474
1253
1340
1341
2735
1343
6474
1254
1256
1344
1345
1346
1347
6982
1349
1350
6475
1258
1352
1353
2738
1355
1356
6475
1259
1261
1358
1359
1361
1362
6983
1364
1365
6476
1264
1367
1368
2741
1370
1371
6476
1373
1374
6477
1265
1267
1376
1377
1379
1380
6984
1382
1383
6478
1270
1385
1386
2744
1388
1389
6478
1391
1392
6479
1271
1273
1394
1395
1397
1398
6985
1400
1401
6480
1276
1403
1404
2747
1406
1407
6480
1409
1410
6481
1277
1278
1412
1413
1415
1416
6986
1418
1419
6482
1421
1422
6482
1424
1425
6483
1281
1282
1427
1428
1430
1431
6484
1433
1434
6484
1436
1437
6485
1285
1286
1439
1440
1442
1443
6486
1445
1446
6486
1448
1449
6487
1289
1290
1451
1452
1454
1455
6488
1457
1458
6488
1460
1461
6489
1293
1294
1463
1464
1466
1467
6490
1469
1470
6490
1472
1473
6491
1297
1298
1475
1476
1478
1479
6492
1481
1482
6492
1301
3562
1301
1302
1304
6143
1304
1305
7222
1307
6145
1307
3571
1307
1308
1310
6149
1310
1311
7225
1313
6151
1313
3580
1313
1314
1316
6152
1316
1317
7228
1319
6154
1319
3589
1319
1320
1322
6155
1322
1323
7231
1325
6157
1325
3598
1325
1326
1328
6493
1328
1331
7234
1333
6494
1330
1332
6495
1333
6494
1333
3607
1333
1334
1336
6495
1336
1340
7237
1342
6497
1339
6496
1339
1341
6498
1342
6497
1342
3616
1342
1346
1344
6499
1349
1355
1348
6498
1348
1352
7240
1354
6500
1351
6499
1351
1353
6501
1354
6500
1354
3625
1354
1361
1357
6159
1357
1358
6502
1360
6161
1360
1364
1360
1370
1363
6501
1363
1367
7243
1369
6503
1366
6502
1366
1368
6506
1369
6503
1369
3634
1369
1379
1372
6504
1372
1376
6507
1378
6505
1375
6162
1375
1377
6509
1378
6505
1378
1382
1378
1388
1381
6506
1381
1385
7246
1387
6508
1384
6507
1384
1386
6512
1387
6508
1387
3643
1387
1397
1390
6509
1390
1394
6513
1396
6511
1393
6510
1393
1395
6515
1396
6511
1396
1400
1396
1406
1399
6512
1399
1403
7249
1405
6514
1402
6513
1402
1404
6518
1405
6514
1405
3652
1405
1415
1408
6515
1408
1412
6519
1414
6517
1411
6516
1411
1413
6521
1414
6517
1414
1418
1414
1421
1417
6518
1417
3658
7252
3660
6520
1420
6519
1420
3659
6524
3660
6520
1423
6521
1423
1427
6525
1429
6523
1426
6522
1426
1428
6527
1429
6523
1429
1430
1429
1433
1432
6525
1432
3674
6530
3675
6526
1435
6527
1435
1439
6531
1441
6529
1438
6528
1438
1440
6533
1441
6529
1441
1442
1441
1445
1444
6531
1444
3689
6536
3690
6532
1447
6533
1447
1451
6537
1453
6535
1450
6534
1450
1452
6539
1453
6535
1453
1454
1453
1457
1456
6537
1456
3704
6542
3705
6538
1459
6539
1459
1463
6543
1465
6541
1462
6540
1462
1464
6545
1465
6541
1465
1466
1465
1469
1468
6543
1468
3719
6548
3720
6544
1471
6545
1471
1475
6549
1477
6547
1474
6546
1474
1476
6551
1477
6547
1477
1478
1477
1481
1480
6549
1480
3734
6554
3735
6550
1483
6551
1483
1605
6555
1607
6553
1503
6557
8960
1487
1489
1504
1505
1507
1508
6491
1510
1511
6558
1492
1513
1514
1582
1516
1517
6558
1519
1520
6198
1493
1495
1522
1523
1525
1526
6587
1528
1529
6559
1497
1531
1532
1586
1534
1535
6559
1498
1537
1538
1540
1541
6589
1543
1544
6560
1500
1546
1547
1591
1549
1550
6591
1552
1553
6575
1555
1556
1558
1597
1504
6562
8961
1506
1510
1506
1516
8962
8961
8963
1509
6561
1509
1513
6552
1515
6563
1512
6562
1512
1514
6566
1515
6563
1515
1602
1515
1525
1518
6564
1518
1522
6567
1524
6565
1521
8883
9255
1521
1523
6202
1524
6565
1524
1528
1524
1534
1527
6566
1527
1531
6594
1533
6568
1530
6567
1530
1532
6569
1533
6568
1533
1614
1533
1540
1536
6202
1536
1537
6570
1539
6204
1539
1543
1539
1542
6569
1542
1546
6600
1548
6571
1545
6570
1545
1547
6572
1548
6571
1548
1629
1548
1549
1551
6572
1551
1555
6606
1557
6574
1554
6573
1554
1556
6578
1557
6574
1557
1647
1557
1564
1564
1565
6576
1567
1568
6577
1561
1562
1570
1571
1573
1574
6618
1576
1577
6618
1579
1580
6232
1566
6578
1566
1570
6582
1572
6580
1569
6579
1569
1571
6584
1572
6580
1572
1573
1572
1576
1575
6582
1575
1701
6641
1702
6583
1578
6584
1578
6642
6586
1581
6585
1581
6233
6586
1602
1603
6587
1584
1585
1605
1606
1608
1609
6588
1611
1612
6588
1614
1615
6589
1588
1590
1617
1618
1620
1621
6590
1593
1623
1624
2785
1626
1627
6590
1629
1630
6591
1594
1596
1632
1633
1635
1636
6994
1638
1639
6592
1599
1641
1642
2788
1644
1645
6592
1647
1648
6576
1600
1650
1651
1666
1653
1654
6995
1656
1657
6614
1659
1660
1668
2790
1604
6552
1604
1606
6593
1607
6553
1607
1608
1607
1611
1610
6555
1610
3749
6596
3750
6556
1613
6593
1613
1617
6597
1619
6595
1616
6594
1616
1618
6599
1619
6595
1619
1620
1619
1626
1622
6597
1622
1624
6602
1625
6598
1625
3761
3766
1625
1635
3762
1628
6599
1628
1632
6603
1634
6601
1631
6600
1631
1633
6605
1634
6601
1634
1638
1634
1644
1637
6602
1637
1641
7276
1643
6604
1640
6603
1640
1642
6608
1643
6604
1643
3775
1643
1653
1646
6605
1646
1650
6609
1652
6607
1649
6606
1649
1651
6581
1652
6607
1652
1656
1652
1697
1655
6608
1655
1659
7279
1661
6610
1658
6609
1658
1660
6629
1661
6610
1661
3784
1661
1703
1678
1679
3549
6647
1664
1684
1685
1747
1687
1688
6650
1694
1695
1754
1697
1698
6614
1669
1700
1701
1703
1704
6615
1706
1707
6237
1672
1709
1710
1712
1713
6616
6997
1715
1716
6238
1675
1718
1719
1721
1722
3543
6617
1724
1725
6239
1677
1727
1728
1733
1734
6619
1680
6011
6624
1680
1684
6663
1686
6625
1682
1736
6612
6613
1683
1685
6627
1686
6613
6625
1686
1783
1686
1687
1689
6627
1689
1694
6672
1696
6628
1691
1693
1742
6626
1692
1743
1693
1695
6255
1696
6628
1696
1804
1696
1699
6581
1699
1700
6630
1702
6583
1702
1706
1702
1705
6629
1705
1709
6633
1711
6631
1708
6630
1708
1710
6266
1711
6631
1711
1715
1711
1714
3788
6632
1714
1718
6636
1720
6634
1717
6633
1717
1719
6269
1720
6634
1720
1724
1720
1723
5993
6635
1723
1727
6639
1729
6637
1726
6636
1726
1728
6272
1729
6637
1729
1733
1729
1732
6620
6621
6623
1732
6002
6620
6638
1738
6640
1735
6639
1735
1737
6644
1738
6640
1737
6621
6622
1738
1740
6621
1741
1742
6622
6626
1741
6622
6644
1745
6646
1743
1745
1744
1745
1780
1781
3552
6648
1783
1784
6650
1750
1753
1786
1787
1789
1790
3555
6649
1792
1793
6651
1752
1756
1795
1796
1798
1799
6652
1801
1802
6651
1804
1805
6317
1757
1807
1808
1810
1811
6652
1813
1814
6318
1760
1816
1817
1819
1820
2059
6653
1822
1823
6319
1763
1825
1826
1828
1829
2062
6654
1831
1832
6320
1834
1835
1837
1838
2066
6655
1840
1841
2070
6656
1843
1844
2074
6657
1846
1847
2078
6658
1849
1850
2082
6659
1772
1852
1853
1855
1856
2086
6660
1858
1859
6326
1775
1861
1862
1864
1865
2090
6767
1867
1868
6327
1777
1870
1871
1873
1874
6661
1779
1876
1877
1879
1880
1782
6020
6662
1782
1786
6666
1788
6664
1785
6663
1785
1787
6671
1788
6664
1788
1792
1788
1801
1791
6029
6665
1791
1795
6669
1797
6667
1794
6666
1794
1796
6674
1797
6667
1797
1798
1797
1810
1800
6669
1800
2631
6677
2632
6670
1803
6671
1803
1807
6675
1809
6673
1806
6672
1806
1808
6351
1809
6673
1809
1813
1809
1812
6674
1812
1816
6678
1818
6676
1815
6675
1815
1817
6354
1818
6676
1818
1822
1818
1821
2631
6677
1821
1825
6681
1827
6679
1824
6678
1824
1826
6357
1827
6679
1827
1831
1827
1830
2640
6680
1830
1834
6684
1836
6682
1833
6681
1833
1835
6360
1836
6682
1836
1836
1839
2649
6683
1839
6687
6685
1842
2658
6686
1842
6690
6688
1845
2667
6689
1845
6693
6691
1848
2676
6692
1848
6696
6694
1851
2685
6695
1851
1852
6699
1854
6697
1854
1858
1854
1857
2694
6698
1857
1861
6702
1863
6700
1860
6699
1860
1862
6378
1863
6700
1863
1867
1863
1866
2703
6701
1866
1870
6974
1872
6703
1869
6702
1869
1871
6381
1872
6703
1872
1873
1872
1875
6974
1875
1877
6704
1878
6975
1878
2715
1878
1879
2716
1881
6704
1881
6706
2095
2096
3142
2098
2099
3185
6709
1888
2101
2102
2104
2105
3185
6709
2107
2108
3225
6711
1889
1894
2110
2111
2113
2114
2116
2117
6712
1897
2119
2120
2122
2123
3225
6711
2125
2126
3262
6713
1895
1900
2128
2129
2131
2132
6712
2134
2135
6714
1898
1903
2137
2138
2140
2141
2143
2144
6715
1906
2146
2147
2149
2150
6714
2152
2153
3299
6717
1904
1912
2155
2156
2158
2159
6715
2161
2162
6718
1907
1915
2164
2165
2167
2168
2170
2171
6719
1918
2173
2174
2176
2177
3299
6717
2179
2180
3333
6720
1913
1921
2182
2183
2185
2186
6718
2188
2189
6721
1916
1924
2191
2192
2194
2195
6719
2197
2198
6722
1919
1927
2200
2201
2203
2204
2206
2207
6723
1930
2209
2210
2212
2213
6721
2215
2216
3367
6725
1925
1936
2218
2219
2221
2222
6722
2224
2225
6726
1928
1939
2227
2228
2230
2231
6723
2233
2234
6727
1931
1942
2236
2237
2239
2240
2242
2243
6728
1945
2245
2246
2248
2249
3367
6725
2251
2252
3398
6729
1937
1948
2254
2255
2257
2258
6726
2260
2261
6730
1940
1951
2263
2264
2266
2267
6727
2269
2270
6731
1943
1954
2272
2273
2275
2276
6728
2278
2279
6732
1946
1957
2281
2282
2284
2285
2287
2288
6733
1960
2290
2291
2293
2294
6730
2296
2297
3429
6734
1952
1963
2299
2300
2302
2303
6731
2305
2306
6735
1955
1966
2308
2309
2311
2312
6732
2314
2315
6736
1958
1969
2317
2318
2320
2321
6733
2323
2324
6737
1961
1972
2326
2327
2329
2330
2332
2333
6738
1975
2335
2336
2338
2339
6735
2341
2342
3460
6740
1967
1981
2344
2345
2347
2348
6736
2350
2351
6741
1970
1984
2353
2354
2356
2357
6737
2359
2360
6742
1973
1987
2362
2363
2365
2366
6738
2368
2369
6743
1976
1990
2371
2372
2374
2375
2377
2378
6744
1993
2380
2381
2383
2384
3460
6740
2386
2387
3488
6745
1982
1996
2389
2390
2392
2393
6741
2395
2396
6746
1985
1999
2398
2399
2401
2402
6742
2404
2405
6747
1988
2002
2407
2408
2410
2411
6743
2413
2414
6748
1991
2005
2416
2417
2419
2420
6744
2422
2423
6749
1994
2008
2425
2426
2428
2429
2431
2432
6750
2011
2434
2435
2437
2438
6746
2440
2441
3516
6752
2000
2017
2443
2444
2446
2447
6747
2449
2450
6753
2003
2020
2452
2453
2455
2456
6748
2458
2459
6754
2006
2023
2461
2462
2464
2465
6749
2467
2468
6755
2009
2026
2470
2471
2473
2474
6750
2476
2477
6756
2012
2029
2479
2480
2482
2483
2485
2486
6757
2032
2488
2489
2491
2492
3516
6752
2494
2495
3541
6759
2018
2038
2497
2498
2500
2501
6753
2503
2504
6760
2021
2041
2506
2507
2509
2510
6754
2512
2513
6761
2024
2044
2515
2516
2518
2519
6755
2521
2522
6762
2027
2047
2524
2525
2527
2528
6756
2530
2531
6763
2030
2050
2533
2534
2536
2537
6757
2539
2540
6764
2033
2053
2542
2543
2545
2546
2548
2549
6765
2056
2551
2552
2554
2555
3541
6759
2063
2557
2559
2560
2064
2560
2561
2566
2563
2564
6760
2067
2566
2568
2569
2068
2569
2570
2575
2572
2573
6761
2071
2575
2577
2578
2072
2578
2579
2584
2581
2582
6762
2075
2584
2586
2587
2076
2587
2588
2593
2590
2591
6763
2079
2593
2595
2596
2080
2596
2597
2602
2599
2600
6764
2083
2602
2604
2605
2084
2605
2606
2611
2608
2609
6765
2087
2611
2613
2614
2088
2614
2615
2621
2617
2618
2091
2624
2625
2627
2628
3558
6766
2061
2630
2631
2633
2634
3561
6948
2636
2637
6653
2065
2639
2640
2642
6948
6950
2642
2643
6951
2645
2646
6654
2069
2648
2649
2651
6951
6953
2651
2652
6954
2654
2655
6655
2073
2657
2658
2660
6954
6956
2660
2661
6957
2663
2664
6656
2077
2666
2667
2669
6957
6959
2669
2670
6960
2672
2673
6657
2081
2675
2676
2678
6960
6962
2678
2679
6963
2681
2682
6658
2085
2684
2685
2687
6963
6965
2687
2688
6966
2690
2691
6659
2089
2693
2694
2696
6966
6968
2696
2697
6970
2699
2700
6660
2092
2702
2703
2705
2706
2708
2709
6767
2094
2711
2712
2714
2715
2097
4823
6768
2097
2101
2103
6770
2100
4948
6769
2100
2102
6774
2103
6770
2103
2103
2113
2106
4949
6771
2106
2110
6775
2112
6773
2109
5065
6772
2109
2111
6780
2112
6773
2112
2116
2112
2131
2115
6774
2115
2119
2121
6776
2118
6775
2118
2120
6783
2121
6776
2121
2121
2140
2124
5066
6777
2124
2128
6781
2130
6779
2127
5173
6778
2127
2129
6786
2130
6779
2130
2134
2130
2149
2133
6780
2133
2137
6784
2139
6782
2136
6781
2136
2138
6789
2139
6782
2139
2143
2139
2158
2142
6783
2142
2146
2148
6785
2145
6784
2145
2147
6792
2148
6785
2148
2148
2167
2151
6786
2151
2155
6790
2157
6788
2154
5281
6787
2154
2156
6798
2157
6788
2157
2161
2157
2185
2160
6789
2160
2164
6793
2166
6791
2163
6790
2163
2165
6801
2166
6791
2166
2170
2166
2194
2169
6792
2169
2173
2175
6794
2172
6793
2172
2174
6804
2175
6794
2175
2175
2203
2178
5282
6795
2178
2182
6799
2184
6797
2181
5380
6796
2181
2183
6807
2184
6797
2184
2188
2184
2212
2187
6798
2187
2191
6802
2193
6800
2190
6799
2190
2192
6810
2193
6800
2193
2197
2193
2221
2196
6801
2196
2200
6805
2202
6803
2199
6802
2199
2201
6813
2202
6803
2202
2206
2202
2230
2205
6804
2205
2209
2211
6806
2208
6805
2208
2210
6816
2211
6806
2211
2211
2239
2214
6807
2214
2218
6811
2220
6809
2217
5479
6808
2217
2219
6822
2220
6809
2220
2224
2220
2257
2223
6810
2223
2227
6814
2229
6812
2226
6811
2226
2228
6825
2229
6812
2229
2233
2229
2266
2232
6813
2232
2236
6817
2238
6815
2235
6814
2235
2237
6828
2238
6815
2238
2242
2238
2275
2241
6816
2241
2245
2247
6818
2244
6817
2244
2246
6831
2247
6818
2247
2247
2284
2250
5480
6819
2250
2254
6823
2256
6821
2253
5569
6820
2253
2255
6834
2256
6821
2256
2260
2256
2293
2259
6822
2259
2263
6826
2265
6824
2262
6823
2262
2264
6837
2265
6824
2265
2269
2265
2302
2268
6825
2268
2272
6829
2274
6827
2271
6826
2271
2273
6840
2274
6827
2274
2278
2274
2311
2277
6828
2277
2281
6832
2283
6830
2280
6829
2280
2282
6843
2283
6830
2283
2287
2283
2320
2286
6831
2286
2290
2292
6833
2289
6832
2289
2291
6846
2292
6833
2292
2292
2329
2295
6834
2295
2299
6838
2301
6836
2298
5659
6835
2298
2300
6849
2301
6836
2301
2305
2301
2338
2304
6837
2304
2308
6841
2310
6839
2307
6838
2307
2309
6852
2310
6839
2310
2314
2310
2347
2313
6840
2313
2317
6844
2319
6842
2316
6841
2316
2318
6855
2319
6842
2319
2323
2319
2356
2322
6843
2322
2326
6847
2328
6845
2325
6844
2325
2327
6858
2328
6845
2328
2332
2328
2365
2331
6846
2331
2335
2337
6848
2334
6847
2334
2336
6861
2337
6848
2337
2337
2374
2340
6849
2340
2344
6853
2346
6851
2343
5749
6850
2343
2345
6867
2346
6851
2346
2350
2346
2392
2349
6852
2349
2353
6856
2355
6854
2352
6853
2352
2354
6870
2355
6854
2355
2359
2355
2401
2358
6855
2358
2362
6859
2364
6857
2361
6856
2361
2363
6873
2364
6857
2364
2368
2364
2410
2367
6858
2367
2371
6862
2373
6860
2370
6859
2370
2372
6876
2373
6860
2373
2377
2373
2419
2376
6861
2376
2380
2382
6863
2379
6862
2379
2381
6879
2382
6863
2382
2382
2428
2385
5750
6864
2385
2389
6868
2391
6866
2388
5830
6865
2388
2390
6882
2391
6866
2391
2395
2391
2437
2394
6867
2394
2398
6871
2400
6869
2397
6868
2397
2399
6885
2400
6869
2400
2404
2400
2446
2403
6870
2403
2407
6874
2409
6872
2406
6871
2406
2408
6888
2409
6872
2409
2413
2409
2455
2412
6873
2412
2416
6877
2418
6875
2415
6874
2415
2417
6891
2418
6875
2418
2422
2418
2464
2421
6876
2421
2425
6880
2427
6878
2424
6877
2424
2426
6894
2427
6878
2427
2431
2427
2473
2430
6879
2430
2434
2436
6881
2433
6880
2433
2435
6897
2436
6881
2436
2436
2482
2439
6882
2439
2443
6886
2445
6884
2442
5911
6883
2442
2444
6903
2445
6884
2445
2449
2445
2500
2448
6885
2448
2452
6889
2454
6887
2451
6886
2451
2453
6906
2454
6887
2454
2458
2454
2509
2457
6888
2457
2461
6892
2463
6890
2460
6889
2460
2462
6909
2463
6890
2463
2467
2463
2518
2466
6891
2466
2470
6895
2472
6893
2469
6892
2469
2471
6912
2472
6893
2472
2476
2472
2527
2475
6894
2475
2479
6898
2481
6896
2478
6895
2478
2480
6915
2481
6896
2481
2485
2481
2536
2484
6897
2484
2488
2490
6899
2487
6898
2487
2489
6918
2490
6899
2490
2490
2545
2493
5912
6900
2493
2497
6904
2499
6902
2496
5983
6901
2496
2498
6924
2499
6902
2499
2503
2499
2563
2502
6903
2502
2506
6907
2508
6905
2505
6904
2505
2507
6927
2508
6905
2508
2512
2508
2572
2511
6906
2511
2515
6910
2517
6908
2514
6907
2514
2516
6930
2517
6908
2517
2521
2517
2581
2520
6909
2520
2524
6913
2526
6911
2523
6910
2523
2525
6933
2526
6911
2526
2530
2526
2590
2529
6912
2529
2533
6916
2535
6914
2532
6913
2532
2534
6936
2535
6914
2535
2539
2535
2599
2538
6915
2538
2542
6919
2544
6917
2541
6916
2541
2543
6939
2544
6917
2544
2548
2544
2608
2547
6918
2547
2551
2553
6920
2550
6919
2550
2552
6942
2553
6920
2553
2553
2617
2556
5984
6921
2556
2561
6925
2562
6923
2558
3561
6948
2559
6046
6922
2562
6923
2562
2642
2562
2567
2565
6924
2565
2570
6928
2571
6926
2567
6951
2568
6925
2571
6926
2571
2651
2571
2576
2574
6927
2574
2579
6931
2580
6929
2576
6954
2577
6928
2580
6929
2580
2660
2580
2585
2583
6930
2583
2588
6934
2589
6932
2585
6957
2586
6931
2589
6932
2589
2669
2589
2594
2592
6933
2592
2597
6937
2598
6935
2594
6960
2595
6934
2598
6935
2598
2678
2598
2603
2601
6936
2601
2606
6940
2607
6938
2603
6963
2604
6937
2607
6938
2607
2687
2607
2612
2610
6939
2610
2615
6943
2616
6941
2612
6966
2613
6940
2616
6941
2616
2696
2616
2622
2619
6942
2619
2625
2626
6944
2621
2623
2624
6969
2622
6970
2623
6943
2626
6944
2626
2705
2626
2629
6038
6668
2629
2630
6946
2632
6670
2632
2636
2632
2635
6047
6945
2635
2639
6949
2641
6947
2638
6946
2638
2640
6680
2641
6947
2641
2645
2641
2644
2644
2648
6952
2650
6950
2647
6949
2647
2649
6683
2650
6950
2650
2654
2650
2653
2653
2657
6955
2659
6953
2656
6952
2656
2658
6686
2659
6953
2659
2663
2659
2662
2662
2666
6958
2668
6956
2665
6955
2665
2667
6689
2668
6956
2668
2672
2668
2671
2671
2675
6961
2677
6959
2674
6958
2674
2676
6692
2677
6959
2677
2681
2677
2680
2680
2684
6964
2686
6962
2683
6961
2683
2685
6695
2686
6962
2686
2690
2686
2689
2689
2693
6967
2695
6965
2692
6964
2692
2694
6698
2695
6965
2695
2699
2695
2698
2698
2702
6971
2704
6968
2701
6967
2701
2703
6701
2704
6968
2704
2708
2704
2707
6969
2707
2711
2713
6972
2710
6971
2710
2712
6973
2713
6972
2713
2713
2714
2716
6973
2716
6975
3562
3563
6976
2791
3565
3566
3568
2821
3568
3570
3574
3571
3572
6977
2823
3574
3575
3577
2867
3577
3579
3583
3580
3581
6978
2869
3583
3584
3586
2913
3586
3588
3592
3589
3590
6979
2915
3592
3593
3595
2959
3595
3597
3601
3598
3599
6980
2961
3601
3602
3604
3005
3604
3606
3610
3607
3608
6981
3007
3610
3611
3613
3051
3613
3615
3619
3616
3617
6982
3053
3619
3620
3622
3097
3622
3624
3628
3625
3626
6983
3099
3628
3629
3631
3143
3631
3633
3637
3634
3635
6984
3145
3637
3638
3640
3186
3640
3642
3646
3643
3644
6985
3188
3646
3647
3649
3226
3649
3651
3655
3652
3653
6986
3228
3655
3656
3661
2751
2753
3658
3659
3263
3661
3663
3667
3664
3665
6987
3265
3667
3668
3676
3670
3671
6987
2756
2758
3673
3674
3300
3676
3678
3682
3679
3680
6988
3302
3682
3683
3691
3685
3686
6988
2761
2763
3688
3689
3334
3691
3693
3697
3694
3695
6989
3336
3697
3698
3706
3700
3701
6989
2766
2768
3703
3704
3368
3706
3708
3712
3709
3710
6990
3370
3712
3713
3721
3715
3716
6990
2771
2773
3718
3719
3399
3721
3723
3727
3724
3725
6991
3401
3727
3728
3736
3730
3731
6991
2776
2778
3733
3734
3430
3736
3738
3742
3739
3740
6992
3432
3742
3743
3751
3745
3746
6992
2781
2783
3748
3749
3461
3751
3753
3757
3754
3755
6993
3463
3757
3758
3763
3760
3761
6993
3489
3763
3765
3769
3766
3767
6994
3491
3769
3770
3772
2789
3517
3772
3774
3775
3776
6995
3519
3778
3780
3784
3785
6615
3790
3791
7281
2793
2822
3793
3794
3796
3797
6998
2795
2825
3799
3800
3802
3803
6999
2797
2828
3805
3806
3808
3809
7000
2799
2831
3811
3812
3814
3815
7001
2801
2834
3817
3818
3820
3821
7002
2803
2837
3823
3824
3826
3827
7003
2805
2840
3829
3830
3832
3833
7004
2807
2843
3835
3836
3838
3839
7005
2809
2846
3841
3842
3844
3845
7006
2811
2849
3847
3848
3850
3851
7007
2813
2852
3853
3854
3856
3857
7008
2815
2855
3859
3860
3862
3863
7009
2817
2858
3865
3866
3868
3869
7010
2819
2861
3871
3872
3874
3875
7011
2864
3877
3878
3883
7281
7283
3880
3881
6998
3883
3884
7326
2826
2868
3886
3887
3889
3890
6999
3892
3893
7012
2829
2871
3895
3896
3898
3899
7000
3901
3902
7013
2832
2874
3904
3905
3907
3908
7001
3910
3911
7014
2835
2877
3913
3914
3916
3917
7002
3919
3920
7015
2838
2880
3922
3923
3925
3926
7003
3928
3929
7016
2841
2883
3931
3932
3934
3935
7004
3937
3938
7017
2844
2886
3940
3941
3943
3944
7005
3946
3947
7018
2847
2889
3949
3950
3952
3953
7006
3955
3956
7019
2850
2892
3958
3959
3961
3962
7007
3964
3965
7020
2853
2895
3967
3968
3970
3971
7008
3973
3974
7021
2856
2898
3976
3977
3979
3980
7009
3982
3983
7022
2859
2901
3985
3986
3988
3989
7010
3991
3992
7023
2862
2904
3994
3995
3997
3998
7011
4000
4001
7024
2865
2907
4003
4004
4006
4007
4009
4010
7025
2910
4012
4013
4018
7326
7328
4015
4016
7012
4018
4019
7371
2872
2914
4021
4022
4024
4025
7013
4027
4028
7026
2875
2917
4030
4031
4033
4034
7014
4036
4037
7027
2878
2920
4039
4040
4042
4043
7015
4045
4046
7028
2881
2923
4048
4049
4051
4052
7016
4054
4055
7029
2884
2926
4057
4058
4060
4061
7017
4063
4064
7030
2887
2929
4066
4067
4069
4070
7018
4072
4073
7031
2890
2932
4075
4076
4078
4079
7019
4081
4082
7032
2893
2935
4084
4085
4087
4088
7020
4090
4091
7033
2896
2938
4093
4094
4096
4097
7021
4099
4100
7034
2899
2941
4102
4103
4105
4106
7022
4108
4109
7035
2902
2944
4111
4112
4114
4115
7023
4117
4118
7036
2905
2947
4120
4121
4123
4124
7024
4126
4127
7037
2908
2950
4129
4130
4132
4133
7025
4135
4136
7038
2911
2953
4138
4139
4141
4142
4144
4145
7039
2956
4147
4148
4153
7371
7373
4150
4151
7026
4153
4154
7416
2918
2960
4156
4157
4159
4160
7027
4162
4163
7040
2921
2963
4165
4166
4168
4169
7028
4171
4172
7041
2924
2966
4174
4175
4177
4178
7029
4180
4181
7042
2927
2969
4183
4184
4186
4187
7030
4189
4190
7043
2930
2972
4192
4193
4195
4196
7031
4198
4199
7044
2933
2975
4201
4202
4204
4205
7032
4207
4208
7045
2936
2978
4210
4211
4213
4214
7033
4216
4217
7046
2939
2981
4219
4220
4222
4223
7034
4225
4226
7047
2942
2984
4228
4229
4231
4232
7035
4234
4235
7048
2945
2987
4237
4238
4240
4241
7036
4243
4244
7049
2948
2990
4246
4247
4249
4250
7037
4252
4253
7050
2951
2993
4255
4256
4258
4259
7038
4261
4262
7051
2954
2996
4264
4265
4267
4268
7039
4270
4271
7052
2957
2999
4273
4274
4276
4277
4279
4280
7053
3002
4282
4283
4288
7416
7418
4285
4286
7040
4288
4289
7461
2964
3006
4291
4292
4294
4295
7041
4297
4298
7054
2967
3009
4300
4301
4303
4304
7042
4306
4307
7055
2970
3012
4309
4310
4312
4313
7043
4315
4316
7056
2973
3015
4318
4319
4321
4322
7044
4324
4325
7057
2976
3018
4327
4328
4330
4331
7045
4333
4334
7058
2979
3021
4336
4337
4339
4340
7046
4342
4343
7059
2982
3024
4345
4346
4348
4349
7047
4351
4352
7060
2985
3027
4354
4355
4357
4358
7048
4360
4361
7061
2988
3030
4363
4364
4366
4367
7049
4369
4370
7062
2991
3033
4372
4373
4375
4376
7050
4378
4379
7063
2994
3036
4381
4382
4384
4385
7051
4387
4388
7064
2997
3039
4390
4391
4393
4394
7052
4396
4397
7065
3000
3042
4399
4400
4402
4403
7053
4405
4406
7066
3003
3045
4408
4409
4411
4412
4414
4415
7067
3048
4417
4418
4423
7461
7463
4420
4421
7054
4423
4424
7506
3010
3052
4426
4427
4429
4430
7055
4432
4433
7068
3013
3055
4435
4436
4438
4439
7056
4441
4442
7069
3016
3058
4444
4445
4447
4448
7057
4450
4451
7070
3019
3061
4453
4454
4456
4457
7058
4459
4460
7071
3022
3064
4462
4463
4465
4466
7059
4468
4469
7072
3025
3067
4471
4472
4474
4475
7060
4477
4478
7073
3028
3070
4480
4481
4483
4484
7061
4486
4487
7074
3031
3073
4489
4490
4492
4493
7062
4495
4496
7075
3034
3076
4498
4499
4501
4502
7063
4504
4505
7076
3037
3079
4507
4508
4510
4511
7064
4513
4514
7077
3040
3082
4516
4517
4519
4520
7065
4522
4523
7078
3043
3085
4525
4526
4528
4529
7066
4531
4532
7079
3046
3088
4534
4535
4537
4538
7067
4540
4541
7080
3049
3091
4543
4544
4546
4547
4549
4550
7081
3094
4552
4553
4558
7506
7508
4555
4556
7068
4558
4559
7551
3056
3098
4561
4562
4564
4565
7069
4567
4568
7082
3059
3101
4570
4571
4573
4574
7070
4576
4577
7083
3062
3104
4579
4580
4582
4583
7071
4585
4586
7084
3065
3107
4588
4589
4591
4592
7072
4594
4595
7085
3068
3110
4597
4598
4600
4601
7073
4603
4604
7086
3071
3113
4606
4607
4609
4610
7074
4612
4613
7087
3074
3116
4615
4616
4618
4619
7075
4621
4622
7088
3077
3119
4624
4625
4627
4628
7076
4630
4631
7089
3080
3122
4633
4634
4636
4637
7077
4639
4640
7090
3083
3125
4642
4643
4645
4646
7078
4648
4649
7091
3086
3128
4651
4652
4654
4655
7079
4657
4658
7092
3089
3131
4660
4661
4663
4664
7080
4666
4667
7093
3092
3134
4669
4670
4672
4673
7081
4675
4676
7094
3095
3137
4678
4679
4681
4682
4684
4685
7095
3140
4687
4688
4693
7551
7553
4690
4691
7082
4693
4694
7596
3102
3144
4696
4697
4699
4700
7083
4702
4703
7096
3105
3147
4705
4706
4708
4709
7084
4711
4712
7097
3108
3150
4714
4715
4717
4718
7085
4720
4721
7098
3111
3153
4723
4724
4726
4727
7086
4729
4730
7099
3114
3156
4732
4733
4735
4736
7087
4738
4739
7100
3117
3159
4741
4742
4744
4745
7088
4747
4748
7101
3120
3162
4750
4751
4753
4754
7089
4756
4757
7102
3123
3165
4759
4760
4762
4763
7090
4765
4766
7103
3126
3168
4768
4769
4771
4772
7091
4774
4775
7104
3129
3171
4777
4778
4780
4781
7092
4783
4784
7105
3132
3174
4786
4787
4789
4790
7093
4792
4793
7106
3135
3177
4795
4796
4798
4799
7094
4801
4802
7107
3138
3180
4804
4805
4807
4808
7095
4810
4811
7108
3141
3183
4813
4814
4816
4817
4819
4820
6707
4822
4823
4828
7596
7598
4825
4826
7096
4828
4829
7638
3148
3187
4831
4832
4834
4835
7097
4837
4838
7109
3151
3190
4840
4841
4843
4844
7098
4846
4847
7110
3154
3193
4849
4850
4852
4853
7099
4855
4856
7111
3157
3196
4858
4859
4861
4862
7100
4864
4865
7112
3160
3199
4867
4868
4870
4871
7101
4873
4874
7113
3163
3202
4876
4877
4879
4880
7102
4882
4883
7114
3166
3205
4885
4886
4888
4889
7103
4891
4892
7115
3169
3208
4894
4895
4897
4898
7104
4900
4901
7116
3172
3211
4903
4904
4906
4907
7105
4909
4910
7117
3175
3214
4912
4913
4915
4916
7106
4918
4919
7118
3178
3217
4921
4922
4924
4925
7107
4927
4928
7119
3181
3220
4930
4931
4933
4934
7108
4936
4937
7120
3184
3223
4939
4940
4942
4943
6707
4945
4946
6708
4948
4949
4954
7638
7640
4951
4952
7109
4954
4955
7677
3191
3227
4957
4958
4960
4961
7110
4963
4964
7121
3194
3230
4966
4967
4969
4970
7111
4972
4973
7122
3197
3233
4975
4976
4978
4979
7112
4981
4982
7123
3200
3236
4984
4985
4987
4988
7113
4990
4991
7124
3203
3239
4993
4994
4996
4997
7114
4999
5000
7125
3206
3242
5002
5003
5005
5006
7115
5008
5009
7126
3209
3245
5011
5012
5014
5015
7116
5017
5018
7127
3212
3248
5020
5021
5023
5024
7117
5026
5027
7128
3215
3251
5029
5030
5032
5033
7118
5035
5036
7129
3218
3254
5038
5039
5041
5042
7119
5044
5045
7130
3221
3257
5047
5048
5050
5051
7120
5053
5054
7131
3224
3260
5056
5057
5059
5060
6708
5062
5063
6710
5065
5066
5071
7677
7679
5068
5069
7121
5071
5072
7713
3231
3264
5074
5075
5077
5078
7122
5080
5081
7132
3234
3267
5083
5084
5086
5087
7123
5089
5090
7133
3237
3270
5092
5093
5095
5096
7124
5098
5099
7134
3240
3273
5101
5102
5104
5105
7125
5107
5108
7135
3243
3276
5110
5111
5113
5114
7126
5116
5117
7136
3246
3279
5119
5120
5122
5123
7127
5125
5126
7137
3249
3282
5128
5129
5131
5132
7128
5134
5135
7138
3252
3285
5137
5138
5140
5141
7129
5143
5144
7139
3255
3288
5146
5147
5149
5150
7130
5152
5153
7140
3258
3291
5155
5156
5158
5159
7131
5161
5162
7141
3261
3294
5164
5165
5167
5168
6710
5170
5171
7142
3297
5173
5174
5179
7713
7715
5176
5177
7132
5179
5180
7749
3268
3301
5182
5183
5185
5186
7133
5188
5189
7143
3271
3304
5191
5192
5194
5195
7134
5197
5198
7144
3274
3307
5200
5201
5203
5204
7135
5206
5207
7145
3277
3310
5209
5210
5212
5213
7136
5215
5216
7146
3280
3313
5218
5219
5221
5222
7137
5224
5225
7147
3283
3316
5227
5228
5230
5231
7138
5233
5234
7148
3286
3319
5236
5237
5239
5240
7139
5242
5243
7149
3289
3322
5245
5246
5248
5249
7140
5251
5252
7150
3292
3325
5254
5255
5257
5258
7141
5260
5261
7151
3295
3328
5263
5264
5266
5267
7142
5269
5270
7152
3298
3331
5272
5273
5275
5276
6713
5278
5279
6716
5281
5282
5287
7749
7751
5284
5285
7143
5287
5288
7782
3305
3335
5290
5291
5293
5294
7144
5296
5297
7153
3308
3338
5299
5300
5302
5303
7145
5305
5306
7154
3311
3341
5308
5309
5311
5312
7146
5314
5315
7155
3314
3344
5317
5318
5320
5321
7147
5323
5324
7156
3317
3347
5326
5327
5329
5330
7148
5332
5333
7157
3320
3350
5335
5336
5338
5339
7149
5341
5342
7158
3323
3353
5344
5345
5347
5348
7150
5350
5351
7159
3326
3356
5353
5354
5356
5357
7151
5359
5360
7160
3329
3359
5362
5363
5365
5366
7152
5368
5369
7161
3332
3362
5371
5372
5374
5375
6716
5377
5378
7162
3365
5380
5381
5386
7782
7784
5383
5384
7153
5386
5387
7815
3339
3369
5389
5390
5392
5393
7154
5395
5396
7163
3342
3372
5398
5399
5401
5402
7155
5404
5405
7164
3345
3375
5407
5408
5410
5411
7156
5413
5414
7165
3348
3378
5416
5417
5419
5420
7157
5422
5423
7166
3351
3381
5425
5426
5428
5429
7158
5431
5432
7167
3354
3384
5434
5435
5437
5438
7159
5440
5441
7168
3357
3387
5443
5444
5446
5447
7160
5449
5450
7169
3360
3390
5452
5453
5455
5456
7161
5458
5459
7170
3363
3393
5461
5462
5464
5465
7162
5467
5468
7171
3366
3396
5470
5471
5473
5474
6720
5476
5477
6724
5479
5480
5485
7815
7817
5482
5483
7163
5485
5486
7845
3373
3400
5488
5489
5491
5492
7164
5494
5495
7172
3376
3403
5497
5498
5500
5501
7165
5503
5504
7173
3379
3406
5506
5507
5509
5510
7166
5512
5513
7174
3382
3409
5515
5516
5518
5519
7167
5521
5522
7175
3385
3412
5524
5525
5527
5528
7168
5530
5531
7176
3388
3415
5533
5534
5536
5537
7169
5539
5540
7177
3391
3418
5542
5543
5545
5546
7170
5548
5549
7178
3394
3421
5551
5552
5554
5555
7171
5557
5558
7179
3397
3424
5560
5561
5563
5564
6724
5566
5567
7180
3427
5569
5570
5575
7845
7847
5572
5573
7172
5575
5576
7875
3404
3431
5578
5579
5581
5582
7173
5584
5585
7181
3407
3434
5587
5588
5590
5591
7174
5593
5594
7182
3410
3437
5596
5597
5599
5600
7175
5602
5603
7183
3413
3440
5605
5606
5608
5609
7176
5611
5612
7184
3416
3443
5614
5615
5617
5618
7177
5620
5621
7185
3419
3446
5623
5624
5626
5627
7178
5629
5630
7186
3422
3449
5632
5633
5635
5636
7179
5638
5639
7187
3425
3452
5641
5642
5644
5645
7180
5647
5648
7188
3428
3455
5650
5651
5653
5654
6729
5656
5657
7189
3458
5659
5660
5665
7875
7877
5662
5663
7181
5665
5666
7905
3435
3462
5668
5669
5671
5672
7182
5674
5675
7190
3438
3465
5677
5678
5680
5681
7183
5683
5684
7191
3441
3468
5686
5687
5689
5690
7184
5692
5693
7192
3444
3471
5695
5696
5698
5699
7185
5701
5702
7193
3447
3474
5704
5705
5707
5708
7186
5710
5711
7194
3450
3477
5713
5714
5716
5717
7187
5719
5720
7195
3453
3480
5722
5723
5725
5726
7188
5728
5729
7196
3456
3483
5731
5732
5734
5735
7189
5737
5738
7197
3459
3486
5740
5741
5743
5744
6734
5746
5747
6739
5749
5750
5755
7905
7907
5752
5753
7190
5755
5756
7932
3466
3490
5758
5759
5761
5762
7191
5764
5765
7198
3469
3493
5767
5768
5770
5771
7192
5773
5774
7199
3472
3496
5776
5777
5779
5780
7193
5782
5783
7200
3475
3499
5785
5786
5788
5789
7194
5791
5792
7201
3478
3502
5794
5795
5797
5798
7195
5800
5801
7202
3481
3505
5803
5804
5806
5807
7196
5809
5810
7203
3484
3508
5812
5813
5815
5816
7197
5818
5819
7204
3487
3511
5821
5822
5824
5825
6739
5827
5828
7205
3514
5830
5831
5836
7932
7934
5833
5834
7198
5836
5837
7959
3494
3518
5839
5840
5842
5843
7199
5845
5846
7206
3497
3521
5848
5849
5851
5852
7200
5854
5855
7207
3500
3524
5857
5858
5860
5861
7201
5863
5864
7208
3503
3527
5866
5867
5869
5870
7202
5872
5873
7209
3506
3530
5875
5876
5878
5879
7203
5881
5882
7210
3509
3533
5884
5885
5887
5888
7204
5890
5891
7211
3512
3536
5893
5894
5896
5897
7205
5899
5900
7212
3515
3539
5902
5903
5905
5906
6745
5908
5909
6751
5911
5912
3519
7959
7961
5914
5915
7206
5917
5919
3522
3542
5920
5921
5923
5924
7207
5926
5927
7214
3525
3544
5929
5930
5932
5933
7208
5935
5936
7215
3528
3547
5938
5939
5941
5942
7209
5944
5945
7216
3531
3550
5947
5948
5950
5951
7210
5953
5954
7217
3534
3553
5956
5957
5959
5960
7211
5962
5963
7218
3537
3556
5965
5966
5968
5969
7212
5971
5972
7219
3540
3559
5974
5975
5977
5978
6751
5980
5981
6758
5983
5984
5986
5987
7214
3545
5992
5993
5995
5996
7215
5998
5999
6617
3548
6001
6002
6620
6004
6005
7216
6007
6008
6611
3551
6010
6011
6013
6014
7217
6016
6017
6647
3554
6019
6020
6022
6023
7218
6025
6026
6648
3557
6028
6029
6031
6032
7219
6034
6035
6649
3560
6037
6038
6040
6041
6758
6043
6044
6766
6046
6047
3564
3564
3566
7221
3567
3567
3790
3567
3569
3569
7281
3570
7221
3576
7223
3573
7222
3573
3575
7224
3576
7223
3576
3883
3576
3578
3578
7326
3579
7224
3585
7226
3582
7225
3582
3584
7227
3585
7226
3585
4018
3585
3587
3587
7371
3588
7227
3594
7229
3591
7228
3591
3593
7230
3594
7229
3594
4153
3594
3596
3596
7416
3597
7230
3603
7232
3600
7231
3600
3602
7233
3603
7232
3603
4288
3603
3605
3605
7461
3606
7233
3612
7235
3609
7234
3609
3611
7236
3612
7235
3612
4423
3612
3614
3614
7506
3615
7236
3621
7238
3618
7237
3618
3620
7239
3621
7238
3621
4558
3621
3623
3623
7551
3624
7239
3630
7241
3627
7240
3627
3629
7242
3630
7241
3630
4693
3630
3632
3632
7596
3633
7242
3639
7244
3636
7243
3636
3638
7245
3639
7244
3639
4828
3639
3641
3641
7638
3642
7245
3648
7247
3645
7246
3645
3647
7248
3648
7247
3648
4954
3648
3650
3650
7677
3651
7248
3657
7250
3654
7249
3654
3656
7251
3657
7250
3657
5071
3657
3662
3660
3664
3660
3670
3662
7713
3663
7251
3669
7253
3666
7252
3666
3668
7254
3669
7253
3669
5179
3669
3677
3672
6524
3672
3673
7255
3675
6526
3675
3679
3675
3685
3677
7749
3678
7254
3684
7256
3681
7255
3681
3683
7257
3684
7256
3684
5287
3684
3692
3687
6530
3687
3688
7258
3690
6532
3690
3694
3690
3700
3692
7782
3693
7257
3699
7259
3696
7258
3696
3698
7260
3699
7259
3699
5386
3699
3707
3702
6536
3702
3703
7261
3705
6538
3705
3709
3705
3715
3707
7815
3708
7260
3714
7262
3711
7261
3711
3713
7263
3714
7262
3714
5485
3714
3722
3717
6542
3717
3718
7264
3720
6544
3720
3724
3720
3730
3722
7845
3723
7263
3729
7265
3726
7264
3726
3728
7266
3729
7265
3729
5575
3729
3737
3732
6548
3732
3733
7267
3735
6550
3735
3739
3735
3745
3737
7875
3738
7266
3744
7268
3741
7267
3741
3743
7269
3744
7268
3744
5665
3744
3752
3747
6554
3747
3748
7270
3750
6556
3750
3754
3750
3760
3752
7905
3753
7269
3759
7271
3756
7270
3756
3758
7272
3759
7271
3759
5755
3759
3764
3762
6596
3762
7273
6598
3764
7932
3765
7272
3771
7274
3768
7273
3768
3770
7275
3771
7274
3771
5836
3771
3773
3773
7959
3774
7275
3780
7277
3777
7276
3777
3779
7278
3780
7277
3779
3781
5917
3780
3782
3782
6996
7983
3783
7278
3789
6996
7280
3786
7279
3786
3788
6632
3789
7280
3789
5989
6996
6997
3789
6997
3792
3792
3794
7282
3795
3795
3796
3795
3880
3798
3798
3800
7284
3801
3801
3802
3801
3889
3804
3804
3806
7287
3807
3807
3808
3807
3898
3810
3810
3812
7290
3813
3813
3814
3813
3907
3816
3816
3818
7293
3819
3819
3820
3819
3916
3822
3822
3824
7296
3825
3825
3826
3825
3925
3828
3828
3830
7299
3831
3831
3832
3831
3934
3834
3834
3836
7302
3837
3837
3838
3837
3943
3840
3840
3842
7305
3843
3843
3844
3843
3952
3846
3846
3848
7308
3849
3849
3850
3849
3961
3852
3852
3854
7311
3855
3855
3856
3855
3970
3858
3858
3860
7314
3861
3861
3862
3861
3979
3864
3864
3866
7317
3867
3867
3868
3867
3988
3870
3870
3872
7320
3873
3873
3874
3873
3997
3876
3876
3878
7323
3879
3879
3879
4006
3882
7282
3882
3886
7285
3888
7283
3885
3885
3887
7327
3888
7283
3888
3892
3888
4015
3891
7284
3891
3895
7288
3897
7286
3894
7285
3894
3896
7329
3897
7286
3897
3901
3897
4024
3900
7287
3900
3904
7291
3906
7289
3903
7288
3903
3905
7332
3906
7289
3906
3910
3906
4033
3909
7290
3909
3913
7294
3915
7292
3912
7291
3912
3914
7335
3915
7292
3915
3919
3915
4042
3918
7293
3918
3922
7297
3924
7295
3921
7294
3921
3923
7338
3924
7295
3924
3928
3924
4051
3927
7296
3927
3931
7300
3933
7298
3930
7297
3930
3932
7341
3933
7298
3933
3937
3933
4060
3936
7299
3936
3940
7303
3942
7301
3939
7300
3939
3941
7344
3942
7301
3942
3946
3942
4069
3945
7302
3945
3949
7306
3951
7304
3948
7303
3948
3950
7347
3951
7304
3951
3955
3951
4078
3954
7305
3954
3958
7309
3960
7307
3957
7306
3957
3959
7350
3960
7307
3960
3964
3960
4087
3963
7308
3963
3967
7312
3969
7310
3966
7309
3966
3968
7353
3969
7310
3969
3973
3969
4096
3972
7311
3972
3976
7315
3978
7313
3975
7312
3975
3977
7356
3978
7313
3978
3982
3978
4105
3981
7314
3981
3985
7318
3987
7316
3984
7315
3984
3986
7359
3987
7316
3987
3991
3987
4114
3990
7317
3990
3994
7321
3996
7319
3993
7318
3993
3995
7362
3996
7319
3996
4000
3996
4123
3999
7320
3999
4003
7324
4005
7322
4002
7321
4002
4004
7365
4005
7322
4005
4009
4005
4132
4008
7323
4008
4012
4014
7325
4011
7324
4011
4013
7368
4014
7325
4014
4014
4141
4017
7327
4017
4021
7330
4023
7328
4020
4020
4022
7372
4023
7328
4023
4027
4023
4150
4026
7329
4026
4030
7333
4032
7331
4029
7330
4029
4031
7374
4032
7331
4032
4036
4032
4159
4035
7332
4035
4039
7336
4041
7334
4038
7333
4038
4040
7377
4041
7334
4041
4045
4041
4168
4044
7335
4044
4048
7339
4050
7337
4047
7336
4047
4049
7380
4050
7337
4050
4054
4050
4177
4053
7338
4053
4057
7342
4059
7340
4056
7339
4056
4058
7383
4059
7340
4059
4063
4059
4186
4062
7341
4062
4066
7345
4068
7343
4065
7342
4065
4067
7386
4068
7343
4068
4072
4068
4195
4071
7344
4071
4075
7348
4077
7346
4074
7345
4074
4076
7389
4077
7346
4077
4081
4077
4204
4080
7347
4080
4084
7351
4086
7349
4083
7348
4083
4085
7392
4086
7349
4086
4090
4086
4213
4089
7350
4089
4093
7354
4095
7352
4092
7351
4092
4094
7395
4095
7352
4095
4099
4095
4222
4098
7353
4098
4102
7357
4104
7355
4101
7354
4101
4103
7398
4104
7355
4104
4108
4104
4231
4107
7356
4107
4111
7360
4113
7358
4110
7357
4110
4112
7401
4113
7358
4113
4117
4113
4240
4116
7359
4116
4120
7363
4122
7361
4119
7360
4119
4121
7404
4122
7361
4122
4126
4122
4249
4125
7362
4125
4129
7366
4131
7364
4128
7363
4128
4130
7407
4131
7364
4131
4135
4131
4258
4134
7365
4134
4138
7369
4140
7367
4137
7366
4137
4139
7410
4140
7367
4140
4144
4140
4267
4143
7368
4143
4147
4149
7370
4146
7369
4146
4148
7413
4149
7370
4149
4149
4276
4152
7372
4152
4156
7375
4158
7373
4155
4155
4157
7417
4158
7373
4158
4162
4158
4285
4161
7374
4161
4165
7378
4167
7376
4164
7375
4164
4166
7419
4167
7376
4167
4171
4167
4294
4170
7377
4170
4174
7381
4176
7379
4173
7378
4173
4175
7422
4176
7379
4176
4180
4176
4303
4179
7380
4179
4183
7384
4185
7382
4182
7381
4182
4184
7425
4185
7382
4185
4189
4185
4312
4188
7383
4188
4192
7387
4194
7385
4191
7384
4191
4193
7428
4194
7385
4194
4198
4194
4321
4197
7386
4197
4201
7390
4203
7388
4200
7387
4200
4202
7431
4203
7388
4203
4207
4203
4330
4206
7389
4206
4210
7393
4212
7391
4209
7390
4209
4211
7434
4212
7391
4212
4216
4212
4339
4215
7392
4215
4219
7396
4221
7394
4218
7393
4218
4220
7437
4221
7394
4221
4225
4221
4348
4224
7395
4224
4228
7399
4230
7397
4227
7396
4227
4229
7440
4230
7397
4230
4234
4230
4357
4233
7398
4233
4237
7402
4239
7400
4236
7399
4236
4238
7443
4239
7400
4239
4243
4239
4366
4242
7401
4242
4246
7405
4248
7403
4245
7402
4245
4247
7446
4248
7403
4248
4252
4248
4375
4251
7404
4251
4255
7408
4257
7406
4254
7405
4254
4256
7449
4257
7406
4257
4261
4257
4384
4260
7407
4260
4264
7411
4266
7409
4263
7408
4263
4265
7452
4266
7409
4266
4270
4266
4393
4269
7410
4269
4273
7414
4275
7412
4272
7411
4272
4274
7455
4275
7412
4275
4279
4275
4402
4278
7413
4278
4282
4284
7415
4281
7414
4281
4283
7458
4284
7415
4284
4284
4411
4287
7417
4287
4291
7420
4293
7418
4290
4290
4292
7462
4293
7418
4293
4297
4293
4420
4296
7419
4296
4300
7423
4302
7421
4299
7420
4299
4301
7464
4302
7421
4302
4306
4302
4429
4305
7422
4305
4309
7426
4311
7424
4308
7423
4308
4310
7467
4311
7424
4311
4315
4311
4438
4314
7425
4314
4318
7429
4320
7427
4317
7426
4317
4319
7470
4320
7427
4320
4324
4320
4447
4323
7428
4323
4327
7432
4329
7430
4326
7429
4326
4328
7473
4329
7430
4329
4333
4329
4456
4332
7431
4332
4336
7435
4338
7433
4335
7432
4335
4337
7476
4338
7433
4338
4342
4338
4465
4341
7434
4341
4345
7438
4347
7436
4344
7435
4344
4346
7479
4347
7436
4347
4351
4347
4474
4350
7437
4350
4354
7441
4356
7439
4353
7438
4353
4355
7482
4356
7439
4356
4360
4356
4483
4359
7440
4359
4363
7444
4365
7442
4362
7441
4362
4364
7485
4365
7442
4365
4369
4365
4492
4368
7443
4368
4372
7447
4374
7445
4371
7444
4371
4373
7488
4374
7445
4374
4378
4374
4501
4377
7446
4377
4381
7450
4383
7448
4380
7447
4380
4382
7491
4383
7448
4383
4387
4383
4510
4386
7449
4386
4390
7453
4392
7451
4389
7450
4389
4391
7494
4392
7451
4392
4396
4392
4519
4395
7452
4395
4399
7456
4401
7454
4398
7453
4398
4400
7497
4401
7454
4401
4405
4401
4528
4404
7455
4404
4408
7459
4410
7457
4407
7456
4407
4409
7500
4410
7457
4410
4414
4410
4537
4413
7458
4413
4417
4419
7460
4416
7459
4416
4418
7503
4419
7460
4419
4419
4546
4422
7462
4422
4426
7465
4428
7463
4425
4425
4427
7507
4428
7463
4428
4432
4428
4555
4431
7464
4431
4435
7468
4437
7466
4434
7465
4434
4436
7509
4437
7466
4437
4441
4437
4564
4440
7467
4440
4444
7471
4446
7469
4443
7468
4443
4445
7512
4446
7469
4446
4450
4446
4573
4449
7470
4449
4453
7474
4455
7472
4452
7471
4452
4454
7515
4455
7472
4455
4459
4455
4582
4458
7473
4458
4462
7477
4464
7475
4461
7474
4461
4463
7518
4464
7475
4464
4468
4464
4591
4467
7476
4467
4471
7480
4473
7478
4470
7477
4470
4472
7521
4473
7478
4473
4477
4473
4600
4476
7479
4476
4480
7483
4482
7481
4479
7480
4479
4481
7524
4482
7481
4482
4486
4482
4609
4485
7482
4485
4489
7486
4491
7484
4488
7483
4488
4490
7527
4491
7484
4491
4495
4491
4618
4494
7485
4494
4498
7489
4500
7487
4497
7486
4497
4499
7530
4500
7487
4500
4504
4500
4627
4503
7488
4503
4507
7492
4509
7490
4506
7489
4506
4508
7533
4509
7490
4509
4513
4509
4636
4512
7491
4512
4516
7495
4518
7493
4515
7492
4515
4517
7536
4518
7493
4518
4522
4518
4645
4521
7494
4521
4525
7498
4527
7496
4524
7495
4524
4526
7539
4527
7496
4527
4531
4527
4654
4530
7497
4530
4534
7501
4536
7499
4533
7498
4533
4535
7542
4536
7499
4536
4540
4536
4663
4539
7500
4539
4543
7504
4545
7502
4542
7501
4542
4544
7545
4545
7502
4545
4549
4545
4672
4548
7503
4548
4552
4554
7505
4551
7504
4551
4553
7548
4554
7505
4554
4554
4681
4557
7507
4557
4561
7510
4563
7508
4560
4560
4562
7552
4563
7508
4563
4567
4563
4690
4566
7509
4566
4570
7513
4572
7511
4569
7510
4569
4571
7554
4572
7511
4572
4576
4572
4699
4575
7512
4575
4579
7516
4581
7514
4578
7513
4578
4580
7557
4581
7514
4581
4585
4581
4708
4584
7515
4584
4588
7519
4590
7517
4587
7516
4587
4589
7560
4590
7517
4590
4594
4590
4717
4593
7518
4593
4597
7522
4599
7520
4596
7519
4596
4598
7563
4599
7520
4599
4603
4599
4726
4602
7521
4602
4606
7525
4608
7523
4605
7522
4605
4607
7566
4608
7523
4608
4612
4608
4735
4611
7524
4611
4615
7528
4617
7526
4614
7525
4614
4616
7569
4617
7526
4617
4621
4617
4744
4620
7527
4620
4624
7531
4626
7529
4623
7528
4623
4625
7572
4626
7529
4626
4630
4626
4753
4629
7530
4629
4633
7534
4635
7532
4632
7531
4632
4634
7575
4635
7532
4635
4639
4635
4762
4638
7533
4638
4642
7537
4644
7535
4641
7534
4641
4643
7578
4644
7535
4644
4648
4644
4771
4647
7536
4647
4651
7540
4653
7538
4650
7537
4650
4652
7581
4653
7538
4653
4657
4653
4780
4656
7539
4656
4660
7543
4662
7541
4659
7540
4659
4661
7584
4662
7541
4662
4666
4662
4789
4665
7542
4665
4669
7546
4671
7544
4668
7543
4668
4670
7587
4671
7544
4671
4675
4671
4798
4674
7545
4674
4678
7549
4680
7547
4677
7546
4677
4679
7590
4680
7547
4680
4684
4680
4807
4683
7548
4683
4687
4689
7550
4686
7549
4686
4688
7593
4689
7550
4689
4689
4816
4692
7552
4692
4696
7555
4698
7553
4695
4695
4697
7597
4698
7553
4698
4702
4698
4825
4701
7554
4701
4705
7558
4707
7556
4704
7555
4704
4706
7599
4707
7556
4707
4711
4707
4834
4710
7557
4710
4714
7561
4716
7559
4713
7558
4713
4715
7602
4716
7559
4716
4720
4716
4843
4719
7560
4719
4723
7564
4725
7562
4722
7561
4722
4724
7605
4725
7562
4725
4729
4725
4852
4728
7563
4728
4732
7567
4734
7565
4731
7564
4731
4733
7608
4734
7565
4734
4738
4734
4861
4737
7566
4737
4741
7570
4743
7568
4740
7567
4740
4742
7611
4743
7568
4743
4747
4743
4870
4746
7569
4746
4750
7573
4752
7571
4749
7570
4749
4751
7614
4752
7571
4752
4756
4752
4879
4755
7572
4755
4759
7576
4761
7574
4758
7573
4758
4760
7617
4761
7574
4761
4765
4761
4888
4764
7575
4764
4768
7579
4770
7577
4767
7576
4767
4769
7620
4770
7577
4770
4774
4770
4897
4773
7578
4773
4777
7582
4779
7580
4776
7579
4776
4778
7623
4779
7580
4779
4783
4779
4906
4782
7581
4782
4786
7585
4788
7583
4785
7582
4785
4787
7626
4788
7583
4788
4792
4788
4915
4791
7584
4791
4795
7588
4797
7586
4794
7585
4794
4796
7629
4797
7586
4797
4801
4797
4924
4800
7587
4800
4804
7591
4806
7589
4803
7588
4803
4805
7632
4806
7589
4806
4810
4806
4933
4809
7590
4809
4813
7594
4815
7592
4812
7591
4812
4814
7635
4815
7592
4815
4819
4815
4942
4818
7593
4818
4822
4824
7595
4821
7594
4821
4823
6768
4824
7595
4824
4824
4827
7597
4827
4831
7600
4833
7598
4830
4830
4832
7639
4833
7598
4833
4837
4833
4951
4836
7599
4836
4840
7603
4842
7601
4839
7600
4839
4841
7641
4842
7601
4842
4846
4842
4960
4845
7602
4845
4849
7606
4851
7604
4848
7603
4848
4850
7644
4851
7604
4851
4855
4851
4969
4854
7605
4854
4858
7609
4860
7607
4857
7606
4857
4859
7647
4860
7607
4860
4864
4860
4978
4863
7608
4863
4867
7612
4869
7610
4866
7609
4866
4868
7650
4869
7610
4869
4873
4869
4987
4872
7611
4872
4876
7615
4878
7613
4875
7612
4875
4877
7653
4878
7613
4878
4882
4878
4996
4881
7614
4881
4885
7618
4887
7616
4884
7615
4884
4886
7656
4887
7616
4887
4891
4887
5005
4890
7617
4890
4894
7621
4896
7619
4893
7618
4893
4895
7659
4896
7619
4896
4900
4896
5014
4899
7620
4899
4903
7624
4905
7622
4902
7621
4902
4904
7662
4905
7622
4905
4909
4905
5023
4908
7623
4908
4912
7627
4914
7625
4911
7624
4911
4913
7665
4914
7625
4914
4918
4914
5032
4917
7626
4917
4921
7630
4923
7628
4920
7627
4920
4922
7668
4923
7628
4923
4927
4923
5041
4926
7629
4926
4930
7633
4932
7631
4929
7630
4929
4931
7671
4932
7631
4932
4936
4932
5050
4935
7632
4935
4939
7636
4941
7634
4938
7633
4938
4940
7674
4941
7634
4941
4945
4941
5059
4944
7635
4944
4948
6769
4950
7637
4947
7636
4947
4949
6771
4950
7637
4950
4950
4953
7639
4953
4957
7642
4959
7640
4956
4956
4958
7678
4959
7640
4959
4963
4959
5068
4962
7641
4962
4966
7645
4968
7643
4965
7642
4965
4967
7680
4968
7643
4968
4972
4968
5077
4971
7644
4971
4975
7648
4977
7646
4974
7645
4974
4976
7683
4977
7646
4977
4981
4977
5086
4980
7647
4980
4984
7651
4986
7649
4983
7648
4983
4985
7686
4986
7649
4986
4990
4986
5095
4989
7650
4989
4993
7654
4995
7652
4992
7651
4992
4994
7689
4995
7652
4995
4999
4995
5104
4998
7653
4998
5002
7657
5004
7655
5001
7654
5001
5003
7692
5004
7655
5004
5008
5004
5113
5007
7656
5007
5011
7660
5013
7658
5010
7657
5010
5012
7695
5013
7658
5013
5017
5013
5122
5016
7659
5016
5020
7663
5022
7661
5019
7660
5019
5021
7698
5022
7661
5022
5026
5022
5131
5025
7662
5025
5029
7666
5031
7664
5028
7663
5028
5030
7701
5031
7664
5031
5035
5031
5140
5034
7665
5034
5038
7669
5040
7667
5037
7666
5037
5039
7704
5040
7667
5040
5044
5040
5149
5043
7668
5043
5047
7672
5049
7670
5046
7669
5046
5048
7707
5049
7670
5049
5053
5049
5158
5052
7671
5052
5056
7675
5058
7673
5055
7672
5055
5057
7710
5058
7673
5058
5062
5058
5167
5061
7674
5061
5065
6772
5067
7676
5064
7675
5064
5066
6777
5067
7676
5067
5067
5070
7678
5070
5074
7681
5076
7679
5073
5073
5075
7714
5076
7679
5076
5080
5076
5176
5079
7680
5079
5083
7684
5085
7682
5082
7681
5082
5084
7716
5085
7682
5085
5089
5085
5185
5088
7683
5088
5092
7687
5094
7685
5091
7684
5091
5093
7719
5094
7685
5094
5098
5094
5194
5097
7686
5097
5101
7690
5103
7688
5100
7687
5100
5102
7722
5103
7688
5103
5107
5103
5203
5106
7689
5106
5110
7693
5112
7691
5109
7690
5109
5111
7725
5112
7691
5112
5116
5112
5212
5115
7692
5115
5119
7696
5121
7694
5118
7693
5118
5120
7728
5121
7694
5121
5125
5121
5221
5124
7695
5124
5128
7699
5130
7697
5127
7696
5127
5129
7731
5130
7697
5130
5134
5130
5230
5133
7698
5133
5137
7702
5139
7700
5136
7699
5136
5138
7734
5139
7700
5139
5143
5139
5239
5142
7701
5142
5146
7705
5148
7703
5145
7702
5145
5147
7737
5148
7703
5148
5152
5148
5248
5151
7704
5151
5155
7708
5157
7706
5154
7705
5154
5156
7740
5157
7706
5157
5161
5157
5257
5160
7707
5160
5164
7711
5166
7709
5163
7708
5163
5165
7743
5166
7709
5166
5170
5166
5266
5169
7710
5169
5173
6778
5175
7712
5172
7711
5172
5174
7746
5175
7712
5175
5175
5275
5178
7714
5178
5182
7717
5184
7715
5181
5181
5183
7750
5184
7715
5184
5188
5184
5284
5187
7716
5187
5191
7720
5193
7718
5190
7717
5190
5192
7752
5193
7718
5193
5197
5193
5293
5196
7719
5196
5200
7723
5202
7721
5199
7720
5199
5201
7755
5202
7721
5202
5206
5202
5302
5205
7722
5205
5209
7726
5211
7724
5208
7723
5208
5210
7758
5211
7724
5211
5215
5211
5311
5214
7725
5214
5218
7729
5220
7727
5217
7726
5217
5219
7761
5220
7727
5220
5224
5220
5320
5223
7728
5223
5227
7732
5229
7730
5226
7729
5226
5228
7764
5229
7730
5229
5233
5229
5329
5232
7731
5232
5236
7735
5238
7733
5235
7732
5235
5237
7767
5238
7733
5238
5242
5238
5338
5241
7734
5241
5245
7738
5247
7736
5244
7735
5244
5246
7770
5247
7736
5247
5251
5247
5347
5250
7737
5250
5254
7741
5256
7739
5253
7738
5253
5255
7773
5256
7739
5256
5260
5256
5356
5259
7740
5259
5263
7744
5265
7742
5262
7741
5262
5264
7776
5265
7742
5265
5269
5265
5365
5268
7743
5268
5272
7747
5274
7745
5271
7744
5271
5273
7779
5274
7745
5274
5278
5274
5374
5277
7746
5277
5281
6787
5283
7748
5280
7747
5280
5282
6795
5283
7748
5283
5283
5286
7750
5286
5290
7753
5292
7751
5289
5289
5291
7783
5292
7751
5292
5296
5292
5383
5295
7752
5295
5299
7756
5301
7754
5298
7753
5298
5300
7785
5301
7754
5301
5305
5301
5392
5304
7755
5304
5308
7759
5310
7757
5307
7756
5307
5309
7788
5310
7757
5310
5314
5310
5401
5313
7758
5313
5317
7762
5319
7760
5316
7759
5316
5318
7791
5319
7760
5319
5323
5319
5410
5322
7761
5322
5326
7765
5328
7763
5325
7762
5325
5327
7794
5328
7763
5328
5332
5328
5419
5331
7764
5331
5335
7768
5337
7766
5334
7765
5334
5336
7797
5337
7766
5337
5341
5337
5428
5340
7767
5340
5344
7771
5346
7769
5343
7768
5343
5345
7800
5346
7769
5346
5350
5346
5437
5349
7770
5349
5353
7774
5355
7772
5352
7771
5352
5354
7803
5355
7772
5355
5359
5355
5446
5358
7773
5358
5362
7777
5364
7775
5361
7774
5361
5363
7806
5364
7775
5364
5368
5364
5455
5367
7776
5367
5371
7780
5373
7778
5370
7777
5370
5372
7809
5373
7778
5373
5377
5373
5464
5376
7779
5376
5380
6796
5382
7781
5379
7780
5379
5381
7812
5382
7781
5382
5382
5473
5385
7783
5385
5389
7786
5391
7784
5388
5388
5390
7816
5391
7784
5391
5395
5391
5482
5394
7785
5394
5398
7789
5400
7787
5397
7786
5397
5399
7818
5400
7787
5400
5404
5400
5491
5403
7788
5403
5407
7792
5409
7790
5406
7789
5406
5408
7821
5409
7790
5409
5413
5409
5500
5412
7791
5412
5416
7795
5418
7793
5415
7792
5415
5417
7824
5418
7793
5418
5422
5418
5509
5421
7794
5421
5425
7798
5427
7796
5424
7795
5424
5426
7827
5427
7796
5427
5431
5427
5518
5430
7797
5430
5434
7801
5436
7799
5433
7798
5433
5435
7830
5436
7799
5436
5440
5436
5527
5439
7800
5439
5443
7804
5445
7802
5442
7801
5442
5444
7833
5445
7802
5445
5449
5445
5536
5448
7803
5448
5452
7807
5454
7805
5451
7804
5451
5453
7836
5454
7805
5454
5458
5454
5545
5457
7806
5457
5461
7810
5463
7808
5460
7807
5460
5462
7839
5463
7808
5463
5467
5463
5554
5466
7809
5466
5470
7813
5472
7811
5469
7810
5469
5471
7842
5472
7811
5472
5476
5472
5563
5475
7812
5475
5479
6808
5481
7814
5478
7813
5478
5480
6819
5481
7814
5481
5481
5484
7816
5484
5488
7819
5490
7817
5487
5487
5489
7846
5490
7817
5490
5494
5490
5572
5493
7818
5493
5497
7822
5499
7820
5496
7819
5496
5498
7848
5499
7820
5499
5503
5499
5581
5502
7821
5502
5506
7825
5508
7823
5505
7822
5505
5507
7851
5508
7823
5508
5512
5508
5590
5511
7824
5511
5515
7828
5517
7826
5514
7825
5514
5516
7854
5517
7826
5517
5521
5517
5599
5520
7827
5520
5524
7831
5526
7829
5523
7828
5523
5525
7857
5526
7829
5526
5530
5526
5608
5529
7830
5529
5533
7834
5535
7832
5532
7831
5532
5534
7860
5535
7832
5535
5539
5535
5617
5538
7833
5538
5542
7837
5544
7835
5541
7834
5541
5543
7863
5544
7835
5544
5548
5544
5626
5547
7836
5547
5551
7840
5553
7838
5550
7837
5550
5552
7866
5553
7838
5553
5557
5553
5635
5556
7839
5556
5560
7843
5562
7841
5559
7840
5559
5561
7869
5562
7841
5562
5566
5562
5644
5565
7842
5565
5569
6820
5571
7844
5568
7843
5568
5570
7872
5571
7844
5571
5571
5653
5574
7846
5574
5578
7849
5580
7847
5577
5577
5579
7876
5580
7847
5580
5584
5580
5662
5583
7848
5583
5587
7852
5589
7850
5586
7849
5586
5588
7878
5589
7850
5589
5593
5589
5671
5592
7851
5592
5596
7855
5598
7853
5595
7852
5595
5597
7881
5598
7853
5598
5602
5598
5680
5601
7854
5601
5605
7858
5607
7856
5604
7855
5604
5606
7884
5607
7856
5607
5611
5607
5689
5610
7857
5610
5614
7861
5616
7859
5613
7858
5613
5615
7887
5616
7859
5616
5620
5616
5698
5619
7860
5619
5623
7864
5625
7862
5622
7861
5622
5624
7890
5625
7862
5625
5629
5625
5707
5628
7863
5628
5632
7867
5634
7865
5631
7864
5631
5633
7893
5634
7865
5634
5638
5634
5716
5637
7866
5637
5641
7870
5643
7868
5640
7867
5640
5642
7896
5643
7868
5643
5647
5643
5725
5646
7869
5646
5650
7873
5652
7871
5649
7870
5649
5651
7899
5652
7871
5652
5656
5652
5734
5655
7872
5655
5659
6835
5661
7874
5658
7873
5658
5660
7902
5661
7874
5661
5661
5743
5664
7876
5664
5668
7879
5670
7877
5667
5667
5669
7906
5670
7877
5670
5674
5670
5752
5673
7878
5673
5677
7882
5679
7880
5676
7879
5676
5678
7908
5679
7880
5679
5683
5679
5761
5682
7881
5682
5686
7885
5688
7883
5685
7882
5685
5687
7911
5688
7883
5688
5692
5688
5770
5691
7884
5691
5695
7888
5697
7886
5694
7885
5694
5696
7914
5697
7886
5697
5701
5697
5779
5700
7887
5700
5704
7891
5706
7889
5703
7888
5703
5705
7917
5706
7889
5706
5710
5706
5788
5709
7890
5709
5713
7894
5715
7892
5712
7891
5712
5714
7920
5715
7892
5715
5719
5715
5797
5718
7893
5718
5722
7897
5724
7895
5721
7894
5721
5723
7923
5724
7895
5724
5728
5724
5806
5727
7896
5727
5731
7900
5733
7898
5730
7897
5730
5732
7926
5733
7898
5733
5737
5733
5815
5736
7899
5736
5740
7903
5742
7901
5739
7900
5739
5741
7929
5742
7901
5742
5746
5742
5824
5745
7902
5745
5749
6850
5751
7904
5748
7903
5748
5750
6864
5751
7904
5751
5751
5754
7906
5754
5758
7909
5760
7907
5757
5757
5759
7933
5760
7907
5760
5764
5760
5833
5763
7908
5763
5767
7912
5769
7910
5766
7909
5766
5768
7935
5769
7910
5769
5773
5769
5842
5772
7911
5772
5776
7915
5778
7913
5775
7912
5775
5777
7938
5778
7913
5778
5782
5778
5851
5781
7914
5781
5785
7918
5787
7916
5784
7915
5784
5786
7941
5787
7916
5787
5791
5787
5860
5790
7917
5790
5794
7921
5796
7919
5793
7918
5793
5795
7944
5796
7919
5796
5800
5796
5869
5799
7920
5799
5803
7924
5805
7922
5802
7921
5802
5804
7947
5805
7922
5805
5809
5805
5878
5808
7923
5808
5812
7927
5814
7925
5811
7924
5811
5813
7950
5814
7925
5814
5818
5814
5887
5817
7926
5817
5821
7930
5823
7928
5820
7927
5820
5822
7953
5823
7928
5823
5827
5823
5896
5826
7929
5826
5830
6865
5832
7931
5829
7930
5829
5831
7956
5832
7931
5832
5832
5905
5835
7933
5835
5839
7936
5841
7934
5838
5838
5840
7960
5841
7934
5841
5845
5841
5914
5844
7935
5844
5848
7939
5850
7937
5847
7936
5847
5849
7962
5850
7937
5850
5854
5850
5923
5853
7938
5853
5857
7942
5859
7940
5856
7939
5856
5858
7965
5859
7940
5859
5863
5859
5932
5862
7941
5862
5866
7945
5868
7943
5865
7942
5865
5867
7968
5868
7943
5868
5872
5868
5941
5871
7944
5871
5875
7948
5877
7946
5874
7945
5874
5876
7971
5877
7946
5877
5881
5877
5950
5880
7947
5880
5884
7951
5886
7949
5883
7948
5883
5885
7974
5886
7949
5886
5890
5886
5959
5889
7950
5889
5893
7954
5895
7952
5892
7951
5892
5894
7977
5895
7952
5895
5899
5895
5968
5898
7953
5898
5902
7957
5904
7955
5901
7954
5901
5903
7980
5904
7955
5904
5908
5904
5977
5907
7956
5907
5911
6883
5913
7958
5910
7957
5910
5912
6900
5913
7958
5913
5913
5916
7960
5916
5920
7963
5922
7961
5918
7983
5919
5921
7984
5922
7961
5922
5926
5922
5986
5925
7962
5925
5929
7966
5931
7964
5928
7963
5928
5930
7986
5931
7964
5931
5935
5931
5995
5934
7965
5934
5938
7969
5940
7967
5937
7966
5937
5939
7989
5940
7967
5940
5944
5940
6004
5943
7968
5943
5947
7972
5949
7970
5946
7969
5946
5948
7992
5949
7970
5949
5953
5949
6013
5952
7971
5952
5956
7975
5958
7973
5955
7972
5955
5957
7995
5958
7973
5958
5962
5958
6022
5961
7974
5961
5965
7978
5967
7976
5964
7975
5964
5966
7998
5967
7976
5967
5971
5967
6031
5970
7977
5970
5974
7981
5976
7979
5973
7978
5973
5975
8001
5976
7979
5976
5980
5976
6040
5979
7980
5979
5983
6901
5985
7982
5982
7981
5982
5984
6921
5985
7982
5985
5985
5988
7984
5988
5992
7987
5994
7985
5991
7213
7220
5991
5993
6635
7220
5994
7985
5994
5998
5994
5997
7986
5997
6001
7990
6003
7988
6000
7987
6000
6002
6638
6003
7988
6003
6007
6003
6006
7989
6006
6010
7993
6012
7991
6009
7990
6009
6011
6624
6012
7991
6012
6016
6012
6015
7992
6015
6019
7996
6021
7994
6018
7993
6018
6020
6662
6021
7994
6021
6025
6021
6024
7995
6024
6028
7999
6030
7997
6027
7996
6027
6029
6665
6030
7997
6030
6034
6030
6033
7998
6033
6037
8002
6039
8000
6036
7999
6036
6038
6668
6039
8000
6039
6043
6039
6042
8001
6042
6046
6922
6048
8003
6045
8002
6045
6047
6945
6048
8003
6048
6048
6063
6064
6066
6067
6069
6070
6072
6073
6075
6076
6078
6079
6081
6082
8343
6084
6085
6089
6090
6092
6093
6095
6096
6098
6099
6062
9056
9090
6065
6065
6068
6068
6071
6071
6074
6074
6077
6077
6080
6080
6083
6083
8526
6086
6086
6088
9067
9121
6091
6091
6094
6094
6097
6097
6100
6100
8643
6108
6109
6111
6112
6114
6115
6117
6118
6120
6121
6123
6124
6126
6127
6110
6110
6113
6113
6116
6116
6119
6119
6122
6122
6125
6125
6128
6128
6130
9179
9190
6140
6141
6143
6144
6146
6147
6149
6150
6152
6153
6155
6156
6158
6493
6159
6160
6162
6504
6142
6142
6145
6145
6148
6148
6151
6151
6154
6154
6157
6157
6494
6161
6161
6505
6171
6172
6174
6175
6177
6178
6180
6181
6183
6184
6170
8932
9220
6170
8856
9220
6173
6173
6176
6176
6179
6179
6182
6182
6185
6185
6189
6190
6192
6193
6195
6196
6191
6191
6194
6194
6197
6197
6202
6203
6207
6208
6210
6211
6213
6214
6204
6204
6206
8891
9229
9237
6209
6209
6212
6212
6215
6215
6220
6221
6223
6224
6226
6227
6229
6230
6222
6222
6225
6225
6228
6228
6231
6231
6233
6234
6235
6235
6263
6264
6266
6267
6269
6270
6272
6273
6275
6276
6278
6279
6281
6282
6284
6285
6287
6288
6290
6291
6293
6294
6296
6297
6299
6300
6302
6303
6305
6306
6308
6309
6311
6312
6314
6315
6256
6256
6258
6259
6261
6262
6265
6265
6268
6268
6271
6271
6274
6274
6277
6277
6280
6280
6283
6283
6286
6286
6289
6289
6292
6292
6295
6295
6298
6298
6301
6301
6304
6304
6307
6307
6310
6310
6313
6313
6316
6316
6351
6352
6354
6355
6357
6358
6360
6361
6363
6364
6366
6367
6369
6370
6372
6373
6375
6376
6378
6379
6381
6382
6384
6385
6387
6388
6390
6391
6393
6394
6396
6397
6399
6400
6402
6403
6405
6406
6408
6409
6411
6412
6414
6415
6417
6418
6420
6421
6423
6424
6426
6427
6429
6430
6432
6433
6435
6436
6438
6439
6441
6442
6444
6445
6447
6448
6450
6451
6353
6353
6356
6356
6359
6359
6362
6362
6365
6365
6368
6368
6371
6371
6374
6374
6377
6377
6380
6380
6383
6383
6386
6386
6389
6389
6392
6392
6395
6395
6398
6398
6401
6401
6404
6404
6407
6407
6410
6410
6413
6413
6416
6416
6419
6419
6422
6422
6425
6425
6428
6428
6431
6431
6434
6434
6437
6437
6440
6440
6443
6443
6446
6446
6449
6449
6452
6452
6461
6462
8935
6464
6465
8937
6467
6468
6470
6471
6458
9180
9191
6460
9249
9250
6463
6463
8940
6466
6466
6469
6469
6472
6472
6495
6496
6498
6499
6501
6502
6506
6507
6509
6510
6512
6513
6515
6516
6518
6519
6521
6522
6524
6525
6527
6528
6530
6531
6533
6534
6536
6537
6539
6540
6542
6543
6545
6546
6548
6549
6551
6552
6554
6555
6494
6497
6497
6500
6500
6503
6503
6505
6508
6508
6511
6511
6514
6514
6517
6517
6520
6520
6523
6523
6526
6526
6529
6529
6532
6532
6535
6535
6538
6538
6541
6541
6544
6544
6547
6547
6550
6550
6553
6553
6556
6556
6561
6562
6566
6567
6569
6570
6572
6573
6563
6563
6565
8962
9218
9255
6568
6568
6571
6571
6574
6574
6578
6579
6581
6582
6584
6585
6580
6580
6583
6583
6586
6586
6593
6594
6596
6597
6599
6600
6602
6603
6605
6606
6608
6609
6595
6595
6598
6598
6601
6601
6604
6604
6607
6607
6610
6610
6620
6623
6624
6622
6626
6627
6621
6623
6629
6630
6632
6633
6635
6636
7220
6638
6639
6641
6642
6644
6645
6625
6625
6628
6628
6631
6631
6634
6634
6637
6637
6640
6640
6643
6643
6646
6646
6662
6663
6665
6666
6668
6669
6671
6672
6674
6675
6677
6678
6680
6681
6683
6684
6686
6687
6689
6690
6692
6693
6695
6696
6698
6699
6701
6702
6704
6705
6664
6664
6667
6667
6670
6670
6673
6673
6676
6676
6679
6679
6682
6682
6685
6685
6688
6688
6691
6691
6694
6694
6697
6697
6700
6700
6703
6703
6706
6706
6768
6769
6771
6772
6774
6775
6777
6778
6780
6781
6783
6784
6786
6787
6789
6790
6792
6793
6795
6796
6798
6799
6801
6802
6804
6805
6807
6808
6810
6811
6813
6814
6816
6817
6819
6820
6822
6823
6825
6826
6828
6829
6831
6832
6834
6835
6837
6838
6840
6841
6843
6844
6846
6847
6849
6850
6852
6853
6855
6856
6858
6859
6861
6862
6864
6865
6867
6868
6870
6871
6873
6874
6876
6877
6879
6880
6882
6883
6885
6886
6888
6889
6891
6892
6894
6895
6897
6898
6900
6901
6903
6904
6906
6907
6909
6910
6912
6913
6915
6916
6918
6919
6921
6922
6924
6925
6927
6928
6930
6931
6933
6934
6936
6937
6939
6940
6942
6943
6945
6946
6973
6974
6770
6770
6773
6773
6776
6776
6779
6779
6782
6782
6785
6785
6788
6788
6791
6791
6794
6794
6797
6797
6800
6800
6803
6803
6806
6806
6809
6809
6812
6812
6815
6815
6818
6818
6821
6821
6824
6824
6827
6827
6830
6830
6833
6833
6836
6836
6839
6839
6842
6842
6845
6845
6848
6848
6851
6851
6854
6854
6857
6857
6860
6860
6863
6863
6866
6866
6869
6869
6872
6872
6875
6875
6878
6878
6881
6881
6884
6884
6887
6887
6890
6890
6893
6893
6896
6896
6899
6899
6902
6902
6905
6905
6908
6908
6911
6911
6914
6914
6917
6917
6920
6920
6923
6923
6926
6926
6929
6929
6932
6932
6935
6935
6938
6938
6941
6941
6944
6944
6947
6947
6949
6950
6952
6953
6955
6956
6958
6959
6961
6962
6964
6965
6967
6968
6970
6972
6971
6972
6975
6975
7221
7222
7224
7225
7227
7228
7230
7231
7233
7234
7236
7237
7239
7240
7242
7243
7245
7246
7248
7249
7251
7252
7254
7255
7257
7258
7260
7261
7263
7264
7266
7267
7269
7270
7272
7273
7275
7276
7278
7279
7213
7220
7284
7285
7287
7288
7290
7291
7293
7294
7296
7297
7299
7300
7302
7303
7305
7306
7308
7309
7311
7312
7314
7315
7317
7318
7320
7321
7323
7324
7329
7330
7332
7333
7335
7336
7338
7339
7341
7342
7344
7345
7347
7348
7350
7351
7353
7354
7356
7357
7359
7360
7362
7363
7365
7366
7368
7369
7374
7375
7377
7378
7380
7381
7383
7384
7386
7387
7389
7390
7392
7393
7395
7396
7398
7399
7401
7402
7404
7405
7407
7408
7410
7411
7413
7414
7419
7420
7422
7423
7425
7426
7428
7429
7431
7432
7434
7435
7437
7438
7440
7441
7443
7444
7446
7447
7449
7450
7452
7453
7455
7456
7458
7459
7464
7465
7467
7468
7470
7471
7473
7474
7476
7477
7479
7480
7482
7483
7485
7486
7488
7489
7491
7492
7494
7495
7497
7498
7500
7501
7503
7504
7509
7510
7512
7513
7515
7516
7518
7519
7521
7522
7524
7525
7527
7528
7530
7531
7533
7534
7536
7537
7539
7540
7542
7543
7545
7546
7548
7549
7554
7555
7557
7558
7560
7561
7563
7564
7566
7567
7569
7570
7572
7573
7575
7576
7578
7579
7581
7582
7584
7585
7587
7588
7590
7591
7593
7594
7599
7600
7602
7603
7605
7606
7608
7609
7611
7612
7614
7615
7617
7618
7620
7621
7623
7624
7626
7627
7629
7630
7632
7633
7635
7636
7641
7642
7644
7645
7647
7648
7650
7651
7653
7654
7656
7657
7659
7660
7662
7663
7665
7666
7668
7669
7671
7672
7674
7675
7680
7681
7683
7684
7686
7687
7689
7690
7692
7693
7695
7696
7698
7699
7701
7702
7704
7705
7707
7708
7710
7711
7716
7717
7719
7720
7722
7723
7725
7726
7728
7729
7731
7732
7734
7735
7737
7738
7740
7741
7743
7744
7746
7747
7752
7753
7755
7756
7758
7759
7761
7762
7764
7765
7767
7768
7770
7771
7773
7774
7776
7777
7779
7780
7785
7786
7788
7789
7791
7792
7794
7795
7797
7798
7800
7801
7803
7804
7806
7807
7809
7810
7812
7813
7818
7819
7821
7822
7824
7825
7827
7828
7830
7831
7833
7834
7836
7837
7839
7840
7842
7843
7848
7849
7851
7852
7854
7855
7857
7858
7860
7861
7863
7864
7866
7867
7869
7870
7872
7873
7878
7879
7881
7882
7884
7885
7887
7888
7890
7891
7893
7894
7896
7897
7899
7900
7902
7903
7908
7909
7911
7912
7914
7915
7917
7918
7920
7921
7923
7924
7926
7927
7929
7930
7935
7936
7938
7939
7941
7942
7944
7945
7947
7948
7950
7951
7953
7954
7956
7957
7962
7963
7965
7966
7968
7969
7971
7972
7974
7975
7977
7978
7980
7981
7983
7985
7986
7987
7989
7990
7992
7993
7995
7996
7998
7999
8001
8002
7223
7223
7226
7226
7229
7229
7232
7232
7235
7235
7238
7238
7241
7241
7244
7244
7247
7247
7250
7250
7253
7253
7256
7256
7259
7259
7262
7262
7265
7265
7268
7268
7271
7271
7274
7274
7277
7277
7280
7280
7282
7283
7286
7286
7289
7289
7292
7292
7295
7295
7298
7298
7301
7301
7304
7304
7307
7307
7310
7310
7313
7313
7316
7316
7319
7319
7322
7322
7325
7325
7327
7328
7331
7331
7334
7334
7337
7337
7340
7340
7343
7343
7346
7346
7349
7349
7352
7352
7355
7355
7358
7358
7361
7361
7364
7364
7367
7367
7370
7370
7372
7373
7376
7376
7379
7379
7382
7382
7385
7385
7388
7388
7391
7391
7394
7394
7397
7397
7400
7400
7403
7403
7406
7406
7409
7409
7412
7412
7415
7415
7417
7418
7421
7421
7424
7424
7427
7427
7430
7430
7433
7433
7436
7436
7439
7439
7442
7442
7445
7445
7448
7448
7451
7451
7454
7454
7457
7457
7460
7460
7462
7463
7466
7466
7469
7469
7472
7472
7475
7475
7478
7478
7481
7481
7484
7484
7487
7487
7490
7490
7493
7493
7496
7496
7499
7499
7502
7502
7505
7505
7507
7508
7511
7511
7514
7514
7517
7517
7520
7520
7523
7523
7526
7526
7529
7529
7532
7532
7535
7535
7538
7538
7541
7541
7544
7544
7547
7547
7550
7550
7552
7553
7556
7556
7559
7559
7562
7562
7565
7565
7568
7568
7571
7571
7574
7574
7577
7577
7580
7580
7583
7583
7586
7586
7589
7589
7592
7592
7595
7595
7597
7598
7601
7601
7604
7604
7607
7607
7610
7610
7613
7613
7616
7616
7619
7619
7622
7622
7625
7625
7628
7628
7631
7631
7634
7634
7637
7637
7639
7640
7643
7643
7646
7646
7649
7649
7652
7652
7655
7655
7658
7658
7661
7661
7664
7664
7667
7667
7670
7670
7673
7673
7676
7676
7678
7679
7682
7682
7685
7685
7688
7688
7691
7691
7694
7694
7697
7697
7700
7700
7703
7703
7706
7706
7709
7709
7712
7712
7714
7715
7718
7718
7721
7721
7724
7724
7727
7727
7730
7730
7733
7733
7736
7736
7739
7739
7742
7742
7745
7745
7748
7748
7750
7751
7754
7754
7757
7757
7760
7760
7763
7763
7766
7766
7769
7769
7772
7772
7775
7775
7778
7778
7781
7781
7783
7784
7787
7787
7790
7790
7793
7793
7796
7796
7799
7799
7802
7802
7805
7805
7808
7808
7811
7811
7814
7814
7816
7817
7820
7820
7823
7823
7826
7826
7829
7829
7832
7832
7835
7835
7838
7838
7841
7841
7844
7844
7846
7847
7850
7850
7853
7853
7856
7856
7859
7859
7862
7862
7865
7865
7868
7868
7871
7871
7874
7874
7876
7877
7880
7880
7883
7883
7886
7886
7889
7889
7892
7892
7895
7895
7898
7898
7901
7901
7904
7904
7906
7907
7910
7910
7913
7913
7916
7916
7919
7919
7922
7922
7925
7925
7928
7928
7931
7931
7933
7934
7937
7937
7940
7940
7943
7943
7946
7946
7949
7949
7952
7952
7955
7955
7958
7958
7960
7961
7964
7964
7967
7967
7970
7970
7973
7973
7976
7976
7979
7979
7982
7982
7984
7985
7988
7988
7991
7991
7994
7994
7997
7997
8000
8000
8003
8003
8040
8208
8209
8007
8008
8042
8009
8010
8046
8041
8217
8043
8217
8251
8011
8044
8011
8047
8266
8045
8267
8029
8030
8032
8067
8014
8049
8061
8287
8048
8064
8288
8016
8049
8244
8287
8020
8050
8300
8018
8019
8051
8062
8020
8050
8065
8020
8021
8245
8301
8022
8051
8248
8026
8052
8308
8024
8025
8053
8063
8026
8052
8066
8026
8027
8249
8309
8028
8053
8871
8035
8054
8902
8035
8054
8068
8056
8073
8864
8033
8057
8069
8035
8864
8903
8034
8058
8877
8056
8069
8878
8904
8037
8055
8926
8038
8059
8060
8926
8929
8046
8048
8064
8041
9024
9025
8043
8044
8045
8262
8045
8264
8047
8048
8283
8285
8050
8070
8075
8052
8071
8076
8054
8072
8077
9222
9223
8074
8875
8058
8059
8060
8923
8060
8925
8064
8070
8065
8071
8066
8072
8075
8076
8068
8073
8077
8074
8075
8076
8077
8074
8079
8080
8126
8127
8128
8964
8130
8964
8082
8083
8131
8132
8133
8965
8135
8965
8085
8086
8136
8137
8138
8966
8140
8966
8088
8089
8141
8142
8143
8967
8145
8967
8091
8092
8146
8147
8148
8968
8150
8968
8094
8095
8151
8152
8153
8969
8155
8969
8097
8098
8156
8157
8158
8970
8160
8970
8100
8101
8161
8162
8163
8971
8165
8971
8103
8104
8166
8167
8168
8972
8170
8972
8106
8107
8171
8172
8173
8973
8175
8973
8109
8110
8176
8177
8178
8974
8180
8974
8112
8113
8181
8182
8183
8975
8185
8975
8115
8116
8186
8187
8188
8976
8190
8976
8118
8119
8191
8192
8193
8977
8195
8977
8196
8197
8414
9183
8199
8200
8978
8123
8202
8203
8767
8205
8206
9026
8125
8211
8212
8218
8214
8215
9027
8127
8129
8129
8421
8979
8422
8131
8980
8132
8134
8980
8134
8434
8982
8435
8981
8136
8983
8137
8139
8983
8139
8451
8985
8452
8984
8141
8986
8142
8144
8986
8144
8470
8988
8471
8987
8146
8989
8147
8149
8989
8149
8492
8991
8493
8990
8151
8992
8152
8154
8992
8154
8514
8994
8515
8993
8156
8995
8157
8159
8995
8159
8538
8997
8539
8996
8161
8998
8162
8164
8998
8164
8563
9000
8564
8999
8166
9001
8167
8169
9001
8169
8591
9003
8592
9002
8171
9004
8172
8174
9004
8174
8622
9006
8623
9005
8176
9007
8177
8179
9007
8179
8655
9009
8656
9008
8181
9010
8182
8184
9010
8184
8688
9012
8689
9011
8186
9013
8187
8189
9013
8189
8718
9015
8719
9014
8191
9016
8192
8194
9016
8194
8742
9018
8743
9017
9019
8198
8742
9018
8198
8202
9199
8204
9020
8201
9019
8201
8203
9021
8204
9020
8204
8805
8204
8205
8207
9021
8207
8211
9029
8213
9023
8210
9022
8210
8212
9024
8213
9023
8213
8220
8213
8214
8216
9024
8216
8250
9032
8252
9025
8252
9025
8220
8221
9027
8223
8224
8774
9188
8222
9029
8222
8827
9031
8828
9030
8225
8827
9031
8225
8256
9214
8258
9033
8227
8230
8250
8251
8253
8254
9034
8229
8232
8256
8257
8259
8260
9035
8262
8263
9034
8233
8237
8265
8266
8268
8269
9035
8271
8272
9036
8235
8239
8274
8275
8277
8278
9037
8242
8280
8281
8848
8283
8284
9036
8240
8244
8286
8287
8289
8290
9037
8292
8293
9038
8243
8246
8295
8296
8298
8879
9218
8299
8881
9228
8300
9038
8247
8248
8301
8302
8886
9228
8304
8305
9039
8308
9039
8309
8869
8871
8252
8253
8252
8262
8255
9032
8255
8257
9040
8258
9033
8258
8259
8258
8268
8261
9214
8261
8844
9043
8845
9215
8264
8264
8265
9041
8267
8267
8271
8267
8283
8270
9040
8270
8274
9044
8276
9042
8273
9041
8273
8275
9046
8276
9042
8276
8277
8276
8289
8279
9044
8279
8281
9049
8282
9045
8282
8850
8852
8282
8298
8851
8285
8285
8286
9047
8288
8288
8292
8288
8291
9046
8291
8295
9050
8297
9048
8294
9047
8294
8296
9051
8297
9048
8297
8299
8297
8302
8880
9049
8882
9050
8301
9052
8304
8303
9051
8307
8886
9053
8306
9052
8306
8888
9235
8307
9053
8887
8888
8309
9054
8896
8311
8314
8420
8421
8423
8424
9055
8313
8316
8426
8427
8429
9056
8430
8431
9055
8317
8320
8433
8434
8436
8437
9056
8439
8440
9057
8319
8322
8442
8443
8445
8446
9058
8447
8448
9057
8323
8326
8450
8451
8453
8454
9058
8456
8457
9059
8325
8328
8459
8460
8462
8463
9060
8466
8467
9059
8329
8332
8469
8470
8472
8473
9060
8475
8476
9061
8331
8334
8478
8479
8483
8484
9062
8488
8489
9061
8335
8338
8491
8492
8494
8495
9062
8497
8498
9063
8337
8340
8500
8501
8505
8506
9064
8510
8511
9063
8341
8347
8513
8514
8516
8517
9064
8519
8520
9065
8344
8349
8522
8523
8525
8526
8528
8529
9066
8346
8352
8531
8532
9067
8534
8535
9065
8350
8356
8537
8538
8540
8541
9066
8543
8544
9068
8353
8358
8546
8547
8549
8550
9067
8552
8553
9069
8355
8361
8555
8556
8558
9070
8559
8560
9068
8359
8365
8562
8563
8565
8566
9069
8568
8569
9071
8362
8367
8571
8572
8574
8575
9070
8577
8578
9072
8364
8370
8580
8581
8583
8584
9073
8587
8588
9071
8368
8374
8590
8591
8593
8594
9072
8596
8597
9074
8371
8376
8599
8600
8602
8603
9073
8605
8606
9075
8373
8379
8608
8609
8613
8614
9076
8618
8619
9074
8377
8384
8621
8622
8624
8625
9075
8627
8628
9077
8380
8386
8630
8631
8633
8634
9076
8636
8637
9078
8382
8389
8639
8640
8645
8646
9079
8392
8648
8649
8651
8652
9077
8387
8395
8654
8655
8657
8658
9078
8660
8661
9080
8390
8397
8663
8664
8666
8667
9079
8669
8670
9081
8393
8400
8672
8673
8675
8676
9179
8678
8679
9082
8403
8681
8682
8759
8684
8685
9080
8398
8405
8687
8688
8690
8691
9081
8693
8694
9083
8401
8407
8696
8697
8699
8700
9082
8702
8703
9084
8404
8410
8705
8706
8708
8709
9180
8711
8712
9181
8714
8715
9083
8408
8413
8717
8718
8720
8721
9084
8723
8724
9085
8411
8415
8726
8727
8729
8730
9181
8732
8733
9086
8418
8735
8736
8762
8738
8739
9085
8416
8741
8742
8744
8745
9086
8747
8748
9183
8419
8750
8751
8766
8753
8754
9182
8756
8757
9184
8422
8423
8422
8430
8425
8425
8427
9087
8428
8428
8429
8428
8436
8432
8979
8432
8433
9088
8435
8981
8435
8439
8435
8447
8438
9087
8438
8442
9090
8444
9089
8441
9088
8441
8443
9091
8444
9089
8444
8445
8444
8453
9090
9094
8449
8982
8449
8450
9092
8452
8984
8452
8456
8452
8466
8455
9091
8455
8459
9095
8461
9093
8458
9092
8458
8460
9097
8461
9093
8461
8462
8461
8472
8464
9095
8464
8465
9100
9096
8481
8468
8985
8468
8469
9098
8471
8987
8471
8475
8471
8488
8474
9097
8474
8478
9101
8480
9099
8477
9098
8477
8479
9103
8480
9099
8480
8483
8480
8494
8482
9100
8487
9102
8485
9101
8485
8486
9106
8487
9102
8487
8503
8490
8988
8490
8491
9104
8493
8990
8493
8497
8493
8510
8496
9103
8496
8500
9107
8502
9105
8499
9104
8499
8501
9109
8502
9105
8502
8505
8502
8516
8504
9106
8509
9108
8507
9107
8507
8508
9112
8509
9108
8509
8525
8512
8991
8512
8513
9110
8515
8993
8515
8519
8515
8534
8518
9109
8518
8522
9113
8524
9111
8521
9110
8521
8523
9115
8524
9111
8524
8528
8524
8540
8527
9112
8527
8531
8533
9114
8530
9113
8530
8532
9118
8533
9114
8533
8533
8549
8536
8994
8536
8537
9116
8539
8996
8539
8543
8539
8559
8542
9115
8542
8546
9119
8548
9117
8545
9116
8545
8547
9122
8548
9117
8548
8552
8548
8565
8551
9118
8551
8555
9121
8557
9120
8554
9119
8554
8556
9125
8557
9120
8557
8558
8557
8574
9121
8561
8997
8561
8562
9123
8564
8999
8564
8568
8564
8587
8567
9122
8567
8571
9126
8573
9124
8570
9123
8570
8572
9131
8573
9124
8573
8577
8573
8593
8576
9125
8576
8580
9129
8582
9127
8579
9126
8579
8581
9134
8582
9127
8582
8583
8582
8602
8585
9129
8585
8586
9137
9130
8611
8589
9000
8589
8590
9132
8592
9002
8592
8596
8592
8618
8595
9131
8595
8599
9135
8601
9133
8598
9132
8598
8600
9140
8601
9133
8601
8605
8601
8624
8604
9134
8604
8608
9138
8610
9136
8607
9135
8607
8609
9143
8610
9136
8610
8613
8610
8633
8612
9137
8617
9139
8615
9138
8615
8616
9146
8617
9139
8617
8642
8620
9003
8620
8621
9141
8623
9005
8623
8627
8623
8651
8626
9140
8626
8630
9144
8632
9142
8629
9141
8629
8631
9149
8632
9142
8632
8636
8632
8657
8635
9143
8635
8639
9147
8641
9145
8638
9144
8638
8640
9152
8641
9145
8641
8645
8641
8666
8644
9146
8644
8648
8650
9148
8647
9147
8647
8649
9155
8650
9148
8650
8650
8675
8653
9006
8653
8654
9150
8656
9008
8656
8660
8656
8684
8659
9149
8659
8663
9153
8665
9151
8662
9150
8662
8664
9158
8665
9151
8665
8669
8665
8690
8668
9152
8668
8672
9156
8674
9154
8671
9153
8671
8673
9161
8674
9154
8674
8678
8674
8699
8677
9155
8677
8681
9190
8683
9157
8680
9156
8680
8682
9164
8683
9157
8683
8782
8683
8708
8686
9009
8686
8687
9159
8689
9011
8689
8693
8689
8714
8692
9158
8692
8696
9162
8698
9160
8695
9159
8695
8697
9167
8698
9160
8698
8702
8698
8720
8701
9161
8701
8705
9165
8707
9163
8704
9162
8704
8706
9170
8707
9163
8707
8711
8707
8729
8710
9164
8710
8783
9191
8785
9166
8713
9165
8713
8784
9192
8785
9166
8716
9012
8716
8717
9168
8719
9014
8719
8723
8719
8738
8722
9167
8722
8726
9171
8728
9169
8725
9168
8725
8727
9173
8728
9169
8728
8732
8728
8744
8731
9170
8731
8735
9193
8737
9172
8734
9171
8734
8736
9176
8737
9172
8737
8790
8737
8753
8740
9015
8740
8741
9174
8743
9017
8743
8747
8743
8746
9173
8746
8750
9177
8752
9175
8749
9174
8749
8751
9198
8752
9175
8752
8756
8752
8802
8755
9176
8755
8796
9196
8798
9178
8758
9177
8758
8797
9201
8798
9178
8782
9180
8761
8783
8784
8934
8787
8788
9249
8790
8791
9182
8793
8794
8935
8765
8769
8796
8797
8799
8800
9185
8802
8803
9184
8805
8806
9026
8770
8773
8808
8809
8811
8812
9185
8814
8815
9186
8772
8775
8817
8818
8820
8821
9187
8823
8824
9186
8776
8826
8827
8829
8830
9187
8832
8833
9188
8778
8779
8835
8836
8838
8951
9189
8840
8841
9189
8781
8843
8844
8847
8846
8956
9217
9190
8785
8786
8785
8787
8934
9191
8789
9192
8789
8793
9250
8795
9194
8792
9193
8792
8794
9195
8795
9194
8795
8938
8795
8939
8798
8799
8798
8811
8801
9196
8801
8943
9204
8944
9197
8804
9198
8804
8808
9202
8810
9200
8807
9199
8807
8809
9028
8810
9200
8810
8814
8810
8823
8813
9201
8813
8817
9205
8819
9203
8816
9202
8816
8818
9207
8819
9203
8819
8820
8819
8829
8822
9205
8822
8947
9210
8948
9206
8825
9028
8825
8826
9208
8828
9030
8828
8832
8828
8831
9207
8831
8835
9211
8837
9209
8834
9208
8834
8836
9213
8837
9209
8837
8838
8837
8840
8839
9211
8951
8953
9212
8842
9213
8842
8843
9216
8845
9215
8845
8846
8845
8849
8957
9216
8849
8850
9217
8852
8962
9218
8851
9043
8851
9219
9045
8963
9219
8855
8856
8914
9220
8858
8859
9221
8857
8928
9222
8857
8861
8863
9224
8860
9223
8860
8862
9225
8863
9224
8863
8863
8873
8875
8876
8877
8912
8913
8867
8868
8887
8888
8890
8891
9229
8893
8894
9229
8896
8897
9230
8899
8900
8902
9230
8903
8907
8908
9241
8874
8903
9241
8875
8876
9244
8878
8878
8918
8878
8923
8880
8883
9255
8885
9231
8882
8884
9232
8885
9231
8885
8885
8889
8887
9233
8890
8893
9232
8892
9233
8892
9234
8895
9235
8895
8899
9237
8901
9236
8898
9054
8898
8900
9238
8901
9236
8901
8901
8905
8904
9239
8904
8907
8906
9238
8911
9240
8909
9239
8909
8910
9243
8911
9240
8911
8916
8918
8919
9242
8923
8924
9242
8915
8927
8928
8931
8932
9220
8917
9243
8922
9245
8920
9244
8920
8921
9246
8922
9245
8922
8930
8925
8925
8927
9247
8929
8928
9222
8929
8931
8929
9246
8933
9247
8933
9248
9249
8939
8940
8937
8942
8943
8945
9250
8941
9195
8941
8942
8944
9197
8944
8944
8945
8946
9204
8948
9206
8948
8949
8950
9210
8953
9212
8952
9251
8953
8954
8955
9251
8959
9252
8957
8958
9253
8959
9252
8959
8960
8961
9253
9254
8963
9254
8979
8980
8982
8983
8985
8986
8988
8989
8991
8992
8994
8995
8997
8998
9000
9001
9003
9004
9006
9007
9009
9010
9012
9013
9015
9016
9018
9019
9021
9022
8981
8981
8984
8984
8987
8987
8990
8990
8993
8993
8996
8996
8999
8999
9002
9002
9005
9005
9008
9008
9011
9011
9014
9014
9017
9017
9020
9020
9023
9023
9025
9028
9029
9031
9032
9030
9030
9033
9033
9040
9041
9043
9044
9046
9047
9049
9050
9051
9052
9054
9235
9042
9042
9045
9045
9048
9048
9231
9231
9053
9053
9236
9087
9088
9090
9091
9092
9094
9095
9097
9098
9100
9101
9103
9104
9106
9107
9109
9110
9112
9113
9115
9116
9118
9119
9121
9122
9123
9125
9126
9128
9129
9131
9132
9134
9135
9137
9138
9140
9141
9143
9144
9146
9147
9149
9150
9152
9153
9155
9156
9158
9159
9161
9162
9164
9165
9167
9168
9170
9171
9173
9174
9176
9177
9089
9089
9093
9093
9096
9096
9099
9099
9102
9102
9105
9105
9108
9108
9111
9111
9114
9114
9117
9117
9120
9120
9124
9124
9127
9127
9130
9130
9133
9133
9136
9136
9139
9139
9142
9142
9145
9145
9148
9148
9151
9151
9154
9154
9157
9157
9160
9160
9163
9163
9166
9166
9169
9169
9172
9172
9175
9175
9178
9178
9190
9191
9192
9193
9195
9196
9198
9199
9201
9202
9204
9205
9207
9208
9210
9211
9213
9214
9216
9251
9194
9194
9197
9197
9200
9200
9203
9203
9206
9206
9209
9209
9212
9212
9215
9215
9252
9219
9253
9255
9254
9225
9226
9224
9224
9227
9227
9232
9233
9237
9238
9239
9234
9234
9236
9240
9240
9243
9244
9246
9247
9245
9245
9248
9248
9250
9252
9254
)


// ************************************************************************* //
