/*--------------------------------*- C++ -*----------------------------------*\
  =========                 |
  \\      /  F ield         | OpenFOAM: The Open Source CFD Toolbox
   \\    /   O peration     | Website:  https://openfoam.org
    \\  /    A nd           | Version:  13
     \\/     M anipulation  |
\*---------------------------------------------------------------------------*/
FoamFile
{
    format      ascii;
    class       labelList;
    note        "nPoints: 18632 nCells: 9099 nFaces: 36612 nInternalFaces: 17982";
    location    "constant/polyMesh";
    object      neighbour;
}
// * * * * * * * * * * * * * * * * * * * * * * * * * * * * * * * * * * * * * //


17982
(
24
32
7166
7184
2
3
24
7166
4
63
5476
4
7167
8081
5
8218
63
8219
9018
7
11
12
107
13
280
5701
9
10
7570
7571
17
284
5470
23
297
5470
13
7557
7562
286
7560
7562
14
7598
280
283
5461
16
19
5463
7544
20
7573
7601
18
7570
7600
20
284
7601
20
106
289
285
22
111
299
7575
296
7576
7578
298
5464
7571
31
5476
27
33
34
132
36
37
5472
7579
39
40
5477
42
43
121
135
30
33
5468
7528
35
7139
7185
32
34
5548
35
7185
35
39
35
359
38
5467
7581
38
42
5537
44
5469
41
5468
41
43
5551
44
5469
44
326
44
368
46
64
133
9017
65
5482
9019
48
66
151
9023
67
5488
9025
50
68
167
9029
69
5494
9031
52
70
183
9035
71
72
5499
54
74
75
198
77
78
5504
56
80
81
213
83
84
5509
58
86
87
228
89
90
5514
60
92
93
243
95
96
5519
62
98
99
258
101
102
5524
64
5549
362
9018
66
5567
9020
416
9024
68
5585
9026
464
9030
70
5603
9032
512
9036
73
9035
9084
73
74
5618
76
9086
76
557
76
77
9038
9039
79
9087
79
80
5633
82
9089
82
602
82
83
9042
9043
85
9090
85
86
5648
88
9091
88
647
88
89
5453
9059
91
7115
91
92
5663
94
7116
94
692
94
95
5454
5455
97
7117
97
98
5678
100
7118
100
737
100
101
5456
5457
103
5458
103
780
5459
277
278
5696
7582
281
282
833
847
108
114
285
286
287
5701
289
290
5471
117
292
293
848
295
5472
7577
7579
112
120
296
299
300
5473
115
123
302
303
305
306
5471
308
309
5474
118
126
311
312
314
315
5707
317
318
5475
129
320
321
866
323
324
5473
326
327
5478
124
138
329
330
332
333
5474
335
336
5479
127
141
338
339
341
342
5475
344
345
5480
130
144
347
348
350
351
5713
353
354
5481
147
356
357
884
359
360
5477
362
363
5482
136
150
365
366
368
369
5478
371
372
5483
139
153
374
375
377
378
5479
380
381
5484
142
156
383
384
386
387
5480
389
390
5485
145
159
392
393
395
396
5481
398
399
5486
148
162
401
402
404
405
5719
407
408
5487
410
411
902
919
413
414
5483
416
417
5488
154
166
419
420
422
423
5484
425
426
5489
157
169
428
429
431
432
5485
434
435
5490
160
172
437
438
440
441
5486
443
444
5491
163
175
446
447
449
450
5487
452
453
5492
165
178
455
456
458
459
5493
461
462
5489
464
465
5494
170
182
467
468
470
471
5490
473
474
5495
173
185
476
477
479
480
5491
482
483
5496
176
188
485
486
488
489
5492
491
492
5497
179
191
494
495
497
498
5493
500
501
5498
181
194
503
504
506
507
5737
509
510
5495
512
513
5499
186
197
515
516
518
519
5496
521
522
5500
189
200
524
525
527
528
5497
530
531
5501
192
203
533
534
536
537
5498
539
540
5502
195
206
542
543
545
546
5737
548
549
5503
209
551
552
960
554
555
5500
557
558
5504
201
212
560
561
563
564
5501
566
567
5505
204
215
569
570
572
573
5502
575
576
5506
207
218
578
579
581
582
5503
584
585
5507
210
221
587
588
590
591
5744
593
594
5508
224
596
597
981
599
600
5505
602
603
5509
216
227
605
606
608
609
5506
611
612
5510
219
230
614
615
617
618
5507
620
621
5511
222
233
623
624
626
627
5508
629
630
5512
225
236
632
633
635
636
5751
638
639
5513
239
641
642
1002
644
645
5510
647
648
5514
231
242
650
651
653
654
5511
656
657
5515
234
245
659
660
662
663
5512
665
666
5516
237
248
668
669
671
672
5513
674
675
5517
240
251
677
678
680
681
5758
683
684
5518
254
686
687
1023
689
690
5515
692
693
5519
246
257
695
696
698
699
5516
701
702
5520
249
260
704
705
707
708
5517
710
711
5521
252
263
713
714
716
717
5518
719
720
5522
255
266
722
723
725
726
5765
728
729
5523
269
731
732
1044
734
735
5520
737
738
5524
261
272
740
741
743
744
5521
746
747
5525
264
273
749
750
752
753
5522
755
756
5526
267
274
758
759
761
762
5523
764
765
5527
270
275
767
768
770
771
5772
773
774
5528
276
776
777
1065
782
783
5525
788
789
5526
794
795
5527
800
801
5528
806
807
5779
279
7550
7597
279
281
5800
283
5461
282
5814
283
1162
283
1204
285
5530
305
288
5462
288
292
5815
294
5529
291
5463
291
293
5533
294
5529
294
1207
294
314
296
5536
7578
323
298
302
5531
304
5465
301
7605
301
303
5539
304
5465
304
308
304
332
307
5530
307
311
5534
313
5532
310
5531
310
312
5542
313
5532
313
317
313
341
316
5533
316
320
5833
322
5535
319
5534
319
321
5545
322
5535
322
1261
322
350
325
5536
325
329
5540
331
5538
328
5537
328
330
5554
331
5538
331
335
331
377
334
5539
334
338
5543
340
5541
337
5540
337
339
5557
340
5541
340
344
340
386
343
5542
343
347
5546
349
5544
346
5543
346
348
5560
349
5544
349
353
349
395
352
5545
352
356
5851
358
5547
355
5546
355
357
5563
358
5547
358
1315
358
404
361
5548
361
365
5552
367
5550
364
5549
364
366
5566
367
5550
367
371
367
413
370
5551
370
374
5555
376
5553
373
5552
373
375
5569
376
5553
376
380
376
422
379
5554
379
383
5558
385
5556
382
5555
382
384
5572
385
5556
385
389
385
431
388
5557
388
392
5561
394
5559
391
5558
391
393
5575
394
5559
394
398
394
440
397
5560
397
401
5564
403
5562
400
5561
400
402
5578
403
5562
403
407
403
449
406
5563
406
410
5869
412
5565
409
5564
409
411
5581
412
5565
412
1369
412
1420
415
5566
415
419
5570
421
5568
418
5567
418
420
5584
421
5568
421
425
421
461
424
5569
424
428
5573
430
5571
427
5570
427
429
5587
430
5571
430
434
430
470
433
5572
433
437
5576
439
5574
436
5573
436
438
5590
439
5574
439
443
439
479
442
5575
442
446
5579
448
5577
445
5576
445
447
5593
448
5577
448
452
448
488
451
5578
451
455
5582
457
5580
454
5579
454
456
5596
457
5580
457
458
457
497
460
5582
460
1424
5599
1425
5583
463
5584
463
467
5588
469
5586
466
5585
466
468
5602
469
5586
469
473
469
509
472
5587
472
476
5591
478
5589
475
5588
475
477
5605
478
5589
478
482
478
518
481
5590
481
485
5594
487
5592
484
5591
484
486
5608
487
5592
487
491
487
527
490
5593
490
494
5597
496
5595
493
5594
493
495
5611
496
5595
496
500
496
536
499
5596
499
503
5600
505
5598
502
5597
502
504
5614
505
5598
505
506
505
545
508
5600
508
1484
5922
1485
5601
511
5602
511
515
5606
517
5604
514
5603
514
516
5617
517
5604
517
521
517
554
520
5605
520
524
5609
526
5607
523
5606
523
525
5620
526
5607
526
530
526
563
529
5608
529
533
5612
535
5610
532
5609
532
534
5623
535
5610
535
539
535
572
538
5611
538
542
5615
544
5613
541
5612
541
543
5626
544
5613
544
548
544
581
547
5614
547
551
5923
553
5616
550
5615
550
552
5629
553
5616
553
1543
553
590
556
5617
556
560
5621
562
5619
559
5618
559
561
5632
562
5619
562
566
562
599
565
5620
565
569
5624
571
5622
568
5621
568
570
5635
571
5622
571
575
571
608
574
5623
574
578
5627
580
5625
577
5624
577
579
5638
580
5625
580
584
580
617
583
5626
583
587
5630
589
5628
586
5627
586
588
5641
589
5628
589
593
589
626
592
5629
592
596
5944
598
5631
595
5630
595
597
5644
598
5631
598
1606
598
635
601
5632
601
605
5636
607
5634
604
5633
604
606
5647
607
5634
607
611
607
644
610
5635
610
614
5639
616
5637
613
5636
613
615
5650
616
5637
616
620
616
653
619
5638
619
623
5642
625
5640
622
5639
622
624
5653
625
5640
625
629
625
662
628
5641
628
632
5645
634
5643
631
5642
631
633
5656
634
5643
634
638
634
671
637
5644
637
641
5965
643
5646
640
5645
640
642
5659
643
5646
643
1669
643
680
646
5647
646
650
5651
652
5649
649
5648
649
651
5662
652
5649
652
656
652
689
655
5650
655
659
5654
661
5652
658
5651
658
660
5665
661
5652
661
665
661
698
664
5653
664
668
5657
670
5655
667
5654
667
669
5668
670
5655
670
674
670
707
673
5656
673
677
5660
679
5658
676
5657
676
678
5671
679
5658
679
683
679
716
682
5659
682
686
5986
688
5661
685
5660
685
687
5674
688
5661
688
1732
688
725
691
5662
691
695
5666
697
5664
694
5663
694
696
5677
697
5664
697
701
697
734
700
5665
700
704
5669
706
5667
703
5666
703
705
5680
706
5667
706
710
706
743
709
5668
709
713
5672
715
5670
712
5669
712
714
5683
715
5670
715
719
715
752
718
5671
718
722
5675
724
5673
721
5672
721
723
5686
724
5673
724
728
724
761
727
5674
727
731
6007
733
5676
730
5675
730
732
5689
733
5676
733
1795
733
770
736
5677
736
740
5681
742
5679
739
5678
739
741
779
742
5679
742
746
742
782
745
5680
745
749
5684
751
5682
748
5681
748
750
785
751
5682
751
755
751
788
754
5683
754
758
5687
760
5685
757
5684
757
759
791
760
5685
760
764
760
794
763
5686
763
767
5690
769
5688
766
5687
766
768
797
769
5688
769
773
769
800
772
5689
772
776
6028
778
5691
775
5690
775
777
803
778
5691
778
1858
778
806
781
782
5524
781
5524
784
784
784
786
787
788
5525
787
5525
790
790
790
792
793
794
5526
793
5526
796
796
796
798
799
800
5527
799
5527
802
802
802
804
805
806
5528
805
5528
808
808
808
1919
1092
5692
7585
7588
811
820
1094
1095
1097
1098
5693
813
823
1100
1101
1103
1104
5694
815
826
1106
1107
1109
1110
5695
829
1112
1113
1964
1115
5692
7585
7589
1117
1118
5696
7582
821
832
1120
1121
1123
1124
5693
1126
1127
5697
824
835
1129
1130
1132
1133
5694
1135
1136
5698
827
838
1138
1139
1141
1142
5695
1144
1145
5699
830
841
1147
1148
1150
1151
6048
1153
1154
5700
844
1156
1157
1969
1159
1160
5697
1162
1163
5702
836
850
1165
1166
1168
1169
5698
1171
1172
5703
839
853
1174
1175
1177
1178
5699
1180
1181
5704
842
856
1183
1184
1186
1187
5700
1189
1190
5705
845
859
1192
1193
1195
1196
6051
1198
1199
5706
862
1201
1202
1976
1204
1205
5702
1207
1208
5707
851
865
1210
1211
1213
1214
5703
1216
1217
5708
854
868
1219
1220
1222
1223
5704
1225
1226
5709
857
871
1228
1229
1231
1232
5705
1234
1235
5710
860
874
1237
1238
1240
1241
5706
1243
1244
5711
863
877
1246
1247
1249
1250
6054
1252
1253
5712
880
1255
1256
1984
1258
1259
5708
1261
1262
5713
869
883
1264
1265
1267
1268
5709
1270
1271
5714
872
886
1273
1274
1276
1277
5710
1279
1280
5715
875
889
1282
1283
1285
1286
5711
1288
1289
5716
878
892
1291
1292
1294
1295
5712
1297
1298
5717
881
895
1300
1301
1303
1304
6057
1306
1307
5718
898
1309
1310
1993
1312
1313
5714
1315
1316
5719
887
901
1318
1319
1321
1322
5715
1324
1325
5720
890
904
1327
1328
1330
1331
5716
1333
1334
5721
893
907
1336
1337
1339
1340
5717
1342
1343
5722
896
910
1345
1346
1348
1349
5718
1351
1352
5723
899
913
1354
1355
1357
1358
6060
1360
1361
5724
916
1363
1364
2002
1366
1367
5720
1369
1370
5725
905
921
1372
1373
1375
1376
5721
1378
1379
5726
908
924
1381
1382
1384
1385
5722
1387
1388
5727
911
927
1390
1391
1393
1394
5723
1396
1397
5728
914
930
1399
1400
1402
1403
5724
1405
1406
5729
917
933
1408
1409
1411
1412
6064
1414
1415
5730
936
1417
1418
2012
1420
1421
5725
922
939
1423
1424
1426
1427
5726
1429
1430
5731
925
941
1432
1433
1435
1436
5727
1438
1439
5732
928
944
1441
1442
1444
1445
5728
1447
1448
5733
931
947
1450
1451
1453
1454
5729
1456
1457
5734
934
950
1459
1460
1462
1463
5730
1465
1466
5735
937
953
1468
1469
1471
1472
6068
1474
1475
5736
956
1477
1478
2024
1480
1481
5731
942
959
1483
1484
1486
1487
5732
1489
1490
5738
945
962
1492
1493
1495
1496
5733
1498
1499
5739
948
965
1501
1502
1504
1505
5734
1507
1508
5740
951
968
1510
1511
1513
1514
5735
1516
1517
5741
954
971
1519
1520
1522
1523
5736
1525
1526
5742
957
974
1528
1529
1531
1532
6072
1534
1535
5743
977
1537
1538
2036
1540
1541
5738
1543
1544
5744
963
980
1546
1547
1549
1550
5739
1552
1553
5745
966
983
1555
1556
1558
1559
5740
1561
1562
5746
969
986
1564
1565
1567
1568
5741
1570
1571
5747
972
989
1573
1574
1576
1577
5742
1579
1580
5748
975
992
1582
1583
1585
1586
5743
1588
1589
5749
978
995
1591
1592
1594
1595
6076
1597
1598
5750
998
1600
1601
2048
1603
1604
5745
1606
1607
5751
984
1001
1609
1610
1612
1613
5746
1615
1616
5752
987
1004
1618
1619
1621
1622
5747
1624
1625
5753
990
1007
1627
1628
1630
1631
5748
1633
1634
5754
993
1010
1636
1637
1639
1640
5749
1642
1643
5755
996
1013
1645
1646
1648
1649
5750
1651
1652
5756
999
1016
1654
1655
1657
1658
6081
1660
1661
5757
1019
1663
1664
2061
1666
1667
5752
1669
1670
5758
1005
1022
1672
1673
1675
1676
5753
1678
1679
5759
1008
1025
1681
1682
1684
1685
5754
1687
1688
5760
1011
1028
1690
1691
1693
1694
5755
1696
1697
5761
1014
1031
1699
1700
1702
1703
5756
1705
1706
5762
1017
1034
1708
1709
1711
1712
5757
1714
1715
5763
1020
1037
1717
1718
1720
1721
6086
1723
1724
5764
1040
1726
1727
2076
1729
1730
5759
1732
1733
5765
1026
1043
1735
1736
1738
1739
5760
1741
1742
5766
1029
1046
1744
1745
1747
1748
5761
1750
1751
5767
1032
1049
1753
1754
1756
1757
5762
1759
1760
5768
1035
1052
1762
1763
1765
1766
5763
1768
1769
5769
1038
1055
1771
1772
1774
1775
5764
1777
1778
5770
1041
1058
1780
1781
1783
1784
6091
1786
1787
5771
1061
1789
1790
2091
1792
1793
5766
1795
1796
5772
1047
1064
1798
1799
1801
1802
5767
1804
1805
5773
1050
1067
1807
1808
1810
1811
5768
1813
1814
5774
1053
1070
1816
1817
1819
1820
5769
1822
1823
5775
1056
1073
1825
1826
1828
1829
5770
1831
1832
5776
1059
1076
1834
1835
1837
1838
5771
1840
1841
5777
1062
1079
1843
1844
1846
1847
6096
1849
1850
5778
1082
1852
1853
2107
1855
1856
5773
1858
1859
5779
1068
1085
1861
1862
1864
1865
5774
1867
1868
5780
1071
1086
1870
1871
1873
1874
5775
1876
1877
5781
1074
1087
1879
1880
1882
1883
5776
1885
1886
5782
1077
1088
1888
1889
1891
1892
5777
1894
1895
5783
1080
1089
1897
1898
1900
1901
5778
1903
1904
5784
1083
1090
1906
1907
1909
1910
6102
1912
1913
5785
1091
1915
1916
2125
1921
1922
5780
1927
1928
5781
1933
1934
5782
1939
1940
5783
1945
1946
5784
1951
1952
5785
1957
1958
6108
1093
1095
5787
1096
7588
1096
1097
1096
1123
1099
1099
1101
5790
1102
1102
1103
1102
1132
1105
1105
1107
5793
1108
1108
1109
1108
1141
1111
1111
1113
5796
1114
1114
2158
1114
1150
1116
1120
5788
1122
5786
7589
1119
7584
7607
1119
1121
5799
1122
5786
1122
1126
1122
1159
1125
5787
1125
1129
5791
1131
5789
1128
5788
1128
1130
5802
1131
5789
1131
1135
1131
1168
1134
5790
1134
1138
5794
1140
5792
1137
5791
1137
1139
5805
1140
5792
1140
1144
1140
1177
1143
5793
1143
1147
5797
1149
5795
1146
5794
1146
1148
5808
1149
5795
1149
1153
1149
1186
1152
5796
1152
1156
6117
1158
5798
1155
5797
1155
1157
5811
1158
5798
1158
2173
1158
1195
1161
5799
1161
1165
5803
1167
5801
1164
5800
1164
1166
5817
1167
5801
1167
1171
1167
1213
1170
5802
1170
1174
5806
1176
5804
1173
5803
1173
1175
5820
1176
5804
1176
1180
1176
1222
1179
5805
1179
1183
5809
1185
5807
1182
5806
1182
1184
5823
1185
5807
1185
1189
1185
1231
1188
5808
1188
1192
5812
1194
5810
1191
5809
1191
1193
5826
1194
5810
1194
1198
1194
1240
1197
5811
1197
1201
6126
1203
5813
1200
5812
1200
1202
5829
1203
5813
1203
2194
1203
1249
1206
5814
1206
1210
5818
1212
5816
1209
5815
1209
1211
5832
1212
5816
1212
1216
1212
1258
1215
5817
1215
1219
5821
1221
5819
1218
5818
1218
1220
5835
1221
5819
1221
1225
1221
1267
1224
5820
1224
1228
5824
1230
5822
1227
5821
1227
1229
5838
1230
5822
1230
1234
1230
1276
1233
5823
1233
1237
5827
1239
5825
1236
5824
1236
1238
5841
1239
5825
1239
1243
1239
1285
1242
5826
1242
1246
5830
1248
5828
1245
5827
1245
1247
5844
1248
5828
1248
1252
1248
1294
1251
5829
1251
1255
6135
1257
5831
1254
5830
1254
1256
5847
1257
5831
1257
2218
1257
1303
1260
5832
1260
1264
5836
1266
5834
1263
5833
1263
1265
5850
1266
5834
1266
1270
1266
1312
1269
5835
1269
1273
5839
1275
5837
1272
5836
1272
1274
5853
1275
5837
1275
1279
1275
1321
1278
5838
1278
1282
5842
1284
5840
1281
5839
1281
1283
5856
1284
5840
1284
1288
1284
1330
1287
5841
1287
1291
5845
1293
5843
1290
5842
1290
1292
5859
1293
5843
1293
1297
1293
1339
1296
5844
1296
1300
5848
1302
5846
1299
5845
1299
1301
5862
1302
5846
1302
1306
1302
1348
1305
5847
1305
1309
6144
1311
5849
1308
5848
1308
1310
5865
1311
5849
1311
2245
1311
1357
1314
5850
1314
1318
5854
1320
5852
1317
5851
1317
1319
5868
1320
5852
1320
1324
1320
1366
1323
5853
1323
1327
5857
1329
5855
1326
5854
1326
1328
5871
1329
5855
1329
1333
1329
1375
1332
5856
1332
1336
5860
1338
5858
1335
5857
1335
1337
5874
1338
5858
1338
1342
1338
1384
1341
5859
1341
1345
5863
1347
5861
1344
5860
1344
1346
5877
1347
5861
1347
1351
1347
1393
1350
5862
1350
1354
5866
1356
5864
1353
5863
1353
1355
5880
1356
5864
1356
1360
1356
1402
1359
5865
1359
1363
6153
1365
5867
1362
5866
1362
1364
5883
1365
5867
1365
2272
1365
1411
1368
5868
1368
1372
5872
1374
5870
1371
5869
1371
1373
5886
1374
5870
1374
1378
1374
1426
1377
5871
1377
1381
5875
1383
5873
1380
5872
1380
1382
5889
1383
5873
1383
1387
1383
1435
1386
5874
1386
1390
5878
1392
5876
1389
5875
1389
1391
5892
1392
5876
1392
1396
1392
1444
1395
5877
1395
1399
5881
1401
5879
1398
5878
1398
1400
5895
1401
5879
1401
1405
1401
1453
1404
5880
1404
1408
5884
1410
5882
1407
5881
1407
1409
5898
1410
5882
1410
1414
1410
1462
1413
5883
1413
1417
6165
1419
5885
1416
5884
1416
1418
5901
1419
5885
1419
2302
1419
1471
1422
5581
1422
1423
5887
1425
5583
1425
1429
1425
1480
1428
5886
1428
1432
5890
1434
5888
1431
5887
1431
1433
5904
1434
5888
1434
1438
1434
1486
1437
5889
1437
1441
5893
1443
5891
1440
5890
1440
1442
5907
1443
5891
1443
1447
1443
1495
1446
5892
1446
1450
5896
1452
5894
1449
5893
1449
1451
5910
1452
5894
1452
1456
1452
1504
1455
5895
1455
1459
5899
1461
5897
1458
5896
1458
1460
5913
1461
5897
1461
1465
1461
1513
1464
5898
1464
1468
5902
1470
5900
1467
5899
1467
1469
5916
1470
5900
1470
1474
1470
1522
1473
5901
1473
1477
6177
1479
5903
1476
5902
1476
1478
5919
1479
5903
1479
2338
1479
1531
1482
5599
1482
1483
5905
1485
5601
1485
1489
1485
1540
1488
5904
1488
1492
5908
1494
5906
1491
5905
1491
1493
5925
1494
5906
1494
1498
1494
1549
1497
5907
1497
1501
5911
1503
5909
1500
5908
1500
1502
5928
1503
5909
1503
1507
1503
1558
1506
5910
1506
1510
5914
1512
5912
1509
5911
1509
1511
5931
1512
5912
1512
1516
1512
1567
1515
5913
1515
1519
5917
1521
5915
1518
5914
1518
1520
5934
1521
5915
1521
1525
1521
1576
1524
5916
1524
1528
5920
1530
5918
1527
5917
1527
1529
5937
1530
5918
1530
1534
1530
1585
1533
5919
1533
1537
6189
1539
5921
1536
5920
1536
1538
5940
1539
5921
1539
2374
1539
1594
1542
5922
1542
1546
5926
1548
5924
1545
5923
1545
1547
5943
1548
5924
1548
1552
1548
1603
1551
5925
1551
1555
5929
1557
5927
1554
5926
1554
1556
5946
1557
5927
1557
1561
1557
1612
1560
5928
1560
1564
5932
1566
5930
1563
5929
1563
1565
5949
1566
5930
1566
1570
1566
1621
1569
5931
1569
1573
5935
1575
5933
1572
5932
1572
1574
5952
1575
5933
1575
1579
1575
1630
1578
5934
1578
1582
5938
1584
5936
1581
5935
1581
1583
5955
1584
5936
1584
1588
1584
1639
1587
5937
1587
1591
5941
1593
5939
1590
5938
1590
1592
5958
1593
5939
1593
1597
1593
1648
1596
5940
1596
1600
6201
1602
5942
1599
5941
1599
1601
5961
1602
5942
1602
2410
1602
1657
1605
5943
1605
1609
5947
1611
5945
1608
5944
1608
1610
5964
1611
5945
1611
1615
1611
1666
1614
5946
1614
1618
5950
1620
5948
1617
5947
1617
1619
5967
1620
5948
1620
1624
1620
1675
1623
5949
1623
1627
5953
1629
5951
1626
5950
1626
1628
5970
1629
5951
1629
1633
1629
1684
1632
5952
1632
1636
5956
1638
5954
1635
5953
1635
1637
5973
1638
5954
1638
1642
1638
1693
1641
5955
1641
1645
5959
1647
5957
1644
5956
1644
1646
5976
1647
5957
1647
1651
1647
1702
1650
5958
1650
1654
5962
1656
5960
1653
5959
1653
1655
5979
1656
5960
1656
1660
1656
1711
1659
5961
1659
1663
6216
1665
5963
1662
5962
1662
1664
5982
1665
5963
1665
2449
1665
1720
1668
5964
1668
1672
5968
1674
5966
1671
5965
1671
1673
5985
1674
5966
1674
1678
1674
1729
1677
5967
1677
1681
5971
1683
5969
1680
5968
1680
1682
5988
1683
5969
1683
1687
1683
1738
1686
5970
1686
1690
5974
1692
5972
1689
5971
1689
1691
5991
1692
5972
1692
1696
1692
1747
1695
5973
1695
1699
5977
1701
5975
1698
5974
1698
1700
5994
1701
5975
1701
1705
1701
1756
1704
5976
1704
1708
5980
1710
5978
1707
5977
1707
1709
5997
1710
5978
1710
1714
1710
1765
1713
5979
1713
1717
5983
1719
5981
1716
5980
1716
1718
6000
1719
5981
1719
1723
1719
1774
1722
5982
1722
1726
6231
1728
5984
1725
5983
1725
1727
6003
1728
5984
1728
2494
1728
1783
1731
5985
1731
1735
5989
1737
5987
1734
5986
1734
1736
6006
1737
5987
1737
1741
1737
1792
1740
5988
1740
1744
5992
1746
5990
1743
5989
1743
1745
6009
1746
5990
1746
1750
1746
1801
1749
5991
1749
1753
5995
1755
5993
1752
5992
1752
1754
6012
1755
5993
1755
1759
1755
1810
1758
5994
1758
1762
5998
1764
5996
1761
5995
1761
1763
6015
1764
5996
1764
1768
1764
1819
1767
5997
1767
1771
6001
1773
5999
1770
5998
1770
1772
6018
1773
5999
1773
1777
1773
1828
1776
6000
1776
1780
6004
1782
6002
1779
6001
1779
1781
6021
1782
6002
1782
1786
1782
1837
1785
6003
1785
1789
6246
1791
6005
1788
6004
1788
1790
6024
1791
6005
1791
2539
1791
1846
1794
6006
1794
1798
6010
1800
6008
1797
6007
1797
1799
6027
1800
6008
1800
1804
1800
1855
1803
6009
1803
1807
6013
1809
6011
1806
6010
1806
1808
6030
1809
6011
1809
1813
1809
1864
1812
6012
1812
1816
6016
1818
6014
1815
6013
1815
1817
6033
1818
6014
1818
1822
1818
1873
1821
6015
1821
1825
6019
1827
6017
1824
6016
1824
1826
6036
1827
6017
1827
1831
1827
1882
1830
6018
1830
1834
6022
1836
6020
1833
6019
1833
1835
6039
1836
6020
1836
1840
1836
1891
1839
6021
1839
1843
6025
1845
6023
1842
6022
1842
1844
6042
1845
6023
1845
1849
1845
1900
1848
6024
1848
1852
6261
1854
6026
1851
6025
1851
1853
6045
1854
6026
1854
2587
1854
1909
1857
6027
1857
1861
6031
1863
6029
1860
6028
1860
1862
1918
1863
6029
1863
1867
1863
1921
1866
6030
1866
1870
6034
1872
6032
1869
6031
1869
1871
1924
1872
6032
1872
1876
1872
1927
1875
6033
1875
1879
6037
1881
6035
1878
6034
1878
1880
1930
1881
6035
1881
1885
1881
1933
1884
6036
1884
1888
6040
1890
6038
1887
6037
1887
1889
1936
1890
6038
1890
1894
1890
1939
1893
6039
1893
1897
6043
1899
6041
1896
6040
1896
1898
1942
1899
6041
1899
1903
1899
1945
1902
6042
1902
1906
6046
1908
6044
1905
6043
1905
1907
1948
1908
6044
1908
1912
1908
1951
1911
6045
1911
1915
6279
1917
6047
1914
6046
1914
1916
1954
1917
6047
1917
2641
1917
1957
1920
1921
5779
1920
5779
1923
1923
1923
1925
1926
1927
5780
1926
5780
1929
1929
1929
1931
1932
1933
5781
1932
5781
1935
1935
1935
1937
1938
1939
5782
1938
5782
1941
1941
1941
1943
1944
1945
5783
1944
5783
1947
1947
1947
1949
1950
1951
5784
1950
5784
1953
1953
1953
1955
1956
1957
5785
1956
5785
1959
1959
1959
2693
2123
2149
2151
6404
2139
2149
6113
6114
2141
2152
2153
2155
2148
2155
2157
2158
2159
6048
1966
1968
2161
2162
2164
2165
6049
1971
2167
2168
2822
2170
2171
6049
2173
2174
6051
1972
1975
2176
2177
2179
2180
6050
2182
2183
6052
1974
1978
2185
2186
2188
2189
6053
2191
2192
6052
2194
2195
6054
1979
1983
2197
2198
2200
2201
6053
2203
2204
6055
1981
1986
2206
2207
2209
2210
6056
1989
2212
2213
2843
2215
2216
6055
2218
2219
6057
1987
1992
2221
2222
2224
2225
6056
2227
2228
6058
1990
1995
2230
2231
2233
2234
6314
2236
2237
6059
1998
2239
2240
2852
2242
2243
6058
2245
2246
6060
1996
2001
2248
2249
2251
2252
6059
2254
2255
6061
1999
2004
2257
2258
2260
2261
6317
2263
2264
6062
2007
2266
2267
2861
2269
2270
6061
2272
2273
6064
2005
2011
2275
2276
2278
2279
6062
2281
2282
6065
2008
2014
2284
2285
2287
2288
6063
2290
2291
6066
2010
2017
2293
2294
2296
2297
6067
2299
2300
6065
2302
2303
6068
2015
2023
2305
2306
2308
2309
6066
2311
2312
6069
2018
2026
2314
2315
2317
2318
6067
2320
2321
6070
2021
2029
2323
2324
2326
2327
2870
6322
2329
2330
6071
2032
2332
2333
2878
2335
2336
6069
2338
2339
6072
2027
2035
2341
2342
2344
2345
6070
2347
2348
6073
2030
2038
2350
2351
2353
2354
6071
2356
2357
6074
2033
2041
2359
2360
2362
2363
6324
2365
2366
6075
2044
2368
2369
2884
2371
2372
6073
2374
2375
6076
2039
2047
2377
2378
2380
2381
6074
2383
2384
6077
2042
2050
2386
2387
2389
2390
6075
2392
2393
6078
2045
2053
2395
2396
2398
2399
6326
2401
2402
6079
2056
2404
2405
2890
2407
2408
6077
2410
2411
6081
2051
2060
2413
2414
2416
2417
6078
2419
2420
6082
2054
2063
2422
2423
2425
2426
6079
2428
2429
6083
2057
2066
2431
2432
2434
2435
6080
2437
2438
6084
2059
2069
2440
2441
2443
2444
6085
2446
2447
6082
2449
2450
6086
2064
2075
2452
2453
2455
2456
6083
2458
2459
6087
2067
2078
2461
2462
2464
2465
6084
2467
2468
6088
2070
2081
2470
2471
2473
2474
6085
2476
2477
6089
2073
2084
2479
2480
2482
2483
2896
6329
2485
2486
6090
2087
2488
2489
2901
2491
2492
6087
2494
2495
6091
2079
2090
2497
2498
2500
2501
6088
2503
2504
6092
2082
2093
2506
2507
2509
2510
6089
2512
2513
6093
2085
2096
2515
2516
2518
2519
6090
2521
2522
6094
2088
2099
2524
2525
2527
2528
6330
2530
2531
6095
2102
2533
2534
2904
2536
2537
6092
2539
2540
6096
2094
2106
2542
2543
2545
2546
6093
2548
2549
6097
2097
2109
2551
2552
2554
2555
6094
2557
2558
6098
2100
2112
2560
2561
2563
2564
6095
2566
2567
6099
2103
2115
2569
2570
2572
2573
6331
2575
2576
6100
2105
2118
2578
2579
2581
2582
6101
2584
2585
6097
2587
2588
6102
2110
2124
2590
2591
2593
2594
6098
2596
2597
6103
2113
2127
2599
2600
2602
2603
6099
2605
2606
6104
2116
2130
2608
2609
2611
2612
6100
2614
2615
6105
2119
2133
2617
2618
2620
2621
6101
2623
2624
6106
2122
2136
2626
2627
2629
2630
2816
3406
2632
2633
6107
2629
2635
2637
2638
2639
6103
2641
2642
6108
2128
2142
2644
2645
2647
2648
6104
2650
2651
6109
2131
2143
2653
2654
2656
2657
6105
2659
2660
6110
2134
2144
2662
2663
2665
2666
6106
2668
2669
6111
2137
2145
2671
2672
2674
2675
6107
2677
2678
6112
2140
2146
2680
2681
2635
2683
2684
2147
2686
2687
2689
2690
2725
2695
2696
6109
2701
2702
6110
2707
2708
6111
2713
2714
6112
2147
2719
2720
2722
2723
2725
2727
2150
2635
2151
3140
6114
3141
6406
2154
2689
6113
2154
2156
3146
3147
6115
2156
2725
2157
3148
3150
2160
2160
2162
6116
2163
2163
2164
2163
2170
2166
2166
2168
6119
2169
2169
3151
2169
2179
2172
6116
2172
2176
6120
2178
6118
2175
6117
2175
2177
6125
2178
6118
2178
2182
2178
2191
2181
6119
2181
2185
6123
2187
6121
2184
6120
2184
2186
6128
2187
6121
2187
2188
2187
2200
2190
6123
2190
3179
6131
3180
6124
2193
6125
2193
2197
6129
2199
6127
2196
6126
2196
2198
6134
2199
6127
2199
2203
2199
2215
2202
6128
2202
2206
6132
2208
6130
2205
6129
2205
2207
6137
2208
6130
2208
2209
2208
2224
2211
6132
2211
2213
6140
2214
6133
2214
3209
3214
2214
2233
3210
2217
6134
2217
2221
6138
2223
6136
2220
6135
2220
2222
6143
2223
6136
2223
2227
2223
2242
2226
6137
2226
2230
6141
2232
6139
2229
6138
2229
2231
6146
2232
6139
2232
2236
2232
2251
2235
6140
2235
2239
6426
2241
6142
2238
6141
2238
2240
6149
2241
6142
2241
3241
2241
2260
2244
6143
2244
2248
6147
2250
6145
2247
6144
2247
2249
6152
2250
6145
2250
2254
2250
2269
2253
6146
2253
2257
6150
2259
6148
2256
6147
2256
2258
6155
2259
6148
2259
2263
2259
2278
2262
6149
2262
2266
6435
2268
6151
2265
6150
2265
2267
6158
2268
6151
2268
3268
2268
2287
2271
6152
2271
2275
6156
2277
6154
2274
6153
2274
2276
6164
2277
6154
2277
2281
2277
2299
2280
6155
2280
2284
6159
2286
6157
2283
6156
2283
2285
6167
2286
6157
2286
2290
2286
2308
2289
6158
2289
2293
6162
2295
6160
2292
6159
2292
2294
6170
2295
6160
2295
2296
2295
2317
2298
6162
2298
3296
6173
3297
6163
2301
6164
2301
2305
6168
2307
6166
2304
6165
2304
2306
6176
2307
6166
2307
2311
2307
2335
2310
6167
2310
2314
6171
2316
6169
2313
6168
2313
2315
6179
2316
6169
2316
2320
2316
2344
2319
6170
2319
2323
6174
2325
6172
2322
6171
2322
2324
6182
2325
6172
2325
2329
2325
2353
2328
3296
6173
2328
2332
6450
2334
6175
2331
6174
2331
2333
6185
2334
6175
2334
3319
2334
2362
2337
6176
2337
2341
6180
2343
6178
2340
6177
2340
2342
6188
2343
6178
2343
2347
2343
2371
2346
6179
2346
2350
6183
2352
6181
2349
6180
2349
2351
6191
2352
6181
2352
2356
2352
2380
2355
6182
2355
2359
6186
2361
6184
2358
6183
2358
2360
6194
2361
6184
2361
2365
2361
2389
2364
6185
2364
2368
6456
2370
6187
2367
6186
2367
2369
6197
2370
6187
2370
3337
2370
2398
2373
6188
2373
2377
6192
2379
6190
2376
6189
2376
2378
6200
2379
6190
2379
2383
2379
2407
2382
6191
2382
2386
6195
2388
6193
2385
6192
2385
2387
6203
2388
6193
2388
2392
2388
2416
2391
6194
2391
2395
6198
2397
6196
2394
6195
2394
2396
6206
2397
6196
2397
2401
2397
2425
2400
6197
2400
2404
6462
2406
6199
2403
6198
2403
2405
6209
2406
6199
2406
3355
2406
2434
2409
6200
2409
2413
6204
2415
6202
2412
6201
2412
2414
6215
2415
6202
2415
2419
2415
2446
2418
6203
2418
2422
6207
2424
6205
2421
6204
2421
2423
6218
2424
6205
2424
2428
2424
2455
2427
6206
2427
2431
6210
2433
6208
2430
6207
2430
2432
6221
2433
6208
2433
2437
2433
2464
2436
6209
2436
2440
6213
2442
6211
2439
6210
2439
2441
6224
2442
6211
2442
2443
2442
2473
2445
6213
2445
3374
6227
3375
6214
2448
6215
2448
2452
6219
2454
6217
2451
6216
2451
2453
6230
2454
6217
2454
2458
2454
2491
2457
6218
2457
2461
6222
2463
6220
2460
6219
2460
2462
6233
2463
6220
2463
2467
2463
2500
2466
6221
2466
2470
6225
2472
6223
2469
6222
2469
2471
6236
2472
6223
2472
2476
2472
2509
2475
6224
2475
2479
6228
2481
6226
2478
6225
2478
2480
6239
2481
6226
2481
2485
2481
2518
2484
3374
6227
2484
2488
6471
2490
6229
2487
6228
2487
2489
6242
2490
6229
2490
3388
2490
2527
2493
6230
2493
2497
6234
2499
6232
2496
6231
2496
2498
6245
2499
6232
2499
2503
2499
2536
2502
6233
2502
2506
6237
2508
6235
2505
6234
2505
2507
6248
2508
6235
2508
2512
2508
2545
2511
6236
2511
2515
6240
2517
6238
2514
6237
2514
2516
6251
2517
6238
2517
2521
2517
2554
2520
6239
2520
2524
6243
2526
6241
2523
6240
2523
2525
6254
2526
6241
2526
2530
2526
2563
2529
6242
2529
2533
6474
2535
6244
2532
6243
2532
2534
6257
2535
6244
2535
3397
2535
2572
2538
6245
2538
2542
6249
2544
6247
2541
6246
2541
2543
6260
2544
6247
2544
2548
2544
2584
2547
6248
2547
2551
6252
2553
6250
2550
6249
2550
2552
6263
2553
6250
2553
2557
2553
2593
2556
6251
2556
2560
6255
2562
6253
2559
6252
2559
2561
6266
2562
6253
2562
2566
2562
2602
2565
6254
2565
2569
6258
2571
6256
2568
6255
2568
2570
6269
2571
6256
2571
2575
2571
2611
2574
6257
2574
2578
6477
2580
6259
2577
6258
2577
2579
6272
2580
6259
2580
2581
2580
2620
2583
6477
2583
3407
6275
3408
6478
2586
6260
2586
2590
6264
2592
6262
2589
6261
2589
2591
6278
2592
6262
2592
2596
2592
2638
2595
6263
2595
2599
6267
2601
6265
2598
6264
2598
2600
6281
2601
6265
2601
2605
2601
2647
2604
6266
2604
2608
6270
2610
6268
2607
6267
2607
2609
6284
2610
6268
2610
2614
2610
2656
2613
6269
2613
2617
6273
2619
6271
2616
6270
2616
2618
6287
2619
6271
2619
2623
2619
2665
2622
6272
2622
2626
6276
2628
6274
2625
6273
2625
2627
6290
2628
6274
2628
2632
2628
2674
2631
6404
2631
3407
6275
2637
6277
2634
6276
2634
2636
6293
2637
6277
2636
2637
2684
2640
6278
2640
2644
6282
2646
6280
2643
6279
2643
2645
2692
2646
6280
2646
2650
2646
2695
2649
6281
2649
2653
6285
2655
6283
2652
6282
2652
2654
2698
2655
6283
2655
2659
2655
2701
2658
6284
2658
2662
6288
2664
6286
2661
6285
2661
2663
2704
2664
6286
2664
2668
2664
2707
2667
6287
2667
2671
6291
2673
6289
2670
6288
2670
2672
2710
2673
6289
2673
2677
2673
2713
2676
6290
2676
2680
6294
2682
6292
2679
6291
2679
2681
2716
2682
6292
2682
2686
2682
2719
2685
2689
6113
2685
6293
2691
6295
2688
6294
2688
2690
2722
2691
6295
2691
2691
2726
2694
2695
6108
2694
6108
2697
2697
2697
2699
2700
2701
6109
2700
6109
2703
2703
2703
2705
2706
2707
6110
2706
6110
2709
2709
2709
2711
2712
2713
6111
2712
6111
2715
2715
2715
2717
2718
2719
6112
2718
6112
2721
2721
2721
2723
2724
2726
2724
2727
2726
2727
2829
2908
2910
2730
2733
2911
2912
2914
2915
6296
2736
2917
2918
3409
2838
2908
6332
6333
2920
2921
6296
2840
2923
2925
6332
2737
2740
2926
2927
2929
2930
6479
2932
2933
6297
2743
2935
2936
3432
2848
2923
6338
6339
2938
2939
6297
2850
2941
2943
6338
2744
2747
2944
2945
2947
2948
6490
2950
2951
6298
2750
2953
2954
3465
2857
2941
6344
6345
2956
2957
6298
2859
2959
2961
6344
2751
2754
2962
2963
2965
2966
6501
2968
2969
6299
2757
2971
2972
3498
2866
2959
6350
6351
2974
2975
6299
2868
2977
2979
6350
2758
2761
2980
2981
2983
2984
6512
2986
2987
6300
2764
2989
2990
3531
2874
2977
6356
6357
2992
2993
6300
2876
2995
2997
6356
2765
2768
2998
2999
3001
3002
6523
3004
3005
6301
2771
3007
3008
3564
2880
2995
6362
6363
3010
3011
6301
2882
3013
3015
6362
2772
2775
3016
3017
3019
3020
6534
3022
3023
6302
2778
3025
3026
3597
2886
3013
6368
6369
3028
3029
6302
2888
3031
3033
6368
2779
2782
3034
3035
3037
3038
6545
3040
3041
6303
2785
3043
3044
3630
2892
3031
6374
6375
3046
3047
6303
2894
3049
3051
6374
2786
2789
3052
3053
3055
3056
6556
3058
3059
6304
2792
3061
3062
3663
2897
3049
6380
6381
3064
3065
6304
2899
3067
3069
6380
2793
2796
3070
3071
3073
3074
6567
3076
3077
6305
2799
3079
3080
3696
2900
3067
6386
6387
3082
3083
6305
2902
3085
3087
6386
2800
2803
3088
3089
3091
3092
6578
3094
3095
6306
2806
3097
3098
3729
2903
3085
6392
6393
3100
3101
6306
2905
3103
3105
6392
2807
2810
3106
3107
3109
3110
6589
3112
3113
6307
2813
3115
3116
3762
2906
3103
6398
6399
3118
3119
6307
2907
3121
3123
6398
2814
2817
3124
3125
3127
3128
6600
3130
3131
6611
3133
3134
3795
3827
3121
6404
6405
3136
3137
6611
2819
3139
3140
3828
3142
3143
6623
2821
3145
3146
3864
3148
3149
6635
3151
3152
6050
2824
2830
3154
3155
3157
3158
6308
2826
2832
3160
3161
3163
3164
6309
2828
2835
3166
3167
3169
3170
6310
3172
3174
3175
3176
6308
2833
2841
3178
3179
3181
3182
6309
3184
3185
6311
2836
2842
3187
3188
3190
3191
6310
3193
3194
6312
2839
2845
3196
3197
3172
3199
3200
3202
3203
6313
3199
3205
3207
3208
3209
6311
3211
3212
6312
3214
3215
6314
2846
2851
3217
3218
3220
3221
6313
3223
3224
6315
2849
2854
3226
3227
3205
3229
3230
3232
3233
6316
3229
3235
3237
3238
3239
6315
3241
3242
6317
2855
2860
3244
3245
3247
3248
6316
3250
3251
6318
2858
2863
3253
3254
3235
3256
3257
3259
3260
6319
3256
3262
3264
3265
3266
6318
3268
3269
6063
2864
2869
3271
3272
3274
3275
6319
3277
3278
6320
2867
2871
3280
3281
3262
3283
3284
3286
3287
6321
3283
3289
3291
3292
3293
6320
2872
3295
3296
3298
3299
6321
3301
3302
6322
2875
2877
3304
3305
3289
3307
3308
3310
3311
6323
3307
3313
3315
3316
3317
6323
3319
3320
6324
2881
2883
3322
3323
3313
3325
3326
3328
3329
6325
3325
3331
3333
3334
3335
6325
3337
3338
6326
2887
2889
3340
3341
3331
3343
3344
3346
3347
6327
3343
3349
3351
3352
3353
6327
3355
3356
6080
2893
2895
3358
3359
3349
3361
3362
3364
3365
6328
3361
3367
3369
3370
3371
6328
2898
3373
3374
3367
3376
3377
3379
3380
6329
3376
3382
3384
3382
3385
3386
3388
3389
6330
3385
3391
3393
3391
3394
3395
3397
3398
6331
3394
3400
3402
3400
3403
3404
3403
3406
3408
2909
3172
2910
2912
6333
2913
2913
2914
2913
2920
2916
2916
2918
6335
2919
2919
3911
2919
2929
2922
6333
2922
2926
6336
2928
6334
2924
3205
2925
2927
6339
2928
6334
2928
2932
2928
2938
2931
6335
2931
2935
6648
2937
6337
2934
6336
2934
2936
6341
2937
6337
2937
3980
2937
2947
2940
6339
2940
2944
6342
2946
6340
2942
3235
2943
2945
6345
2946
6340
2946
2950
2946
2956
2949
6341
2949
2953
6681
2955
6343
2952
6342
2952
2954
6347
2955
6343
2955
4079
2955
2965
2958
6345
2958
2962
6348
2964
6346
2960
3262
2961
2963
6351
2964
6346
2964
2968
2964
2974
2967
6347
2967
2971
6714
2973
6349
2970
6348
2970
2972
6353
2973
6349
2973
4178
2973
2983
2976
6351
2976
2980
6354
2982
6352
2978
3289
2979
2981
6357
2982
6352
2982
2986
2982
2992
2985
6353
2985
2989
6747
2991
6355
2988
6354
2988
2990
6359
2991
6355
2991
4277
2991
3001
2994
6357
2994
2998
6360
3000
6358
2996
3313
2997
2999
6363
3000
6358
3000
3004
3000
3010
3003
6359
3003
3007
6780
3009
6361
3006
6360
3006
3008
6365
3009
6361
3009
4376
3009
3019
3012
6363
3012
3016
6366
3018
6364
3014
3331
3015
3017
6369
3018
6364
3018
3022
3018
3028
3021
6365
3021
3025
6813
3027
6367
3024
6366
3024
3026
6371
3027
6367
3027
4475
3027
3037
3030
6369
3030
3034
6372
3036
6370
3032
3349
3033
3035
6375
3036
6370
3036
3040
3036
3046
3039
6371
3039
3043
6846
3045
6373
3042
6372
3042
3044
6377
3045
6373
3045
4574
3045
3055
3048
6375
3048
3052
6378
3054
6376
3050
3367
3051
3053
6381
3054
6376
3054
3058
3054
3064
3057
6377
3057
3061
6879
3063
6379
3060
6378
3060
3062
6383
3063
6379
3063
4673
3063
3073
3066
6381
3066
3070
6384
3072
6382
3068
3382
3069
3071
6387
3072
6382
3072
3076
3072
3082
3075
6383
3075
3079
6912
3081
6385
3078
6384
3078
3080
6389
3081
6385
3081
4772
3081
3091
3084
6387
3084
3088
6390
3090
6388
3086
3391
3087
3089
6393
3090
6388
3090
3094
3090
3100
3093
6389
3093
3097
6945
3099
6391
3096
6390
3096
3098
6395
3099
6391
3099
4871
3099
3109
3102
6393
3102
3106
6396
3108
6394
3104
3400
3105
3107
6399
3108
6394
3108
3112
3108
3118
3111
6395
3111
3115
6978
3117
6397
3114
6396
3114
3116
6401
3117
6397
3117
4970
3117
3127
3120
6399
3120
3124
6402
3126
6400
3122
3406
3123
3125
6405
3126
6400
3126
3130
3126
3136
3129
6401
3129
3133
7011
3135
6403
3132
6402
3132
3134
7043
3135
6403
3135
5069
3135
5165
3138
6405
3138
3139
7044
3141
6406
3141
5168
3141
3142
3144
6114
3144
3145
7080
3147
6115
3147
5276
3147
3148
3150
3150
5382
3153
3153
3155
6122
3156
3156
3157
3156
3175
3159
3159
3161
6407
3162
3162
3163
3162
3181
3165
3165
3167
6410
3168
3168
3169
3168
3190
3171
3171
3173
6413
3174
3173
3174
3200
3177
6122
3177
3178
6408
3180
6124
3180
3184
3180
3208
3183
6407
3183
3187
6411
3189
6409
3186
6408
3186
3188
6416
3189
6409
3189
3193
3189
3211
3192
6410
3192
3196
6414
3198
6412
3195
6411
3195
3197
6419
3198
6412
3198
3202
3198
3220
3201
6332
3201
6413
3207
6415
3204
6414
3204
3206
6422
3207
6415
3206
3207
3230
3210
6131
3210
6417
6133
3213
6416
3213
3217
6420
3219
6418
3216
6417
3216
3218
6425
3219
6418
3219
3223
3219
3238
3222
6419
3222
3226
6423
3228
6421
3225
6420
3225
3227
6428
3228
6421
3228
3232
3228
3247
3231
6338
3231
6422
3237
6424
3234
6423
3234
3236
6431
3237
6424
3236
3237
3257
3240
6425
3240
3244
6429
3246
6427
3243
6426
3243
3245
6434
3246
6427
3246
3250
3246
3265
3249
6428
3249
3253
6432
3255
6430
3252
6429
3252
3254
6437
3255
6430
3255
3259
3255
3274
3258
6344
3258
6431
3264
6433
3261
6432
3261
3263
6440
3264
6433
3263
3264
3284
3267
6434
3267
3271
6438
3273
6436
3270
6435
3270
3272
6161
3273
6436
3273
3277
3273
3292
3276
6437
3276
3280
6441
3282
6439
3279
6438
3279
3281
6443
3282
6439
3282
3286
3282
3298
3285
6350
3285
6440
3291
6442
3288
6441
3288
3290
6446
3291
6442
3290
3291
3308
3294
6161
3294
3295
6444
3297
6163
3297
3301
3297
3300
6443
3300
3304
6447
3306
6445
3303
6444
3303
3305
6449
3306
6445
3306
3310
3306
3316
3309
6356
3309
6446
3315
6448
3312
6447
3312
3314
6452
3315
6448
3314
3315
3326
3318
6449
3318
3322
6453
3324
6451
3321
6450
3321
3323
6455
3324
6451
3324
3328
3324
3334
3327
6362
3327
6452
3333
6454
3330
6453
3330
3332
6458
3333
6454
3332
3333
3344
3336
6455
3336
3340
6459
3342
6457
3339
6456
3339
3341
6461
3342
6457
3342
3346
3342
3352
3345
6368
3345
6458
3351
6460
3348
6459
3348
3350
6464
3351
6460
3350
3351
3362
3354
6461
3354
3358
6465
3360
6463
3357
6462
3357
3359
6212
3360
6463
3360
3364
3360
3370
3363
6374
3363
6464
3369
6466
3366
6465
3366
3368
6467
3369
6466
3368
3369
3377
3372
6212
3372
3373
6468
3375
6214
3375
3379
3375
3378
6380
3378
6467
3384
6469
3381
6468
3381
3383
6470
3384
6469
3383
3384
3386
3387
6386
3387
6470
3393
6472
3390
6471
3390
3392
6473
3393
6472
3392
3393
3395
3396
6392
3396
6473
3402
6475
3399
6474
3399
3401
6476
3402
6475
3401
3402
3404
3405
6398
3405
6476
3408
6478
3407
3408
3911
3912
6479
3411
3431
3914
3915
3917
3918
6480
3413
3434
3920
3921
3923
3924
6481
3415
3437
3926
3927
3929
3930
6482
3417
3440
3932
3933
3935
3936
6483
3419
3443
3938
3939
3941
3942
6484
3421
3446
3944
3945
3947
3948
6485
3423
3449
3950
3951
3953
3954
6486
3425
3452
3956
3957
3959
3960
6487
3427
3455
3962
3963
3965
3966
6488
3429
3458
3968
3969
3971
3972
6489
3461
3974
3975
3977
3978
6480
3980
3981
6490
3435
3464
3983
3984
3986
3987
6481
3989
3990
6491
3438
3467
3992
3993
3995
3996
6482
3998
3999
6492
3441
3470
4001
4002
4004
4005
6483
4007
4008
6493
3444
3473
4010
4011
4013
4014
6484
4016
4017
6494
3447
3476
4019
4020
4022
4023
6485
4025
4026
6495
3450
3479
4028
4029
4031
4032
6486
4034
4035
6496
3453
3482
4037
4038
4040
4041
6487
4043
4044
6497
3456
3485
4046
4047
4049
4050
6488
4052
4053
6498
3459
3488
4055
4056
4058
4059
6489
4061
4062
6499
3462
3491
4064
4065
4067
4068
4070
4071
6500
3494
4073
4074
4076
4077
6491
4079
4080
6501
3468
3497
4082
4083
4085
4086
6492
4088
4089
6502
3471
3500
4091
4092
4094
4095
6493
4097
4098
6503
3474
3503
4100
4101
4103
4104
6494
4106
4107
6504
3477
3506
4109
4110
4112
4113
6495
4115
4116
6505
3480
3509
4118
4119
4121
4122
6496
4124
4125
6506
3483
3512
4127
4128
4130
4131
6497
4133
4134
6507
3486
3515
4136
4137
4139
4140
6498
4142
4143
6508
3489
3518
4145
4146
4148
4149
6499
4151
4152
6509
3492
3521
4154
4155
4157
4158
6500
4160
4161
6510
3495
3524
4163
4164
4166
4167
4169
4170
6511
3527
4172
4173
4175
4176
6502
4178
4179
6512
3501
3530
4181
4182
4184
4185
6503
4187
4188
6513
3504
3533
4190
4191
4193
4194
6504
4196
4197
6514
3507
3536
4199
4200
4202
4203
6505
4205
4206
6515
3510
3539
4208
4209
4211
4212
6506
4214
4215
6516
3513
3542
4217
4218
4220
4221
6507
4223
4224
6517
3516
3545
4226
4227
4229
4230
6508
4232
4233
6518
3519
3548
4235
4236
4238
4239
6509
4241
4242
6519
3522
3551
4244
4245
4247
4248
6510
4250
4251
6520
3525
3554
4253
4254
4256
4257
6511
4259
4260
6521
3528
3557
4262
4263
4265
4266
4268
4269
6522
3560
4271
4272
4274
4275
6513
4277
4278
6523
3534
3563
4280
4281
4283
4284
6514
4286
4287
6524
3537
3566
4289
4290
4292
4293
6515
4295
4296
6525
3540
3569
4298
4299
4301
4302
6516
4304
4305
6526
3543
3572
4307
4308
4310
4311
6517
4313
4314
6527
3546
3575
4316
4317
4319
4320
6518
4322
4323
6528
3549
3578
4325
4326
4328
4329
6519
4331
4332
6529
3552
3581
4334
4335
4337
4338
6520
4340
4341
6530
3555
3584
4343
4344
4346
4347
6521
4349
4350
6531
3558
3587
4352
4353
4355
4356
6522
4358
4359
6532
3561
3590
4361
4362
4364
4365
4367
4368
6533
3593
4370
4371
4373
4374
6524
4376
4377
6534
3567
3596
4379
4380
4382
4383
6525
4385
4386
6535
3570
3599
4388
4389
4391
4392
6526
4394
4395
6536
3573
3602
4397
4398
4400
4401
6527
4403
4404
6537
3576
3605
4406
4407
4409
4410
6528
4412
4413
6538
3579
3608
4415
4416
4418
4419
6529
4421
4422
6539
3582
3611
4424
4425
4427
4428
6530
4430
4431
6540
3585
3614
4433
4434
4436
4437
6531
4439
4440
6541
3588
3617
4442
4443
4445
4446
6532
4448
4449
6542
3591
3620
4451
4452
4454
4455
6533
4457
4458
6543
3594
3623
4460
4461
4463
4464
4466
4467
6544
3626
4469
4470
4472
4473
6535
4475
4476
6545
3600
3629
4478
4479
4481
4482
6536
4484
4485
6546
3603
3632
4487
4488
4490
4491
6537
4493
4494
6547
3606
3635
4496
4497
4499
4500
6538
4502
4503
6548
3609
3638
4505
4506
4508
4509
6539
4511
4512
6549
3612
3641
4514
4515
4517
4518
6540
4520
4521
6550
3615
3644
4523
4524
4526
4527
6541
4529
4530
6551
3618
3647
4532
4533
4535
4536
6542
4538
4539
6552
3621
3650
4541
4542
4544
4545
6543
4547
4548
6553
3624
3653
4550
4551
4553
4554
6544
4556
4557
6554
3627
3656
4559
4560
4562
4563
4565
4566
6555
3659
4568
4569
4571
4572
6546
4574
4575
6556
3633
3662
4577
4578
4580
4581
6547
4583
4584
6557
3636
3665
4586
4587
4589
4590
6548
4592
4593
6558
3639
3668
4595
4596
4598
4599
6549
4601
4602
6559
3642
3671
4604
4605
4607
4608
6550
4610
4611
6560
3645
3674
4613
4614
4616
4617
6551
4619
4620
6561
3648
3677
4622
4623
4625
4626
6552
4628
4629
6562
3651
3680
4631
4632
4634
4635
6553
4637
4638
6563
3654
3683
4640
4641
4643
4644
6554
4646
4647
6564
3657
3686
4649
4650
4652
4653
6555
4655
4656
6565
3660
3689
4658
4659
4661
4662
4664
4665
6566
3692
4667
4668
4670
4671
6557
4673
4674
6567
3666
3695
4676
4677
4679
4680
6558
4682
4683
6568
3669
3698
4685
4686
4688
4689
6559
4691
4692
6569
3672
3701
4694
4695
4697
4698
6560
4700
4701
6570
3675
3704
4703
4704
4706
4707
6561
4709
4710
6571
3678
3707
4712
4713
4715
4716
6562
4718
4719
6572
3681
3710
4721
4722
4724
4725
6563
4727
4728
6573
3684
3713
4730
4731
4733
4734
6564
4736
4737
6574
3687
3716
4739
4740
4742
4743
6565
4745
4746
6575
3690
3719
4748
4749
4751
4752
6566
4754
4755
6576
3693
3722
4757
4758
4760
4761
4763
4764
6577
3725
4766
4767
4769
4770
6568
4772
4773
6578
3699
3728
4775
4776
4778
4779
6569
4781
4782
6579
3702
3731
4784
4785
4787
4788
6570
4790
4791
6580
3705
3734
4793
4794
4796
4797
6571
4799
4800
6581
3708
3737
4802
4803
4805
4806
6572
4808
4809
6582
3711
3740
4811
4812
4814
4815
6573
4817
4818
6583
3714
3743
4820
4821
4823
4824
6574
4826
4827
6584
3717
3746
4829
4830
4832
4833
6575
4835
4836
6585
3720
3749
4838
4839
4841
4842
6576
4844
4845
6586
3723
3752
4847
4848
4850
4851
6577
4853
4854
6587
3726
3755
4856
4857
4859
4860
4862
4863
6588
3758
4865
4866
4868
4869
6579
4871
4872
6589
3732
3761
4874
4875
4877
4878
6580
4880
4881
6590
3735
3764
4883
4884
4886
4887
6581
4889
4890
6591
3738
3767
4892
4893
4895
4896
6582
4898
4899
6592
3741
3770
4901
4902
4904
4905
6583
4907
4908
6593
3744
3773
4910
4911
4913
4914
6584
4916
4917
6594
3747
3776
4919
4920
4922
4923
6585
4925
4926
6595
3750
3779
4928
4929
4931
4932
6586
4934
4935
6596
3753
3782
4937
4938
4940
4941
6587
4943
4944
6597
3756
3785
4946
4947
4949
4950
6588
4952
4953
6598
3759
3788
4955
4956
4958
4959
4961
4962
6599
3791
4964
4965
4967
4968
6590
4970
4971
6600
3765
3794
4973
4974
4976
4977
6591
4979
4980
6601
3768
3797
4982
4983
4985
4986
6592
4988
4989
6602
3771
3800
4991
4992
4994
4995
6593
4997
4998
6603
3774
3803
5000
5001
5003
5004
6594
5006
5007
6604
3777
3806
5009
5010
5012
5013
6595
5015
5016
6605
3780
3809
5018
5019
5021
5022
6596
5024
5025
6606
3783
3812
5027
5028
5030
5031
6597
5033
5034
6607
3786
3815
5036
5037
5039
5040
6598
5042
5043
6608
3789
3818
5045
5046
5048
5049
6599
5051
5052
6609
3792
3821
5054
5055
5057
5058
5060
5061
6610
3824
5063
5064
5066
5067
6601
5069
5070
6612
3798
3830
5072
5073
5075
5076
6602
5078
5079
6613
3801
3833
5081
5082
5084
5085
6603
5087
5088
6614
3804
3836
5090
5091
5093
5094
6604
5096
5097
6615
3807
3839
5099
5100
5102
5103
6605
5105
5106
6616
3810
3842
5108
5109
5111
5112
6606
5114
5115
6617
3813
3845
5117
5118
5120
5121
6607
5123
5124
6618
3816
3848
5126
5127
5129
5130
6608
5132
5133
6619
3819
3851
5135
5136
5138
5139
6609
5141
5142
6620
3822
3854
5144
5145
5147
5148
6610
5150
5151
6621
3825
3857
5153
5154
5156
5157
5159
5160
6622
3860
5162
5163
5165
5166
6612
5168
5169
6623
3831
3863
5171
5172
5174
5175
6613
5177
5178
6624
3834
3866
5180
5181
5183
5184
6614
5186
5187
6625
3837
3869
5189
5190
5192
5193
6615
5195
5196
6626
3840
3872
5198
5199
5201
5202
6616
5204
5205
6627
3843
3875
5207
5208
5210
5211
6617
5213
5214
6628
3846
3878
5216
5217
5219
5220
6618
5222
5223
6629
3849
3881
5225
5226
5228
5229
6619
5231
5232
6630
3852
3884
5234
5235
5237
5238
6620
5240
5241
6631
3855
3887
5243
5244
5246
5247
6621
5249
5250
6632
3858
3890
5252
5253
5255
5256
6622
5258
5259
6633
3861
3893
5261
5262
5264
5265
5267
5268
6634
3896
5270
5271
5273
5274
6624
5276
5277
6635
3867
3899
5279
5280
5282
5283
6625
5285
5286
6636
3870
3900
5288
5289
5291
5292
6626
5294
5295
6637
3873
3901
5297
5298
5300
5301
6627
5303
5304
6638
3876
3902
5306
5307
5309
5310
6628
5312
5313
6639
3879
3903
5315
5316
5318
5319
6629
5321
5322
6640
3882
3904
5324
5325
5327
5328
6630
5330
5331
6641
3885
3905
5333
5334
5336
5337
6631
5339
5340
6642
3888
3906
5342
5343
5345
5346
6632
5348
5349
6643
3891
3907
5351
5352
5354
5355
6633
5357
5358
6644
3894
3908
5360
5361
5363
5364
6634
5366
5367
6645
3897
3909
5369
5370
5372
5373
5375
5376
6646
3910
5378
5379
5384
5385
6636
5390
5391
6637
5396
5397
6638
5402
5403
6639
5408
5409
6640
5414
5415
6641
5420
5421
6642
5426
5427
6643
5432
5433
6644
5438
5439
6645
5444
5445
6646
5450
5451
3913
3913
3915
6647
3916
3916
3917
3916
3977
3919
3919
3921
6650
3922
3922
3923
3922
3986
3925
3925
3927
6653
3928
3928
3929
3928
3995
3931
3931
3933
6656
3934
3934
3935
3934
4004
3937
3937
3939
6659
3940
3940
3941
3940
4013
3943
3943
3945
6662
3946
3946
3947
3946
4022
3949
3949
3951
6665
3952
3952
3953
3952
4031
3955
3955
3957
6668
3958
3958
3959
3958
4040
3961
3961
3963
6671
3964
3964
3965
3964
4049
3967
3967
3969
6674
3970
3970
3971
3970
4058
3973
3973
3975
6677
3976
3976
3976
4067
3979
6647
3979
3983
6651
3985
6649
3982
6648
3982
3984
6680
3985
6649
3985
3989
3985
4076
3988
6650
3988
3992
6654
3994
6652
3991
6651
3991
3993
6683
3994
6652
3994
3998
3994
4085
3997
6653
3997
4001
6657
4003
6655
4000
6654
4000
4002
6686
4003
6655
4003
4007
4003
4094
4006
6656
4006
4010
6660
4012
6658
4009
6657
4009
4011
6689
4012
6658
4012
4016
4012
4103
4015
6659
4015
4019
6663
4021
6661
4018
6660
4018
4020
6692
4021
6661
4021
4025
4021
4112
4024
6662
4024
4028
6666
4030
6664
4027
6663
4027
4029
6695
4030
6664
4030
4034
4030
4121
4033
6665
4033
4037
6669
4039
6667
4036
6666
4036
4038
6698
4039
6667
4039
4043
4039
4130
4042
6668
4042
4046
6672
4048
6670
4045
6669
4045
4047
6701
4048
6670
4048
4052
4048
4139
4051
6671
4051
4055
6675
4057
6673
4054
6672
4054
4056
6704
4057
6673
4057
4061
4057
4148
4060
6674
4060
4064
6678
4066
6676
4063
6675
4063
4065
6707
4066
6676
4066
4070
4066
4157
4069
6677
4069
4073
4075
6679
4072
6678
4072
4074
6710
4075
6679
4075
4075
4166
4078
6680
4078
4082
6684
4084
6682
4081
6681
4081
4083
6713
4084
6682
4084
4088
4084
4175
4087
6683
4087
4091
6687
4093
6685
4090
6684
4090
4092
6716
4093
6685
4093
4097
4093
4184
4096
6686
4096
4100
6690
4102
6688
4099
6687
4099
4101
6719
4102
6688
4102
4106
4102
4193
4105
6689
4105
4109
6693
4111
6691
4108
6690
4108
4110
6722
4111
6691
4111
4115
4111
4202
4114
6692
4114
4118
6696
4120
6694
4117
6693
4117
4119
6725
4120
6694
4120
4124
4120
4211
4123
6695
4123
4127
6699
4129
6697
4126
6696
4126
4128
6728
4129
6697
4129
4133
4129
4220
4132
6698
4132
4136
6702
4138
6700
4135
6699
4135
4137
6731
4138
6700
4138
4142
4138
4229
4141
6701
4141
4145
6705
4147
6703
4144
6702
4144
4146
6734
4147
6703
4147
4151
4147
4238
4150
6704
4150
4154
6708
4156
6706
4153
6705
4153
4155
6737
4156
6706
4156
4160
4156
4247
4159
6707
4159
4163
6711
4165
6709
4162
6708
4162
4164
6740
4165
6709
4165
4169
4165
4256
4168
6710
4168
4172
4174
6712
4171
6711
4171
4173
6743
4174
6712
4174
4174
4265
4177
6713
4177
4181
6717
4183
6715
4180
6714
4180
4182
6746
4183
6715
4183
4187
4183
4274
4186
6716
4186
4190
6720
4192
6718
4189
6717
4189
4191
6749
4192
6718
4192
4196
4192
4283
4195
6719
4195
4199
6723
4201
6721
4198
6720
4198
4200
6752
4201
6721
4201
4205
4201
4292
4204
6722
4204
4208
6726
4210
6724
4207
6723
4207
4209
6755
4210
6724
4210
4214
4210
4301
4213
6725
4213
4217
6729
4219
6727
4216
6726
4216
4218
6758
4219
6727
4219
4223
4219
4310
4222
6728
4222
4226
6732
4228
6730
4225
6729
4225
4227
6761
4228
6730
4228
4232
4228
4319
4231
6731
4231
4235
6735
4237
6733
4234
6732
4234
4236
6764
4237
6733
4237
4241
4237
4328
4240
6734
4240
4244
6738
4246
6736
4243
6735
4243
4245
6767
4246
6736
4246
4250
4246
4337
4249
6737
4249
4253
6741
4255
6739
4252
6738
4252
4254
6770
4255
6739
4255
4259
4255
4346
4258
6740
4258
4262
6744
4264
6742
4261
6741
4261
4263
6773
4264
6742
4264
4268
4264
4355
4267
6743
4267
4271
4273
6745
4270
6744
4270
4272
6776
4273
6745
4273
4273
4364
4276
6746
4276
4280
6750
4282
6748
4279
6747
4279
4281
6779
4282
6748
4282
4286
4282
4373
4285
6749
4285
4289
6753
4291
6751
4288
6750
4288
4290
6782
4291
6751
4291
4295
4291
4382
4294
6752
4294
4298
6756
4300
6754
4297
6753
4297
4299
6785
4300
6754
4300
4304
4300
4391
4303
6755
4303
4307
6759
4309
6757
4306
6756
4306
4308
6788
4309
6757
4309
4313
4309
4400
4312
6758
4312
4316
6762
4318
6760
4315
6759
4315
4317
6791
4318
6760
4318
4322
4318
4409
4321
6761
4321
4325
6765
4327
6763
4324
6762
4324
4326
6794
4327
6763
4327
4331
4327
4418
4330
6764
4330
4334
6768
4336
6766
4333
6765
4333
4335
6797
4336
6766
4336
4340
4336
4427
4339
6767
4339
4343
6771
4345
6769
4342
6768
4342
4344
6800
4345
6769
4345
4349
4345
4436
4348
6770
4348
4352
6774
4354
6772
4351
6771
4351
4353
6803
4354
6772
4354
4358
4354
4445
4357
6773
4357
4361
6777
4363
6775
4360
6774
4360
4362
6806
4363
6775
4363
4367
4363
4454
4366
6776
4366
4370
4372
6778
4369
6777
4369
4371
6809
4372
6778
4372
4372
4463
4375
6779
4375
4379
6783
4381
6781
4378
6780
4378
4380
6812
4381
6781
4381
4385
4381
4472
4384
6782
4384
4388
6786
4390
6784
4387
6783
4387
4389
6815
4390
6784
4390
4394
4390
4481
4393
6785
4393
4397
6789
4399
6787
4396
6786
4396
4398
6818
4399
6787
4399
4403
4399
4490
4402
6788
4402
4406
6792
4408
6790
4405
6789
4405
4407
6821
4408
6790
4408
4412
4408
4499
4411
6791
4411
4415
6795
4417
6793
4414
6792
4414
4416
6824
4417
6793
4417
4421
4417
4508
4420
6794
4420
4424
6798
4426
6796
4423
6795
4423
4425
6827
4426
6796
4426
4430
4426
4517
4429
6797
4429
4433
6801
4435
6799
4432
6798
4432
4434
6830
4435
6799
4435
4439
4435
4526
4438
6800
4438
4442
6804
4444
6802
4441
6801
4441
4443
6833
4444
6802
4444
4448
4444
4535
4447
6803
4447
4451
6807
4453
6805
4450
6804
4450
4452
6836
4453
6805
4453
4457
4453
4544
4456
6806
4456
4460
6810
4462
6808
4459
6807
4459
4461
6839
4462
6808
4462
4466
4462
4553
4465
6809
4465
4469
4471
6811
4468
6810
4468
4470
6842
4471
6811
4471
4471
4562
4474
6812
4474
4478
6816
4480
6814
4477
6813
4477
4479
6845
4480
6814
4480
4484
4480
4571
4483
6815
4483
4487
6819
4489
6817
4486
6816
4486
4488
6848
4489
6817
4489
4493
4489
4580
4492
6818
4492
4496
6822
4498
6820
4495
6819
4495
4497
6851
4498
6820
4498
4502
4498
4589
4501
6821
4501
4505
6825
4507
6823
4504
6822
4504
4506
6854
4507
6823
4507
4511
4507
4598
4510
6824
4510
4514
6828
4516
6826
4513
6825
4513
4515
6857
4516
6826
4516
4520
4516
4607
4519
6827
4519
4523
6831
4525
6829
4522
6828
4522
4524
6860
4525
6829
4525
4529
4525
4616
4528
6830
4528
4532
6834
4534
6832
4531
6831
4531
4533
6863
4534
6832
4534
4538
4534
4625
4537
6833
4537
4541
6837
4543
6835
4540
6834
4540
4542
6866
4543
6835
4543
4547
4543
4634
4546
6836
4546
4550
6840
4552
6838
4549
6837
4549
4551
6869
4552
6838
4552
4556
4552
4643
4555
6839
4555
4559
6843
4561
6841
4558
6840
4558
4560
6872
4561
6841
4561
4565
4561
4652
4564
6842
4564
4568
4570
6844
4567
6843
4567
4569
6875
4570
6844
4570
4570
4661
4573
6845
4573
4577
6849
4579
6847
4576
6846
4576
4578
6878
4579
6847
4579
4583
4579
4670
4582
6848
4582
4586
6852
4588
6850
4585
6849
4585
4587
6881
4588
6850
4588
4592
4588
4679
4591
6851
4591
4595
6855
4597
6853
4594
6852
4594
4596
6884
4597
6853
4597
4601
4597
4688
4600
6854
4600
4604
6858
4606
6856
4603
6855
4603
4605
6887
4606
6856
4606
4610
4606
4697
4609
6857
4609
4613
6861
4615
6859
4612
6858
4612
4614
6890
4615
6859
4615
4619
4615
4706
4618
6860
4618
4622
6864
4624
6862
4621
6861
4621
4623
6893
4624
6862
4624
4628
4624
4715
4627
6863
4627
4631
6867
4633
6865
4630
6864
4630
4632
6896
4633
6865
4633
4637
4633
4724
4636
6866
4636
4640
6870
4642
6868
4639
6867
4639
4641
6899
4642
6868
4642
4646
4642
4733
4645
6869
4645
4649
6873
4651
6871
4648
6870
4648
4650
6902
4651
6871
4651
4655
4651
4742
4654
6872
4654
4658
6876
4660
6874
4657
6873
4657
4659
6905
4660
6874
4660
4664
4660
4751
4663
6875
4663
4667
4669
6877
4666
6876
4666
4668
6908
4669
6877
4669
4669
4760
4672
6878
4672
4676
6882
4678
6880
4675
6879
4675
4677
6911
4678
6880
4678
4682
4678
4769
4681
6881
4681
4685
6885
4687
6883
4684
6882
4684
4686
6914
4687
6883
4687
4691
4687
4778
4690
6884
4690
4694
6888
4696
6886
4693
6885
4693
4695
6917
4696
6886
4696
4700
4696
4787
4699
6887
4699
4703
6891
4705
6889
4702
6888
4702
4704
6920
4705
6889
4705
4709
4705
4796
4708
6890
4708
4712
6894
4714
6892
4711
6891
4711
4713
6923
4714
6892
4714
4718
4714
4805
4717
6893
4717
4721
6897
4723
6895
4720
6894
4720
4722
6926
4723
6895
4723
4727
4723
4814
4726
6896
4726
4730
6900
4732
6898
4729
6897
4729
4731
6929
4732
6898
4732
4736
4732
4823
4735
6899
4735
4739
6903
4741
6901
4738
6900
4738
4740
6932
4741
6901
4741
4745
4741
4832
4744
6902
4744
4748
6906
4750
6904
4747
6903
4747
4749
6935
4750
6904
4750
4754
4750
4841
4753
6905
4753
4757
6909
4759
6907
4756
6906
4756
4758
6938
4759
6907
4759
4763
4759
4850
4762
6908
4762
4766
4768
6910
4765
6909
4765
4767
6941
4768
6910
4768
4768
4859
4771
6911
4771
4775
6915
4777
6913
4774
6912
4774
4776
6944
4777
6913
4777
4781
4777
4868
4780
6914
4780
4784
6918
4786
6916
4783
6915
4783
4785
6947
4786
6916
4786
4790
4786
4877
4789
6917
4789
4793
6921
4795
6919
4792
6918
4792
4794
6950
4795
6919
4795
4799
4795
4886
4798
6920
4798
4802
6924
4804
6922
4801
6921
4801
4803
6953
4804
6922
4804
4808
4804
4895
4807
6923
4807
4811
6927
4813
6925
4810
6924
4810
4812
6956
4813
6925
4813
4817
4813
4904
4816
6926
4816
4820
6930
4822
6928
4819
6927
4819
4821
6959
4822
6928
4822
4826
4822
4913
4825
6929
4825
4829
6933
4831
6931
4828
6930
4828
4830
6962
4831
6931
4831
4835
4831
4922
4834
6932
4834
4838
6936
4840
6934
4837
6933
4837
4839
6965
4840
6934
4840
4844
4840
4931
4843
6935
4843
4847
6939
4849
6937
4846
6936
4846
4848
6968
4849
6937
4849
4853
4849
4940
4852
6938
4852
4856
6942
4858
6940
4855
6939
4855
4857
6971
4858
6940
4858
4862
4858
4949
4861
6941
4861
4865
4867
6943
4864
6942
4864
4866
6974
4867
6943
4867
4867
4958
4870
6944
4870
4874
6948
4876
6946
4873
6945
4873
4875
6977
4876
6946
4876
4880
4876
4967
4879
6947
4879
4883
6951
4885
6949
4882
6948
4882
4884
6980
4885
6949
4885
4889
4885
4976
4888
6950
4888
4892
6954
4894
6952
4891
6951
4891
4893
6983
4894
6952
4894
4898
4894
4985
4897
6953
4897
4901
6957
4903
6955
4900
6954
4900
4902
6986
4903
6955
4903
4907
4903
4994
4906
6956
4906
4910
6960
4912
6958
4909
6957
4909
4911
6989
4912
6958
4912
4916
4912
5003
4915
6959
4915
4919
6963
4921
6961
4918
6960
4918
4920
6992
4921
6961
4921
4925
4921
5012
4924
6962
4924
4928
6966
4930
6964
4927
6963
4927
4929
6995
4930
6964
4930
4934
4930
5021
4933
6965
4933
4937
6969
4939
6967
4936
6966
4936
4938
6998
4939
6967
4939
4943
4939
5030
4942
6968
4942
4946
6972
4948
6970
4945
6969
4945
4947
7001
4948
6970
4948
4952
4948
5039
4951
6971
4951
4955
6975
4957
6973
4954
6972
4954
4956
7004
4957
6973
4957
4961
4957
5048
4960
6974
4960
4964
4966
6976
4963
6975
4963
4965
7007
4966
6976
4966
4966
5057
4969
6977
4969
4973
6981
4975
6979
4972
6978
4972
4974
7010
4975
6979
4975
4979
4975
5066
4978
6980
4978
4982
6984
4984
6982
4981
6981
4981
4983
7013
4984
6982
4984
4988
4984
5075
4987
6983
4987
4991
6987
4993
6985
4990
6984
4990
4992
7016
4993
6985
4993
4997
4993
5084
4996
6986
4996
5000
6990
5002
6988
4999
6987
4999
5001
7019
5002
6988
5002
5006
5002
5093
5005
6989
5005
5009
6993
5011
6991
5008
6990
5008
5010
7022
5011
6991
5011
5015
5011
5102
5014
6992
5014
5018
6996
5020
6994
5017
6993
5017
5019
7025
5020
6994
5020
5024
5020
5111
5023
6995
5023
5027
6999
5029
6997
5026
6996
5026
5028
7028
5029
6997
5029
5033
5029
5120
5032
6998
5032
5036
7002
5038
7000
5035
6999
5035
5037
7031
5038
7000
5038
5042
5038
5129
5041
7001
5041
5045
7005
5047
7003
5044
7002
5044
5046
7034
5047
7003
5047
5051
5047
5138
5050
7004
5050
5054
7008
5056
7006
5053
7005
5053
5055
7037
5056
7006
5056
5060
5056
5147
5059
7007
5059
5063
5065
7009
5062
7008
5062
5064
7040
5065
7009
5065
5065
5156
5068
7010
5068
5072
7014
5074
7012
5071
7011
5071
5073
7046
5074
7012
5074
5078
5074
5174
5077
7013
5077
5081
7017
5083
7015
5080
7014
5080
5082
7049
5083
7015
5083
5087
5083
5183
5086
7016
5086
5090
7020
5092
7018
5089
7017
5089
5091
7052
5092
7018
5092
5096
5092
5192
5095
7019
5095
5099
7023
5101
7021
5098
7020
5098
5100
7055
5101
7021
5101
5105
5101
5201
5104
7022
5104
5108
7026
5110
7024
5107
7023
5107
5109
7058
5110
7024
5110
5114
5110
5210
5113
7025
5113
5117
7029
5119
7027
5116
7026
5116
5118
7061
5119
7027
5119
5123
5119
5219
5122
7028
5122
5126
7032
5128
7030
5125
7029
5125
5127
7064
5128
7030
5128
5132
5128
5228
5131
7031
5131
5135
7035
5137
7033
5134
7032
5134
5136
7067
5137
7033
5137
5141
5137
5237
5140
7034
5140
5144
7038
5146
7036
5143
7035
5143
5145
7070
5146
7036
5146
5150
5146
5246
5149
7037
5149
5153
7041
5155
7039
5152
7038
5152
5154
7073
5155
7039
5155
5159
5155
5255
5158
7040
5158
5162
5164
7042
5161
7041
5161
5163
7076
5164
7042
5164
5164
5264
5167
7043
5167
5171
7047
5173
7045
5170
7044
5170
5172
7079
5173
7045
5173
5177
5173
5273
5176
7046
5176
5180
7050
5182
7048
5179
7047
5179
5181
7082
5182
7048
5182
5186
5182
5282
5185
7049
5185
5189
7053
5191
7051
5188
7050
5188
5190
7085
5191
7051
5191
5195
5191
5291
5194
7052
5194
5198
7056
5200
7054
5197
7053
5197
5199
7088
5200
7054
5200
5204
5200
5300
5203
7055
5203
5207
7059
5209
7057
5206
7056
5206
5208
7091
5209
7057
5209
5213
5209
5309
5212
7058
5212
5216
7062
5218
7060
5215
7059
5215
5217
7094
5218
7060
5218
5222
5218
5318
5221
7061
5221
5225
7065
5227
7063
5224
7062
5224
5226
7097
5227
7063
5227
5231
5227
5327
5230
7064
5230
5234
7068
5236
7066
5233
7065
5233
5235
7100
5236
7066
5236
5240
5236
5336
5239
7067
5239
5243
7071
5245
7069
5242
7068
5242
5244
7103
5245
7069
5245
5249
5245
5345
5248
7070
5248
5252
7074
5254
7072
5251
7071
5251
5253
7106
5254
7072
5254
5258
5254
5354
5257
7073
5257
5261
7077
5263
7075
5260
7074
5260
5262
7109
5263
7075
5263
5267
5263
5363
5266
7076
5266
5270
5272
7078
5269
7077
5269
5271
7112
5272
7078
5272
5272
5372
5275
7079
5275
5279
7083
5281
7081
5278
7080
5278
5280
5381
5281
7081
5281
5285
5281
5384
5284
7082
5284
5288
7086
5290
7084
5287
7083
5287
5289
5387
5290
7084
5290
5294
5290
5390
5293
7085
5293
5297
7089
5299
7087
5296
7086
5296
5298
5393
5299
7087
5299
5303
5299
5396
5302
7088
5302
5306
7092
5308
7090
5305
7089
5305
5307
5399
5308
7090
5308
5312
5308
5402
5311
7091
5311
5315
7095
5317
7093
5314
7092
5314
5316
5405
5317
7093
5317
5321
5317
5408
5320
7094
5320
5324
7098
5326
7096
5323
7095
5323
5325
5411
5326
7096
5326
5330
5326
5414
5329
7097
5329
5333
7101
5335
7099
5332
7098
5332
5334
5417
5335
7099
5335
5339
5335
5420
5338
7100
5338
5342
7104
5344
7102
5341
7101
5341
5343
5423
5344
7102
5344
5348
5344
5426
5347
7103
5347
5351
7107
5353
7105
5350
7104
5350
5352
5429
5353
7105
5353
5357
5353
5432
5356
7106
5356
5360
7110
5362
7108
5359
7107
5359
5361
5435
5362
7108
5362
5366
5362
5438
5365
7109
5365
5369
7113
5371
7111
5368
7110
5368
5370
5441
5371
7111
5371
5375
5371
5444
5374
7112
5374
5378
5380
7114
5377
7113
5377
5379
5447
5380
7114
5380
5380
5450
5383
5384
6635
5383
6635
5386
5386
5386
5388
5389
5390
6636
5389
6636
5392
5392
5392
5394
5395
5396
6637
5395
6637
5398
5398
5398
5400
5401
5402
6638
5401
6638
5404
5404
5404
5406
5407
5408
6639
5407
6639
5410
5410
5410
5412
5413
5414
6640
5413
6640
5416
5416
5416
5418
5419
5420
6641
5419
6641
5422
5422
5422
5424
5425
5426
6642
5425
6642
5428
5428
5428
5430
5431
5432
6643
5431
6643
5434
5434
5434
5436
5437
5438
6644
5437
6644
5440
5440
5440
5442
5443
5444
6645
5443
6645
5446
5446
5446
5448
5449
5450
6646
5449
6646
5452
5452
5452
7115
9047
9059
5455
7117
9050
7116
9062
5457
5458
9053
7118
9065
5459
9095
9067
5462
5463
7540
7544
7597
7598
5529
7560
5529
5465
7568
7593
7605
5467
5468
7527
7528
5469
7580
5469
5530
5531
5533
5534
5536
5537
5539
5540
5542
5543
5545
5546
5548
5549
5551
5552
5554
5555
5557
5558
5560
5561
5563
5564
5566
5567
5569
5570
5572
5573
5575
5576
5578
5579
5581
5582
5584
5585
5587
5588
5590
5591
5593
5594
5596
5597
5599
5600
5602
5603
5605
5606
5608
5609
5611
5612
5614
5615
5617
5618
5620
5621
5623
5624
5626
5627
5629
5630
5632
5633
5635
5636
5638
5639
5641
5642
5644
5645
5647
5648
5650
5651
5653
5654
5656
5657
5659
5660
5662
5663
5665
5666
5668
5669
5671
5672
5674
5675
5677
5678
5680
5681
5683
5684
5686
5687
5689
5690
5532
5532
5535
5535
5538
5538
5541
5541
5544
5544
5547
5547
5550
5550
5553
5553
5556
5556
5559
5559
5562
5562
5565
5565
5568
5568
5571
5571
5574
5574
5577
5577
5580
5580
5583
5583
5586
5586
5589
5589
5592
5592
5595
5595
5598
5598
5601
5601
5604
5604
5607
5607
5610
5610
5613
5613
5616
5616
5619
5619
5622
5622
5625
5625
5628
5628
5631
5631
5634
5634
5637
5637
5640
5640
5643
5643
5646
5646
5649
5649
5652
5652
5655
5655
5658
5658
5661
5661
5664
5664
5667
5667
5670
5670
5673
5673
5676
5676
5679
5679
5682
5682
5685
5685
5688
5688
5691
5691
5787
5788
5790
5791
5793
5794
5796
5797
5799
5800
5802
5803
5805
5806
5808
5809
5811
5812
5814
5815
5817
5818
5820
5821
5823
5824
5826
5827
5829
5830
5832
5833
5835
5836
5838
5839
5841
5842
5844
5845
5847
5848
5850
5851
5853
5854
5856
5857
5859
5860
5862
5863
5865
5866
5868
5869
5871
5872
5874
5875
5877
5878
5880
5881
5883
5884
5886
5887
5889
5890
5892
5893
5895
5896
5898
5899
5901
5902
5904
5905
5907
5908
5910
5911
5913
5914
5916
5917
5919
5920
5922
5923
5925
5926
5928
5929
5931
5932
5934
5935
5937
5938
5940
5941
5943
5944
5946
5947
5949
5950
5952
5953
5955
5956
5958
5959
5961
5962
5964
5965
5967
5968
5970
5971
5973
5974
5976
5977
5979
5980
5982
5983
5985
5986
5988
5989
5991
5992
5994
5995
5997
5998
6000
6001
6003
6004
6006
6007
6009
6010
6012
6013
6015
6016
6018
6019
6021
6022
6024
6025
6027
6028
6030
6031
6033
6034
6036
6037
6039
6040
6042
6043
6045
6046
7607
7608
5789
5789
5792
5792
5795
5795
5798
5798
5801
5801
5804
5804
5807
5807
5810
5810
5813
5813
5816
5816
5819
5819
5822
5822
5825
5825
5828
5828
5831
5831
5834
5834
5837
5837
5840
5840
5843
5843
5846
5846
5849
5849
5852
5852
5855
5855
5858
5858
5861
5861
5864
5864
5867
5867
5870
5870
5873
5873
5876
5876
5879
5879
5882
5882
5885
5885
5888
5888
5891
5891
5894
5894
5897
5897
5900
5900
5903
5903
5906
5906
5909
5909
5912
5912
5915
5915
5918
5918
5921
5921
5924
5924
5927
5927
5930
5930
5933
5933
5936
5936
5939
5939
5942
5942
5945
5945
5948
5948
5951
5951
5954
5954
5957
5957
5960
5960
5963
5963
5966
5966
5969
5969
5972
5972
5975
5975
5978
5978
5981
5981
5984
5984
5987
5987
5990
5990
5993
5993
5996
5996
5999
5999
6002
6002
6005
6005
6008
6008
6011
6011
6014
6014
6017
6017
6020
6020
6023
6023
6026
6026
6029
6029
6032
6032
6035
6035
6038
6038
6041
6041
6044
6044
6047
6047
6116
6117
6119
6120
6122
6123
6125
6126
6128
6129
6131
6132
6134
6135
6137
6138
6140
6141
6143
6144
6146
6147
6149
6150
6152
6153
6155
6156
6158
6159
6161
6162
6164
6165
6167
6168
6170
6171
6173
6174
6176
6177
6179
6180
6182
6183
6185
6186
6188
6189
6191
6192
6194
6195
6197
6198
6200
6201
6203
6204
6206
6207
6209
6210
6212
6213
6215
6216
6218
6219
6221
6222
6224
6225
6227
6228
6230
6231
6233
6234
6236
6237
6239
6240
6242
6243
6245
6246
6248
6249
6251
6252
6254
6255
6257
6258
6260
6261
6263
6264
6266
6267
6269
6270
6272
6273
6275
6276
6278
6279
6281
6282
6284
6285
6287
6288
6290
6291
6293
6294
6115
6115
6118
6118
6121
6121
6124
6124
6127
6127
6130
6130
6133
6133
6136
6136
6139
6139
6142
6142
6145
6145
6148
6148
6151
6151
6154
6154
6157
6157
6160
6160
6163
6163
6166
6166
6169
6169
6172
6172
6175
6175
6178
6178
6181
6181
6184
6184
6187
6187
6190
6190
6193
6193
6196
6196
6199
6199
6202
6202
6205
6205
6208
6208
6211
6211
6214
6214
6217
6217
6220
6220
6223
6223
6226
6226
6229
6229
6232
6232
6235
6235
6238
6238
6241
6241
6244
6244
6247
6247
6250
6250
6253
6253
6256
6256
6259
6259
6262
6262
6265
6265
6268
6268
6271
6271
6274
6274
6277
6277
6280
6280
6283
6283
6286
6286
6289
6289
6292
6292
6295
6295
6335
6336
6341
6342
6347
6348
6353
6354
6359
6360
6365
6366
6371
6372
6377
6378
6383
6384
6389
6390
6395
6396
6401
6402
6407
6408
6410
6411
6413
6414
6416
6417
6419
6420
6422
6423
6425
6426
6428
6429
6431
6432
6434
6435
6437
6438
6440
6441
6443
6444
6446
6447
6449
6450
6452
6453
6455
6456
6458
6459
6461
6462
6464
6465
6467
6468
6470
6471
6473
6474
6476
6477
6334
6334
6337
6337
6340
6340
6343
6343
6346
6346
6349
6349
6352
6352
6355
6355
6358
6358
6361
6361
6364
6364
6367
6367
6370
6370
6373
6373
6376
6376
6379
6379
6382
6382
6385
6385
6388
6388
6391
6391
6394
6394
6397
6397
6400
6400
6403
6403
6406
6406
6409
6409
6412
6412
6415
6415
6418
6418
6421
6421
6424
6424
6427
6427
6430
6430
6433
6433
6436
6436
6439
6439
6442
6442
6445
6445
6448
6448
6451
6451
6454
6454
6457
6457
6460
6460
6463
6463
6466
6466
6469
6469
6472
6472
6475
6475
6478
6478
6647
6648
6650
6651
6653
6654
6656
6657
6659
6660
6662
6663
6665
6666
6668
6669
6671
6672
6674
6675
6677
6678
6680
6681
6683
6684
6686
6687
6689
6690
6692
6693
6695
6696
6698
6699
6701
6702
6704
6705
6707
6708
6710
6711
6713
6714
6716
6717
6719
6720
6722
6723
6725
6726
6728
6729
6731
6732
6734
6735
6737
6738
6740
6741
6743
6744
6746
6747
6749
6750
6752
6753
6755
6756
6758
6759
6761
6762
6764
6765
6767
6768
6770
6771
6773
6774
6776
6777
6779
6780
6782
6783
6785
6786
6788
6789
6791
6792
6794
6795
6797
6798
6800
6801
6803
6804
6806
6807
6809
6810
6812
6813
6815
6816
6818
6819
6821
6822
6824
6825
6827
6828
6830
6831
6833
6834
6836
6837
6839
6840
6842
6843
6845
6846
6848
6849
6851
6852
6854
6855
6857
6858
6860
6861
6863
6864
6866
6867
6869
6870
6872
6873
6875
6876
6878
6879
6881
6882
6884
6885
6887
6888
6890
6891
6893
6894
6896
6897
6899
6900
6902
6903
6905
6906
6908
6909
6911
6912
6914
6915
6917
6918
6920
6921
6923
6924
6926
6927
6929
6930
6932
6933
6935
6936
6938
6939
6941
6942
6944
6945
6947
6948
6950
6951
6953
6954
6956
6957
6959
6960
6962
6963
6965
6966
6968
6969
6971
6972
6974
6975
6977
6978
6980
6981
6983
6984
6986
6987
6989
6990
6992
6993
6995
6996
6998
6999
7001
7002
7004
7005
7007
7008
7010
7011
7013
7014
7016
7017
7019
7020
7022
7023
7025
7026
7028
7029
7031
7032
7034
7035
7037
7038
7040
7041
7043
7044
7046
7047
7049
7050
7052
7053
7055
7056
7058
7059
7061
7062
7064
7065
7067
7068
7070
7071
7073
7074
7076
7077
7079
7080
7082
7083
7085
7086
7088
7089
7091
7092
7094
7095
7097
7098
7100
7101
7103
7104
7106
7107
7109
7110
7112
7113
6649
6649
6652
6652
6655
6655
6658
6658
6661
6661
6664
6664
6667
6667
6670
6670
6673
6673
6676
6676
6679
6679
6682
6682
6685
6685
6688
6688
6691
6691
6694
6694
6697
6697
6700
6700
6703
6703
6706
6706
6709
6709
6712
6712
6715
6715
6718
6718
6721
6721
6724
6724
6727
6727
6730
6730
6733
6733
6736
6736
6739
6739
6742
6742
6745
6745
6748
6748
6751
6751
6754
6754
6757
6757
6760
6760
6763
6763
6766
6766
6769
6769
6772
6772
6775
6775
6778
6778
6781
6781
6784
6784
6787
6787
6790
6790
6793
6793
6796
6796
6799
6799
6802
6802
6805
6805
6808
6808
6811
6811
6814
6814
6817
6817
6820
6820
6823
6823
6826
6826
6829
6829
6832
6832
6835
6835
6838
6838
6841
6841
6844
6844
6847
6847
6850
6850
6853
6853
6856
6856
6859
6859
6862
6862
6865
6865
6868
6868
6871
6871
6874
6874
6877
6877
6880
6880
6883
6883
6886
6886
6889
6889
6892
6892
6895
6895
6898
6898
6901
6901
6904
6904
6907
6907
6910
6910
6913
6913
6916
6916
6919
6919
6922
6922
6925
6925
6928
6928
6931
6931
6934
6934
6937
6937
6940
6940
6943
6943
6946
6946
6949
6949
6952
6952
6955
6955
6958
6958
6961
6961
6964
6964
6967
6967
6970
6970
6973
6973
6976
6976
6979
6979
6982
6982
6985
6985
6988
6988
6991
6991
6994
6994
6997
6997
7000
7000
7003
7003
7006
7006
7009
7009
7012
7012
7015
7015
7018
7018
7021
7021
7024
7024
7027
7027
7030
7030
7033
7033
7036
7036
7039
7039
7042
7042
7045
7045
7048
7048
7051
7051
7054
7054
7057
7057
7060
7060
7063
7063
7066
7066
7069
7069
7072
7072
7075
7075
7078
7078
7081
7081
7084
7084
7087
7087
7090
7090
7093
7093
7096
7096
7099
7099
7102
7102
7105
7105
7108
7108
7111
7111
7114
7114
7116
9093
9097
7118
9094
9098
7124
7126
7357
7541
7127
7140
7174
7362
7122
7128
7142
7364
7131
7132
7169
7134
7135
7527
7528
7137
7529
7592
7126
7170
7315
7356
7137
7358
7128
7175
7363
7144
7365
7130
7134
7171
7317
7136
7366
7502
7133
7364
7501
7133
7135
7173
7136
7502
7136
7138
7136
7139
7170
7530
7171
7527
7531
7173
7528
7141
7143
7397
7174
7637
7638
7144
7163
7169
7398
7636
7637
7164
7175
7148
7534
7536
7407
7434
7552
7591
7161
7407
7565
7591
7152
7411
7151
7404
7421
7594
7153
7418
7422
7535
7422
7535
7556
7516
7536
7547
7178
7537
7549
7408
7433
7553
7595
7156
7159
7181
7409
7160
7436
7525
7158
7357
7524
7541
7160
7525
7563
7160
7542
7567
7564
7180
7430
7566
7165
7183
7619
7643
7164
7166
7184
7167
7186
7167
7186
8081
7167
7170
7171
7315
7317
7173
7184
7172
7172
7530
7531
7185
7175
7183
7186
7404
7408
7594
7595
7180
7181
7406
7409
7179
7418
7509
7516
7547
7549
7182
7427
7182
7567
7566
7569
7186
7638
7185
7188
7196
7213
7445
7190
7199
7214
7215
7446
7192
7202
7216
7217
7447
7194
7205
7218
7219
7448
7208
7220
7287
7221
7445
7222
7449
7200
7210
7223
7224
7225
7226
7446
7228
7229
7450
7203
7211
7231
7232
7234
7235
7447
7237
7238
7451
7206
7212
7240
7241
7243
7244
7448
7246
7247
7452
7209
7249
7250
7305
7252
7253
7477
7255
7256
7510
7261
7262
7450
7268
7269
7451
7275
7276
7452
7214
7453
7225
7216
7456
7234
7218
7459
7243
7220
7462
7252
7223
7454
7224
7465
7228
7261
7227
7453
7227
7231
7457
7233
7455
7230
7454
7230
7232
7468
7233
7455
7233
7237
7233
7268
7236
7456
7236
7240
7460
7242
7458
7239
7457
7239
7241
7471
7242
7458
7242
7246
7242
7275
7245
7459
7245
7249
7463
7251
7461
7248
7460
7248
7250
7474
7251
7461
7251
7255
7251
7280
7254
7462
7254
7258
7480
7260
7464
7257
7463
7257
7259
7517
7260
7464
7260
7297
7298
7260
7298
7423
7263
7465
7263
7266
7469
7267
7467
7265
7286
7299
7466
7267
7318
7467
7267
7271
7300
7319
7270
7468
7270
7273
7472
7274
7470
7272
7301
7469
7274
7320
7470
7274
7278
7302
7321
7277
7471
7277
7323
7475
7325
7473
7279
7303
7472
7322
7325
7473
7305
7327
7474
7282
7377
7437
7380
7476
7284
7449
7285
7286
7466
7384
7476
7371
7384
7291
7477
7289
7290
7292
7293
7478
7294
7295
7478
7292
7479
7294
7410
7513
7296
7479
7296
7414
7514
7416
7481
7401
7413
7480
7401
7405
7318
7371
7482
7301
7308
7319
7320
7483
7303
7311
7321
7322
7484
7306
7314
7323
7324
7326
7510
7328
7329
7512
7331
7332
7406
7409
7334
7335
7483
7337
7338
7375
7485
7312
7316
7340
7341
7343
7344
7484
7346
7347
7486
7315
7317
7349
7350
7352
7353
7512
7355
7359
7360
7486
7366
7319
7488
7334
7321
7491
7343
7324
7494
7325
7328
7325
7352
7327
7331
7518
7333
7487
7330
7475
7330
7332
7523
7333
7487
7333
7426
7333
7436
7336
7488
7336
7340
7492
7342
7490
7339
7391
7489
7339
7341
7497
7342
7490
7342
7346
7342
7359
7345
7491
7345
7349
7495
7351
7493
7348
7492
7348
7350
7500
7351
7493
7351
7355
7351
7366
7354
7494
7354
7357
7524
7358
7496
7356
7495
7358
7496
7358
7361
7497
7361
7364
7501
7365
7499
7363
7397
7498
7365
7499
7365
7500
7370
7377
7378
7439
7372
7378
7379
7442
7374
7379
8873
8925
7380
7381
7503
7373
7383
7388
7503
7505
7385
7386
7482
7388
7389
7506
7376
7391
7392
7394
7395
7485
7380
7440
7441
7503
7388
8871
7382
7382
7383
7504
7384
7476
7384
7385
7387
7504
7387
7391
7489
7393
7505
7390
7390
7392
7507
7393
7505
7393
7393
7394
7396
7507
7396
7397
7498
7398
7508
7398
7444
7400
7403
7410
7411
7509
7412
7511
7404
7408
7414
7415
7417
7418
7509
7420
7423
7424
7511
7426
7427
7429
7430
7432
7436
7417
7516
7413
7415
7520
7416
7481
7416
7420
7416
7432
7419
7513
7419
7422
7515
7421
7514
7422
7515
7425
7517
7425
7429
7521
7431
7519
7428
7518
7428
7430
7431
7519
7431
7434
7431
7433
7520
7522
7555
7435
7521
7522
7552
7555
7523
7440
7526
7440
7526
8864
8865
7440
7441
8865
7442
8943
8871
8945
7506
7508
8872
8875
7508
7636
8875
7453
7454
7456
7457
7459
7460
7462
7463
7465
7466
7468
7469
7471
7472
7474
7475
7455
7455
7458
7458
7461
7461
7464
7464
7467
7467
7470
7470
7473
7473
7487
7487
7479
7480
7513
7514
7481
7481
7488
7489
7491
7492
7494
7495
7497
7498
7500
7501
7490
7490
7493
7493
7496
7496
7499
7499
7502
7502
7504
7505
7507
8873
7508
7516
7517
7518
7520
7521
7523
7524
7515
7515
7519
7519
7522
7522
7525
7525
8940
7580
7530
7532
7603
7533
7533
7580
7533
7577
7579
7581
7583
7606
7537
7539
7546
7606
7548
7590
7540
7544
7553
7554
7556
7557
7590
7559
7560
7563
7592
7543
7545
7564
7567
7568
7593
7573
7574
7575
7593
7547
7584
7607
7551
7549
7550
7597
7551
7551
7582
7584
7554
7599
7555
7559
7555
7573
7558
7594
7558
7598
7562
7596
7561
7595
7561
7562
7596
7564
7602
7574
7566
7570
7600
7572
7569
7569
7571
7572
7572
7572
7599
7576
7602
7576
7605
7604
7578
7603
7604
7581
7581
7584
7587
7608
7586
7587
7588
7589
7608
7597
7598
7599
7600
7602
7603
7605
7596
7596
7601
7601
7604
7604
7607
7608
7615
7630
7807
8874
7616
7630
7631
7818
7617
7631
7632
7822
7620
7632
7633
7834
7622
7633
7634
7838
7625
7634
7635
7850
7636
8086
8875
7640
8086
8088
7640
7641
8089
7619
7621
7643
7644
8081
8084
7649
8089
8091
7646
7647
8084
7649
7650
8093
7624
7626
7652
7653
7655
8082
8085
7659
8093
8095
7656
7657
8085
7659
7660
7734
8097
7666
7739
8097
8099
7666
7667
7741
8202
7817
8086
7640
7823
7833
8089
7649
7839
7849
8093
7659
7734
7855
8087
7639
8087
7639
7643
7645
8088
7642
7642
7644
8090
7645
8088
7645
7645
7646
7648
8090
7648
7652
8092
7654
8091
7651
7651
7653
8094
7654
8091
7654
7655
7654
7656
8083
8092
7658
8094
7658
7662
8096
7664
8095
7661
7661
7663
8098
7664
8095
7664
8964
8972
7664
7665
8964
8098
8966
8974
7668
7874
7668
8976
9071
8099
8977
7670
7719
8379
8912
7686
8101
8407
7672
7687
7723
8412
7688
8103
8441
7674
7689
7727
8446
7690
8105
8475
7676
7691
7731
8480
7692
8107
8509
7694
8113
8298
8573
7679
7695
7696
7760
7698
7699
8116
7681
7701
7702
7769
7704
7705
8119
7683
7707
7708
7778
7710
7711
8122
7685
7713
7714
7785
7716
7717
8125
7687
8128
8408
7811
8413
7689
8134
8442
7827
8447
7691
8140
8476
7843
8481
7693
7856
8146
7858
8509
8787
7695
8167
8574
7697
7933
7697
7698
8576
8574
8577
7700
8817
7700
7701
8176
7703
8819
7703
7960
7703
7704
8588
8589
7706
8823
7706
7707
8185
7709
8825
7709
7987
7709
7710
8600
8601
7712
8829
7712
7713
8194
7715
8831
7715
8016
7715
7716
8612
8613
7718
8620
7718
8042
8622
7804
8101
8929
7721
7722
7805
8931
7806
8102
8935
7808
7809
8102
7811
7812
8103
7725
7726
7814
7815
7819
7820
8104
7824
7825
8104
7827
7828
8105
7729
7730
7830
7831
7835
7836
8106
7840
7841
8106
7843
7844
8107
7733
7736
7846
7847
7851
7852
8108
7854
7868
7737
7742
7856
7857
7859
7860
8108
7862
7863
8109
7740
7744
7865
7866
7868
7870
7874
7871
7872
8110
7874
7875
7894
7877
7878
8109
7745
7750
7882
7883
7885
7886
8110
7888
7889
8111
7748
7753
7891
7892
7795
7894
7896
7900
7897
7898
8112
7796
7900
7901
7921
7903
7904
8111
7906
7907
8113
8298
7754
7759
7909
7910
7912
7913
8112
7915
7916
8114
7757
7762
7918
7919
7797
7921
7923
7927
7924
7925
8115
7798
7927
7928
7948
7930
7931
8114
7933
7934
8116
7763
7768
7936
7937
7939
7940
8115
7942
7943
8117
7766
7771
7945
7946
7799
7948
7950
7954
7951
7952
8118
7800
7954
7955
7975
7957
7958
8117
7960
7961
8119
7772
7777
7963
7964
7966
7967
8118
7969
7970
8120
7775
7780
7972
7973
7801
7975
7977
7981
7978
7979
8121
7802
7981
7982
8003
7984
7985
8120
7987
7988
8122
7781
7784
7990
7991
7993
7994
8121
7996
7997
8123
7783
7787
7999
8000
8006
8007
8124
8013
8014
8123
8016
8017
8125
7788
7792
8019
8020
8022
8023
8124
8025
8026
8126
7790
7793
8028
8029
7794
8035
8036
7803
8038
8039
8056
8044
8045
8126
7794
8050
8051
8053
8054
8060
8202
9073
8060
8203
8991
8061
8203
9075
8061
8062
8204
8064
8204
8206
8064
8065
8207
8067
8207
8209
8067
8068
8211
8074
8075
8077
7805
8127
8930
7808
8932
7807
8130
8936
7817
8937
7810
8127
7810
7814
8131
7816
8129
7813
8128
7813
7815
8133
7816
8129
7816
7819
7816
7824
7818
8130
7823
8132
7821
8131
7821
7822
8136
7823
8132
7823
7833
7826
8133
7826
7830
8137
7832
8135
7829
8134
7829
7831
8139
7832
8135
7832
7835
7832
7840
7834
8136
7839
8138
7837
8137
7837
7838
8142
7839
8138
7839
7849
7842
8139
7842
7846
8143
7848
8141
7845
8140
7845
7847
8145
7848
8141
7848
7851
7848
7859
7850
8142
7855
8144
7853
8143
7853
7854
8148
7855
8144
7855
7869
7858
7862
7858
7877
8511
8512
7861
8145
7861
7865
8149
7867
8147
7864
8146
7864
7866
8151
7867
8147
7867
7871
7867
7885
7869
8097
7870
8148
7876
8150
7873
8149
7873
7875
8154
7876
8150
7876
7876
7895
7879
8797
7879
7882
8152
7884
8100
7881
7883
8157
8623
7884
8100
8624
7884
7888
7884
7903
7887
8151
7887
7891
8155
7893
8153
7890
8152
7890
7892
8160
7893
8153
7893
7897
7893
7912
7895
8202
7896
8154
7902
8156
7899
8155
7899
7901
8163
7902
8156
7902
8060
7902
7922
7905
8157
7905
7909
8161
7911
8159
7908
8158
8561
7908
7910
8166
7911
8159
7911
7915
7911
7930
7914
8160
7914
7918
8164
7920
8162
7917
8161
7917
7919
8169
7920
8162
7920
7924
7920
7939
7922
8203
7923
8163
7929
8165
7926
8164
7926
7928
8172
7929
8165
7929
8061
7929
7949
7932
8166
7932
7936
8170
7938
8168
7935
8167
7935
7937
8175
7938
8168
7938
7942
7938
7957
7941
8169
7941
7945
8173
7947
8171
7944
8170
7944
7946
8178
7947
8171
7947
7951
7947
7966
7949
8204
7950
8172
7956
8174
7953
8173
7953
7955
8181
7956
8174
7956
8064
7956
7976
7959
8175
7959
7963
8179
7965
8177
7962
8176
7962
7964
8184
7965
8177
7965
7969
7965
7984
7968
8178
7968
7972
8182
7974
8180
7971
8179
7971
7973
8187
7974
8180
7974
7978
7974
7993
7976
8207
7977
8181
7983
8183
7980
8182
7980
7982
8190
7983
8183
7983
8067
7983
8004
7986
8184
7986
7990
8188
7992
8186
7989
8185
7989
7991
8193
7992
8186
7992
7996
7992
8013
7995
8187
7995
7999
8191
8001
8189
7998
8188
7998
8000
8196
8001
8189
8001
8006
8001
8022
8003
8005
8010
8210
8004
8211
8005
8190
8012
8192
8008
8191
8008
8011
8199
8012
8192
8010
8011
8032
8070
8012
8071
8012
8033
8015
8193
8015
8019
8197
8021
8195
8018
8194
8018
8020
8041
8021
8195
8021
8025
8021
8044
8024
8196
8024
8028
8200
8030
8198
8027
8197
8027
8029
8047
8030
8198
8030
8035
8030
8050
8032
8034
8038
8214
8033
8215
8034
8199
8040
8201
8037
8200
8037
8039
8053
8040
8201
8040
8074
8040
8058
8043
8044
8125
8043
8125
8046
8046
8046
8048
8049
8050
8126
8049
8126
8052
8052
8052
8054
8055
8058
8055
8059
8057
8058
8077
8059
8078
8059
8992
8063
8063
8205
8993
8990
9075
8066
8066
8208
8996
8206
8997
8069
8069
8212
9000
8209
9001
8071
8072
8215
8073
8210
8073
8216
9004
8213
9005
8076
8214
8076
8079
9008
8217
9009
8078
8079
8080
8080
9010
9011
8218
8083
9017
9078
8219
9018
8092
8218
8096
9078
8087
8088
8090
8091
8219
8094
8095
8972
9079
8098
8099
8974
8797
8798
8127
8128
8130
8131
8133
8134
8136
8137
8139
8140
8142
8143
8145
8146
8148
8149
8151
8152
8154
8155
8160
8161
8163
8164
8166
8167
8169
8170
8172
8173
8175
8176
8178
8179
8181
8182
8184
8185
8187
8188
8190
8191
8193
8194
8196
8197
8199
8200
8129
8129
8132
8132
8135
8135
8138
8138
8141
8141
8144
8144
8147
8147
8150
8150
8153
8153
8156
8156
8159
8832
8159
8556
8832
8162
8162
8165
8165
8168
8168
8171
8171
8174
8174
8177
8177
8180
8180
8183
8183
8186
8186
8189
8189
8192
8192
8195
8195
8198
8198
8201
8201
9071
9074
8205
8206
8994
8995
8208
8209
8998
8999
8211
8213
8212
8213
9002
9003
8215
8217
8216
8217
9006
9007
8219
8316
8317
8684
8222
8225
8319
8320
8322
8323
8685
8224
8228
8325
8326
8686
8884
8885
8328
8329
8685
8331
8332
8687
8229
8232
8334
8335
8337
8338
8686
8340
8341
8688
8231
8235
8343
8344
8346
8347
8689
8350
8351
8688
8353
8354
8690
8236
8242
8356
8357
8359
8360
8689
8362
8363
8691
8239
8245
8365
8366
8368
8369
8879
8947
8371
8372
8692
8241
8248
8374
8375
8377
8378
8693
8380
8381
8691
8383
8384
8694
8246
8252
8386
8387
8389
8390
8692
8392
8393
8695
8249
8255
8395
8396
8398
8399
8693
8401
8402
8696
8251
8258
8404
8405
8409
8410
8697
8414
8415
8695
8417
8418
8698
8256
8262
8420
8421
8423
8424
8696
8426
8427
8699
8259
8265
8429
8430
8432
8433
8697
8435
8436
8700
8261
8268
8438
8439
8443
8444
8701
8448
8449
8699
8451
8452
8702
8266
8272
8454
8455
8457
8458
8700
8460
8461
8703
8269
8275
8463
8464
8466
8467
8701
8469
8470
8704
8271
8278
8472
8473
8477
8478
8705
8482
8483
8703
8485
8486
8706
8276
8282
8488
8489
8491
8492
8704
8494
8495
8707
8279
8285
8497
8498
8500
8501
8705
8503
8504
8708
8281
8288
8506
8507
8510
8511
8709
8513
8514
8707
8516
8517
8710
8286
8291
8519
8520
8522
8523
8708
8525
8526
8711
8289
8293
8528
8529
8531
8532
8709
8534
8535
8712
8296
8537
8538
8623
8540
8541
8711
8294
8543
8544
8626
8546
8547
8712
8549
8550
8713
8297
8299
8552
8553
8555
8556
8832
8558
8559
8714
8561
8562
8564
8565
8714
8567
8568
8628
8715
8302
8303
8570
8571
8575
8576
8716
8578
8579
8716
8581
8582
8631
8717
8306
8307
8584
8585
8587
8588
8718
8590
8591
8718
8593
8594
8634
8719
8310
8311
8596
8597
8599
8600
8720
8602
8603
8720
8605
8606
8637
8721
8314
8315
8608
8609
8611
8612
8722
8617
8618
8722
8318
8318
8320
8723
8321
8321
8322
8321
8328
8324
8324
8326
8726
8327
8327
8884
8327
8337
8330
8723
8330
8334
8727
8336
8725
8333
8724
8333
8335
8731
8336
8725
8336
8340
8336
8350
8339
8726
8339
8343
8729
8345
8728
8342
8727
8342
8344
8734
8345
8728
8345
8346
8345
8359
8348
8729
8348
8349
8737
8730
8898
8368
8879
8898
8352
8731
8352
8356
8735
8358
8733
8355
8732
8355
8357
8740
8358
8733
8358
8362
8358
8380
8361
8734
8361
8365
8738
8367
8736
8364
8735
8364
8366
8743
8367
8736
8367
8371
8367
8389
8370
8737
8370
8374
8953
8376
8739
8373
8738
8373
8375
8746
8376
8739
8376
8377
8376
8398
8911
8953
8379
8749
8911
8407
8913
8382
8740
8382
8386
8744
8388
8742
8385
8741
8385
8387
8752
8388
8742
8388
8392
8388
8414
8391
8743
8391
8395
8747
8397
8745
8394
8744
8394
8396
8755
8397
8745
8397
8401
8397
8423
8400
8746
8400
8404
8750
8406
8748
8403
8747
8403
8405
8758
8406
8748
8406
8409
8406
8432
8408
8749
8413
8751
8411
8750
8411
8412
8761
8413
8751
8413
8441
8416
8752
8416
8420
8756
8422
8754
8419
8753
8419
8421
8764
8422
8754
8422
8426
8422
8448
8425
8755
8425
8429
8759
8431
8757
8428
8756
8428
8430
8767
8431
8757
8431
8435
8431
8457
8434
8758
8434
8438
8762
8440
8760
8437
8759
8437
8439
8770
8440
8760
8440
8443
8440
8466
8442
8761
8447
8763
8445
8762
8445
8446
8773
8447
8763
8447
8475
8450
8764
8450
8454
8768
8456
8766
8453
8765
8453
8455
8776
8456
8766
8456
8460
8456
8482
8459
8767
8459
8463
8771
8465
8769
8462
8768
8462
8464
8779
8465
8769
8465
8469
8465
8491
8468
8770
8468
8472
8774
8474
8772
8471
8771
8471
8473
8782
8474
8772
8474
8477
8474
8500
8476
8773
8481
8775
8479
8774
8479
8480
8785
8481
8775
8481
8509
8484
8776
8484
8488
8780
8490
8778
8487
8777
8487
8489
8788
8490
8778
8490
8494
8490
8513
8493
8779
8493
8497
8783
8499
8781
8496
8780
8496
8498
8791
8499
8781
8499
8503
8499
8522
8502
8782
8502
8506
8786
8508
8784
8505
8783
8505
8507
8794
8508
8784
8508
8510
8508
8531
8785
8512
8786
8512
8797
8787
8515
8788
8515
8519
8792
8521
8790
8518
8789
8518
8520
8799
8521
8790
8521
8525
8521
8540
8524
8791
8524
8528
8795
8530
8793
8527
8792
8527
8529
8802
8530
8793
8530
8534
8530
8546
8533
8794
8533
8537
8798
8539
8796
8536
8795
8536
8538
8805
8539
8796
8539
8624
8539
8555
8542
8799
8542
8543
8803
8545
8801
8545
8549
8545
8640
8642
8641
8548
8802
8548
8552
8806
8554
8804
8551
8803
8551
8553
8808
8554
8804
8554
8558
8554
8564
8557
8805
8557
8561
8563
8807
8560
8806
8560
8562
8811
8563
8807
8563
8563
8573
8566
8808
8566
8570
8812
8572
8810
8569
8648
8809
8569
8571
8814
8572
8810
8572
8575
8572
8578
8574
8811
8813
8577
8812
8577
8817
8813
8580
8814
8580
8584
8818
8586
8816
8583
8657
8815
8583
8585
8820
8586
8816
8586
8587
8586
8590
8589
8818
8589
8823
8819
8592
8820
8592
8596
8824
8598
8822
8595
8666
8821
8595
8597
8826
8598
8822
8598
8599
8598
8602
8601
8824
8601
8829
8825
8604
8826
8604
8608
8830
8610
8828
8607
8675
8827
8607
8609
8614
8610
8828
8610
8611
8610
8617
8613
8830
8613
8620
8831
8616
8617
8721
8616
8682
8721
8619
8619
8619
8621
8622
8722
8622
8722
8624
8832
8798
8639
8640
8833
8642
8643
8713
8645
8646
8834
8629
8648
8649
8651
8652
8715
8654
8655
8835
8632
8657
8658
8660
8661
8717
8663
8664
8836
8635
8666
8667
8669
8670
8719
8672
8673
8837
8638
8675
8676
8681
8682
8721
8641
8800
8641
8838
8801
8644
8838
8644
8648
8809
8650
8840
8647
8839
8647
8649
8841
8650
8840
8650
8650
8651
8653
8841
8653
8657
8815
8659
8843
8656
8842
8656
8658
8844
8659
8843
8659
8659
8660
8662
8844
8662
8666
8821
8668
8846
8665
8845
8665
8667
8847
8668
8846
8668
8668
8669
8671
8847
8671
8675
8827
8677
8849
8674
8848
8674
8676
8678
8677
8849
8677
8677
8681
8680
8681
8837
8680
8837
8683
8683
8683
8723
8724
8726
8727
8729
8948
8731
8732
8734
8735
8737
8738
8740
8741
8743
8744
8746
8747
8749
8750
8752
8753
8755
8756
8758
8759
8761
8762
8764
8765
8767
8768
8770
8771
8773
8774
8776
8777
8779
8780
8782
8783
8785
8786
8788
8789
8791
8792
8794
8795
8797
8798
8799
8800
8802
8803
8805
8806
8808
8809
8811
8812
8814
8815
8817
8818
8820
8821
8823
8824
8826
8827
8829
8830
8725
8725
8728
8728
8730
8896
8948
8733
8733
8736
8736
8739
8739
8742
8742
8745
8745
8748
8748
8751
8751
8754
8754
8757
8757
8760
8760
8763
8763
8766
8766
8769
8769
8772
8772
8775
8775
8778
8778
8781
8781
8784
8784
8787
8787
8790
8790
8793
8793
8796
8796
8801
8801
8804
8804
8807
8807
8810
8810
8813
8813
8816
8816
8819
8819
8822
8822
8825
8825
8828
8828
8831
8831
8838
8839
8841
8842
8844
8845
8847
8848
8840
8840
8843
8843
8846
8846
8849
8849
8851
8853
8880
8893
8852
8858
8892
8893
8858
8859
8938
8855
8856
8861
8862
8864
8865
8939
8866
8867
8939
8861
8940
8860
8860
8862
8941
8863
8863
8864
8863
8866
8940
8943
8868
8941
8868
8921
8944
8923
8942
8870
8916
8921
8944
8871
8924
8945
8925
8873
8874
8934
8933
8875
8937
8877
8878
8887
8888
8890
8891
8946
8894
8895
8946
8881
8897
8899
8900
8938
8902
8903
8947
8883
8905
8906
8914
8908
8909
8955
8886
8886
8888
8948
8889
8889
8890
8889
8894
8892
8892
8893
8949
8899
8896
8948
8896
8897
8950
8898
8898
8902
8901
8949
8901
8905
8957
8907
8951
8904
8950
8904
8906
8952
8907
8951
8907
8918
8907
8908
8910
8952
8910
8912
8959
8913
8954
8913
8954
8913
8929
8918
8919
8955
8916
8917
8921
8922
8924
8956
8926
8927
8956
8920
8957
8920
8922
8958
8923
8942
8923
8923
8926
8925
8961
8933
8928
8958
8928
8931
8962
8932
8960
8930
8959
8932
8960
8932
8935
8934
8961
8937
8963
8936
8962
8937
8963
8941
8957
8943
8944
8942
8957
8945
8945
8949
8950
8952
8953
8951
8951
8954
8954
8958
8959
8961
8962
8960
8960
8963
8963
8965
8966
8972
9021
9068
8973
9068
8968
8969
8975
8976
8978
9027
9069
8979
8980
9069
8971
8982
8983
9012
8986
8987
9076
9022
8974
8975
9070
8977
8977
8978
8977
8979
9028
9070
8981
9071
8981
8982
9072
8984
9073
8984
8985
8984
8986
8991
8992
9012
9034
9072
8988
9074
8988
8989
9085
8990
9075
8990
9013
9037
8993
8992
9074
9073
8994
9013
8995
9015
8997
9040
8997
8998
9044
9055
8999
9045
9001
9056
9001
9002
9046
9057
9003
9048
9005
9060
9005
9006
9049
9061
9007
9051
9009
9063
9009
9010
9052
9064
9011
9054
9066
9033
9076
9014
9015
9037
9038
9077
9040
9077
9041
9042
9044
9092
9018
9019
9020
9078
9024
9079
9022
9023
9080
9024
9079
9024
9025
9026
9080
9030
9081
9028
9029
9082
9030
9081
9030
9031
9032
9082
9036
9083
9034
9035
9084
9036
9083
9036
9039
9085
9039
9087
9086
9055
9088
9043
9055
9088
9043
9090
9089
9045
9055
9056
9092
9047
9048
9057
9058
9093
9060
9093
9050
9051
9061
9062
9094
9063
9094
9053
9054
9064
9065
9095
9066
9095
9057
9096
9058
9059
9096
9091
9061
9097
9062
9097
9064
9098
9065
9098
9067
9095
9070
9080
9072
9082
9081
9073
9083
9075
9084
9085
9087
9088
9079
9081
9083
9086
9086
9089
9089
9091
9092
9096
9096
9097
9098
)


// ************************************************************************* //
