/*--------------------------------*- C++ -*----------------------------------*\
  =========                 |
  \\      /  F ield         | OpenFOAM: The Open Source CFD Toolbox
   \\    /   O peration     | Website:  https://openfoam.org
    \\  /    A nd           | Version:  13
     \\/     M anipulation  |
\*---------------------------------------------------------------------------*/
FoamFile
{
    format      ascii;
    class       labelList;
    note        "nPoints: 18988 nCells: 9237 nFaces: 37204 nInternalFaces: 18244";
    location    "constant/polyMesh";
    object      neighbour;
}
// * * * * * * * * * * * * * * * * * * * * * * * * * * * * * * * * * * * * * //


18244
(
2
3
9092
9093
5
6
21
130
7
9
9045
4
7
886
1692
9018
9093
67
2233
2938
8
131
2233
8
1060
9
2234
10
131
133
9045
9079
37
38
135
2237
40
41
137
15
22
43
44
46
47
136
2240
49
50
138
18
25
52
53
55
56
2242
2943
58
59
139
20
28
61
62
64
65
140
31
67
68
70
71
138
73
74
141
26
34
76
77
79
80
139
82
83
142
29
35
85
86
88
89
140
91
92
143
32
36
94
95
97
98
130
100
101
144
103
104
9052
9054
106
107
142
113
114
143
120
121
144
39
145
2251
39
43
149
45
147
42
146
42
44
156
45
147
45
49
45
70
48
148
2260
48
52
152
54
150
51
149
51
53
159
54
150
54
58
54
79
57
151
2266
57
61
154
63
153
60
152
60
62
162
63
153
63
64
63
88
66
154
66
68
165
69
155
69
180
69
97
181
72
156
72
76
160
78
158
75
157
75
77
168
78
158
78
82
78
106
81
159
81
85
163
87
161
84
160
84
86
171
87
161
87
91
87
113
90
162
90
94
166
96
164
93
163
93
95
174
96
164
96
100
96
120
99
165
99
103
132
105
167
102
166
102
104
177
105
167
105
128
105
129
108
168
108
111
172
112
170
110
169
112
170
112
116
115
171
115
118
175
119
173
117
172
119
173
119
123
122
174
122
125
178
126
176
124
175
126
176
126
127
178
9046
132
9052
9076
177
9054
9081
131
132
133
133
9076
145
146
2236
148
149
2239
151
152
2241
156
157
159
160
162
163
165
166
168
169
171
172
174
175
177
178
147
2248
147
150
2257
150
153
2263
153
155
2943
181
2953
158
158
161
161
164
164
167
167
170
170
173
173
176
176
179
179
9046
9081
181
2243
2938
2268
258
259
498
2269
261
262
660
2270
264
265
501
2271
186
188
267
268
272
273
2272
191
275
276
3287
278
279
2272
281
282
504
2273
192
194
284
285
287
288
3796
290
291
2274
197
293
294
3290
296
297
2274
299
300
507
2275
198
200
302
303
305
306
3798
308
309
2276
203
311
312
3294
314
315
2276
317
318
510
2277
204
206
320
321
323
324
3800
326
327
2278
209
329
330
3300
332
333
2278
335
336
513
2279
210
212
338
339
341
342
3802
344
345
2280
215
347
348
3306
350
351
2280
353
354
517
2281
216
218
356
357
359
360
3805
362
363
2282
221
365
366
3313
368
369
2282
371
372
522
2283
222
225
374
375
377
378
3808
380
381
2284
224
228
383
384
386
2285
3460
387
388
2284
390
391
527
2286
229
232
393
394
396
397
2285
399
400
2287
231
235
402
403
405
406
2288
410
411
2287
413
414
530
2289
236
242
416
417
419
420
2288
422
423
2290
239
245
425
426
428
429
3330
3813
431
432
2291
241
248
434
435
437
438
2292
440
441
2290
443
444
533
2391
246
446
447
537
449
450
2291
452
453
2293
249
253
455
456
458
459
2292
461
462
2294
251
256
464
465
469
470
2295
257
472
3345
3524
474
475
2294
477
478
539
8934
480
481
8737
8742
483
484
2295
490
491
3817
260
544
260
664
2297
665
263
664
2297
263
267
2301
269
2299
266
553
2298
266
268
2303
269
2299
269
272
269
278
271
275
2296
3820
277
2302
2379
274
2301
274
276
2306
277
2302
277
3355
277
287
280
2303
280
284
2307
286
2305
283
562
2304
283
285
2309
286
2305
286
290
286
296
289
2306
289
293
3823
295
2308
292
2307
292
294
2312
295
2308
295
3364
295
305
298
2309
298
302
2313
304
2311
301
571
2310
301
303
2315
304
2311
304
308
304
314
307
2312
307
311
3829
313
2314
310
2313
310
312
2318
313
2314
313
3376
313
323
316
2315
316
320
2319
322
2317
319
580
2316
319
321
2321
322
2317
322
326
322
332
325
2318
325
329
3835
331
2320
328
2319
328
330
2324
331
2320
331
3394
331
341
334
2321
334
338
2325
340
2323
337
589
2322
337
339
2327
340
2323
340
344
340
350
343
2324
343
347
3841
349
2326
346
2325
346
348
2330
349
2326
349
3412
349
359
352
2327
352
356
2331
358
2329
355
598
2328
355
357
2333
358
2329
358
362
358
368
361
2330
361
365
3850
367
2332
364
2331
364
366
2336
367
2332
367
3433
367
377
370
2333
370
374
2337
376
2335
373
609
2334
373
375
2339
376
2335
376
380
376
387
379
2336
379
383
3859
385
2338
382
2337
382
384
2342
385
2338
385
386
385
396
3461
3859
389
2339
389
393
2343
395
2341
392
620
2340
392
394
2348
395
2341
395
399
395
410
398
2342
398
402
2346
404
2344
401
2343
401
403
2351
404
2344
404
405
404
419
407
2346
407
408
2354
409
2347
409
428
3330
3485
3486
412
2348
412
416
2352
418
2350
415
629
2349
415
417
2358
418
2350
418
422
418
440
421
2351
421
425
2355
427
2353
424
2352
424
426
2361
427
2353
427
431
427
449
430
2354
430
434
2357
436
2356
433
2355
433
435
2364
436
2356
436
437
436
458
439
2357
439
2367
3509
3510
3874
442
2358
442
446
2362
448
2360
445
638
2359
445
447
2436
448
2360
448
452
448
650
451
2361
451
455
2365
457
2363
454
2362
454
456
2370
457
2363
457
461
457
474
460
2364
460
464
2368
466
2366
463
2365
463
465
2373
466
2366
466
469
466
483
468
2367
3343
3509
473
2369
3523
471
2368
471
472
2376
473
2369
473
490
3524
476
2370
476
480
2374
482
2372
479
656
2371
479
481
8941
482
2372
482
486
482
8762
485
2373
485
488
2377
489
2375
487
2374
8737
489
2375
8756
489
493
8738
8757
492
2376
492
495
3885
496
2378
494
2377
8739
496
2378
8758
496
3544
8740
8759
541
542
681
2380
499
544
545
547
548
2269
550
551
701
2381
502
553
554
556
557
2271
559
560
2382
2395
505
562
563
565
566
2273
568
569
2383
2397
508
571
572
574
575
2275
577
578
2384
2399
511
580
581
583
584
2277
586
587
2385
2401
515
589
590
516
518
1439
2451
592
593
2279
595
596
2386
520
598
599
601
1495
2386
521
523
602
1500
603
604
2281
606
607
2387
525
609
610
612
1556
2387
526
613
859
1561
614
615
2283
617
618
2388
528
620
621
623
624
2286
626
627
861
2389
531
629
630
632
633
2289
635
636
883
2390
534
638
639
641
642
2391
644
645
895
2392
538
540
647
648
650
651
2293
653
654
2393
656
657
8808
659
2393
8810
543
1088
543
545
2403
546
546
546
547
549
2403
549
553
2298
555
2405
552
1142
2404
552
554
2406
555
2405
555
555
556
558
2406
558
562
2304
564
2408
561
2407
2443
561
563
2409
564
2408
564
564
565
567
2409
567
571
2310
573
2411
570
2410
2445
570
572
2412
573
2411
573
573
574
576
2412
576
580
2316
582
2414
579
2413
2447
579
581
2415
582
2414
582
582
583
585
2415
585
589
2322
591
2417
588
2416
2449
588
590
2418
591
2417
591
591
592
594
2418
594
598
2328
600
2420
597
2419
2451
597
599
2421
600
2420
600
600
603
602
1496
2422
606
1501
605
2421
605
609
2334
611
2423
608
2422
608
610
2424
611
2423
611
611
614
613
1557
2425
617
1562
616
2424
616
620
2340
622
2426
619
2425
619
621
2427
622
2426
622
622
623
625
2427
625
629
2349
631
2429
628
1623
2428
628
630
2430
631
2429
631
631
632
634
2430
634
638
2359
640
2432
637
1686
2431
637
639
2433
640
2432
640
640
641
643
2433
643
647
2437
649
2435
646
1738
2434
646
648
2439
649
2435
649
653
649
659
652
2436
652
656
2371
658
2438
655
2437
655
657
8961
658
2438
658
658
8818
2439
8811
661
663
664
666
667
2270
669
670
2296
3563
665
666
665
668
668
670
2300
671
671
3595
671
2379
686
1061
1062
1783
674
687
1064
1065
1067
1068
2452
676
690
1070
1071
1073
1074
2453
678
693
1076
1077
1079
1080
2454
680
696
1082
1083
1085
1086
2455
699
1088
1089
683
909
2564
2566
910
1091
1093
928
1094
1096
2565
688
703
1097
1098
1091
2567
2568
1100
1101
2452
1103
1104
2456
691
706
1106
1107
1109
1110
2453
1112
1113
2457
694
709
1115
1116
1118
1119
2454
1121
1122
2458
697
712
1124
1125
1127
1128
2455
1130
1131
2459
700
715
1133
1134
1136
1137
2380
1139
1140
2460
1142
1143
2394
944
1094
2582
2583
1145
1146
2456
946
1148
1150
2582
707
724
1151
1152
1154
1155
2457
1157
1158
2461
710
727
1160
1161
1163
1164
2458
1166
1167
2462
713
730
1169
1170
1172
1173
2459
1175
1176
2463
716
733
1178
1179
1181
1182
2460
1184
1185
2464
718
736
1187
1188
1192
1193
2465
945
1197
2600
2602
723
1197
1198
1891
961
1200
1202
2601
725
741
1203
1204
1148
2603
2604
1206
1207
2461
1209
1210
2466
728
744
1212
1213
1215
1216
2462
1218
1219
2467
731
747
1221
1222
1224
1225
2463
1227
1228
2468
734
750
1230
1231
1233
1234
2464
1236
1237
2469
737
753
1239
1240
1242
1243
2465
1245
1246
2470
739
756
1248
1249
1253
1254
2471
974
1200
2621
2622
1258
1259
2466
976
1261
1263
2621
745
761
1264
1265
1267
1268
2467
1270
1271
2472
748
764
1273
1274
1276
1277
2468
1279
1280
2473
751
767
1282
1283
1285
1286
2469
1288
1289
2474
754
770
1291
1292
1294
1295
2470
1297
1298
2475
757
773
1300
1301
1303
1304
2471
1306
1307
2476
759
776
1309
1310
1314
1315
2477
989
1261
2642
2643
1319
1320
2472
991
1322
1324
2642
765
781
1325
1326
1328
1329
2473
1331
1332
2478
768
784
1334
1335
1337
1338
2474
1340
1341
2479
771
787
1343
1344
1346
1347
2475
1349
1350
2480
774
790
1352
1353
1355
1356
2476
1358
1359
2481
777
793
1361
1362
1364
1365
2477
1367
1368
2482
779
796
1370
1371
1375
1376
2483
1004
1322
2663
2664
1380
1381
2478
1006
1383
1385
2663
785
801
1386
1387
1389
1390
2479
1392
1393
2484
788
804
1395
1396
1398
1399
2480
1401
1402
2485
791
807
1404
1405
1407
1408
2481
1410
1411
2486
794
810
1413
1414
1416
1417
2482
1419
1420
2487
797
813
1422
1423
1425
1426
2483
1428
1429
2488
799
816
1431
1432
1436
1437
2489
1019
1383
2684
2685
1441
1442
2484
1021
1444
1446
2684
805
821
1447
1448
1450
1451
2485
1453
1454
2490
808
824
1456
1457
1459
1460
2486
1462
1463
2491
811
827
1465
1466
1468
1469
2487
1471
1472
2492
814
830
1474
1475
1477
1478
2488
1480
1481
2493
817
833
1483
1484
1486
1487
2489
1489
1490
2494
819
836
1492
1493
1497
1498
2495
1034
1444
2705
2706
1502
1503
2490
1036
1505
1507
2705
825
841
1508
1509
1511
1512
2491
1514
1515
2496
828
844
1517
1518
1520
1521
2492
1523
1524
2497
831
847
1526
1527
1529
1530
2493
1532
1533
2498
834
850
1535
1536
1538
1539
2494
1541
1542
2499
837
853
1544
1545
1547
1548
2495
1550
1551
2500
839
856
1553
1554
1558
1559
2501
1049
1505
2726
2727
1563
1564
2496
1051
1566
1568
2726
845
863
1569
1570
1572
1573
2497
1575
1576
2502
848
866
1578
1579
1581
1582
2498
1584
1585
2503
851
869
1587
1588
1590
1591
2499
1593
1594
2504
854
872
1596
1597
1599
1600
2500
1602
1603
2505
857
875
1605
1606
1608
1609
2501
1611
1612
2506
860
878
1614
1615
1617
1618
2388
1620
1621
2507
881
1623
1624
1056
1566
2747
2748
1626
1627
2502
1058
1629
1631
2747
867
885
1632
1633
1635
1636
2503
1638
1639
2508
870
887
1641
1642
1644
1645
2504
1647
1648
2509
873
888
1650
1651
1653
1654
2505
1656
1657
2510
876
889
1659
1660
1662
1663
2506
1665
1666
2511
879
890
1668
1669
1671
1672
2507
1674
1675
2512
882
891
1677
1678
1680
1681
2389
1683
1684
2513
893
1686
1687
1059
1629
2768
2769
1689
1690
2508
1060
1692
2768
1695
1696
2509
1702
1703
2510
1709
1710
2511
1716
1717
2512
1723
1724
2513
894
1729
1730
9156
1732
1733
2390
1735
1736
9205
896
1738
1739
1741
1742
2392
1744
1745
2514
899
911
1747
1748
1750
1751
2515
901
914
1753
1754
1756
1757
2516
903
917
1759
1760
1762
1763
2517
905
920
1765
1766
1768
1769
2518
907
923
1771
1772
1774
1775
2519
926
1777
1778
1780
910
1780
1782
1783
1785
1786
1787
2515
1789
1790
2520
915
929
1792
1793
1795
1796
2516
1798
1799
2521
918
932
1801
1802
1804
1805
2517
1807
1808
2522
921
935
1810
1811
1813
1814
2518
1816
1817
2523
924
938
1819
1820
1822
1823
2519
1825
1826
2524
927
941
1828
1829
1831
1832
2564
1834
1835
2525
1831
1837
1839
1840
1841
2521
1843
1844
2526
933
947
1846
1847
1849
1850
2522
1852
1853
2527
936
950
1855
1856
1858
1859
2523
1861
1862
2528
939
953
1864
1865
1867
1868
2524
1870
1871
2529
942
956
1873
1874
1876
1877
2525
1879
1880
2530
959
1882
1883
1888
1837
1885
1886
1888
1890
1892
1885
1891
1893
1894
1895
2527
1897
1898
2531
951
962
1900
1901
1903
1904
2528
1906
1907
2532
954
965
1909
1910
1912
1913
2529
1915
1916
2533
957
968
1918
1919
1921
1922
2530
1924
1925
2534
960
971
1927
1928
1930
1931
2600
1933
1934
2535
1930
1936
1938
1939
1940
2532
1942
1943
2536
966
977
1945
1946
1948
1949
2533
1951
1952
2537
969
980
1954
1955
1957
1958
2534
1960
1961
2538
972
983
1963
1964
1966
1967
2535
1969
1970
2539
975
986
1972
1973
1936
1975
1976
1978
1979
2540
1975
1981
1983
1984
1985
2537
1987
1988
2541
981
992
1990
1991
1993
1994
2538
1996
1997
2542
984
995
1999
2000
2002
2003
2539
2005
2006
2543
987
998
2008
2009
2011
2012
2540
2014
2015
2544
990
1001
2017
2018
1981
2020
2021
2023
2024
2545
2020
2026
2028
2029
2030
2542
2032
2033
2546
996
1007
2035
2036
2038
2039
2543
2041
2042
2547
999
1010
2044
2045
2047
2048
2544
2050
2051
2548
1002
1013
2053
2054
2056
2057
2545
2059
2060
2549
1005
1016
2062
2063
2026
2065
2066
2068
2069
2550
2065
2071
2073
2074
2075
2547
2077
2078
2551
1011
1022
2080
2081
2083
2084
2548
2086
2087
2552
1014
1025
2089
2090
2092
2093
2549
2095
2096
2553
1017
1028
2098
2099
2101
2102
2550
2104
2105
2554
1020
1031
2107
2108
2071
2110
2111
2113
2114
2555
2110
2116
2118
2119
2120
2552
2122
2123
2556
1026
1037
2125
2126
2128
2129
2553
2131
2132
2557
1029
1040
2134
2135
2137
2138
2554
2140
2141
2558
1032
1043
2143
2144
2146
2147
2555
2149
2150
2559
1035
1046
2152
2153
2116
2155
2156
2158
2159
2560
2155
2161
2163
2164
2165
2557
2167
2168
2940
1041
2170
2171
2235
2173
2174
2558
2176
2177
2941
1044
2179
2180
2238
2182
2183
2559
2185
2186
2942
1047
1052
2188
2189
2191
2192
2560
2194
2195
2561
1050
1053
2197
2198
2161
2200
2201
2203
2204
2562
2200
2206
2208
2209
2210
2561
2212
2213
2562
2215
2216
2242
2943
1057
2218
2219
2243
2206
2221
2222
2224
2225
2563
2221
2227
2229
2227
2230
2231
2230
2234
1063
1784
1063
1065
2567
1066
1066
1067
1066
1100
1069
1069
1071
2570
1072
1072
1073
1072
1109
1075
1075
1077
2573
1078
1078
1079
1078
1118
1081
1081
1083
2576
1084
1084
1085
1084
1127
1087
1087
1089
2579
1090
1090
1090
1136
1092
1783
1093
1097
2568
1099
2566
1095
1837
1096
1098
2583
1099
2566
1099
1103
1099
1145
1102
2567
1102
1106
2571
1108
2569
1105
2568
1105
1107
2585
1108
2569
1108
1112
1108
1154
1111
2570
1111
1115
2574
1117
2572
1114
2571
1114
1116
2588
1117
2572
1117
1121
1117
1163
1120
2573
1120
1124
2577
1126
2575
1123
2574
1123
1125
2591
1126
2575
1126
1130
1126
1172
1129
2576
1129
1133
2580
1135
2578
1132
2577
1132
1134
2594
1135
2578
1135
1139
1135
1181
1138
2579
1138
1142
2404
1144
2581
1141
2580
1141
1143
2597
1144
2581
1144
1144
1190
1147
2583
1147
1151
2586
1153
2584
1149
1891
1150
1152
2603
1153
2584
1153
1157
1153
1206
1156
2585
1156
1160
2589
1162
2587
1159
2586
1159
1161
2606
1162
2587
1162
1166
1162
1215
1165
2588
1165
1169
2592
1171
2590
1168
2589
1168
1170
2609
1171
2590
1171
1175
1171
1224
1174
2591
1174
1178
2595
1180
2593
1177
2592
1177
1179
2612
1180
2593
1180
1184
1180
1233
1183
2594
1183
1187
2598
1189
2596
1186
2595
1186
1188
2615
1189
2596
1189
1192
1189
1242
1191
2394
2597
1196
2442
2599
1194
2598
1194
1195
2618
1196
2599
1196
1251
2395
2443
1199
1892
1199
1203
2604
1205
2602
1201
1936
1202
1204
2622
1205
2602
1205
1209
1205
1258
1208
2603
1208
1212
2607
1214
2605
1211
2604
1211
1213
2624
1214
2605
1214
1218
1214
1267
1217
2606
1217
1221
2610
1223
2608
1220
2607
1220
1222
2627
1223
2608
1223
1227
1223
1276
1226
2609
1226
1230
2613
1232
2611
1229
2610
1229
1231
2630
1232
2611
1232
1236
1232
1285
1235
2612
1235
1239
2616
1241
2614
1238
2613
1238
1240
2633
1241
2614
1241
1245
1241
1294
1244
2615
1244
1248
2619
1250
2617
1247
2616
1247
1249
2636
1250
2617
1250
1253
1250
1303
1252
2396
2618
1257
2444
2620
1255
2619
1255
1256
2639
1257
2620
1257
1312
2397
2445
1260
2622
1260
1264
2625
1266
2623
1262
1981
1263
1265
2643
1266
2623
1266
1270
1266
1319
1269
2624
1269
1273
2628
1275
2626
1272
2625
1272
1274
2645
1275
2626
1275
1279
1275
1328
1278
2627
1278
1282
2631
1284
2629
1281
2628
1281
1283
2648
1284
2629
1284
1288
1284
1337
1287
2630
1287
1291
2634
1293
2632
1290
2631
1290
1292
2651
1293
2632
1293
1297
1293
1346
1296
2633
1296
1300
2637
1302
2635
1299
2634
1299
1301
2654
1302
2635
1302
1306
1302
1355
1305
2636
1305
1309
2640
1311
2638
1308
2637
1308
1310
2657
1311
2638
1311
1314
1311
1364
1313
2398
2639
1318
2446
2641
1316
2640
1316
1317
2660
1318
2641
1318
1373
2399
2447
1321
2643
1321
1325
2646
1327
2644
1323
2026
1324
1326
2664
1327
2644
1327
1331
1327
1380
1330
2645
1330
1334
2649
1336
2647
1333
2646
1333
1335
2666
1336
2647
1336
1340
1336
1389
1339
2648
1339
1343
2652
1345
2650
1342
2649
1342
1344
2669
1345
2650
1345
1349
1345
1398
1348
2651
1348
1352
2655
1354
2653
1351
2652
1351
1353
2672
1354
2653
1354
1358
1354
1407
1357
2654
1357
1361
2658
1363
2656
1360
2655
1360
1362
2675
1363
2656
1363
1367
1363
1416
1366
2657
1366
1370
2661
1372
2659
1369
2658
1369
1371
2678
1372
2659
1372
1375
1372
1425
1374
2400
2660
1379
2448
2662
1377
2661
1377
1378
2681
1379
2662
1379
1434
2401
2449
1382
2664
1382
1386
2667
1388
2665
1384
2071
1385
1387
2685
1388
2665
1388
1392
1388
1441
1391
2666
1391
1395
2670
1397
2668
1394
2667
1394
1396
2687
1397
2668
1397
1401
1397
1450
1400
2669
1400
1404
2673
1406
2671
1403
2670
1403
1405
2690
1406
2671
1406
1410
1406
1459
1409
2672
1409
1413
2676
1415
2674
1412
2673
1412
1414
2693
1415
2674
1415
1419
1415
1468
1418
2675
1418
1422
2679
1424
2677
1421
2676
1421
1423
2696
1424
2677
1424
1428
1424
1477
1427
2678
1427
1431
2682
1433
2680
1430
2679
1430
1432
2699
1433
2680
1433
1436
1433
1486
1435
2402
2681
1440
2450
2683
1438
2682
1438
1439
2702
1440
2683
1440
1495
2451
1443
2685
1443
1447
2688
1449
2686
1445
2116
1446
1448
2706
1449
2686
1449
1453
1449
1502
1452
2687
1452
1456
2691
1458
2689
1455
2688
1455
1457
2708
1458
2689
1458
1462
1458
1511
1461
2690
1461
1465
2694
1467
2692
1464
2691
1464
1466
2711
1467
2692
1467
1471
1467
1520
1470
2693
1470
1474
2697
1476
2695
1473
2694
1473
1475
2714
1476
2695
1476
1480
1476
1529
1479
2696
1479
1483
2700
1485
2698
1482
2697
1482
1484
2717
1485
2698
1485
1489
1485
1538
1488
2699
1488
1492
2703
1494
2701
1491
2700
1491
1493
2720
1494
2701
1494
1497
1494
1547
1496
2702
1501
2704
1499
2703
1499
1500
2723
1501
2704
1501
1556
1504
2706
1504
1508
2709
1510
2707
1506
2161
1507
1509
2727
1510
2707
1510
1514
1510
1563
1513
2708
1513
1517
2712
1519
2710
1516
2709
1516
1518
2729
1519
2710
1519
1523
1519
1572
1522
2711
1522
1526
2715
1528
2713
1525
2712
1525
1527
2732
1528
2713
1528
1532
1528
1581
1531
2714
1531
1535
2718
1537
2716
1534
2715
1534
1536
2735
1537
2716
1537
1541
1537
1590
1540
2717
1540
1544
2721
1546
2719
1543
2718
1543
1545
2738
1546
2719
1546
1550
1546
1599
1549
2720
1549
1553
2724
1555
2722
1552
2721
1552
1554
2741
1555
2722
1555
1558
1555
1608
1557
2723
1562
2725
1560
2724
1560
1561
2744
1562
2725
1562
1617
1565
2727
1565
1569
2730
1571
2728
1567
2206
1568
1570
2748
1571
2728
1571
1575
1571
1626
1574
2729
1574
1578
2733
1580
2731
1577
2730
1577
1579
2750
1580
2731
1580
1584
1580
1635
1583
2732
1583
1587
2736
1589
2734
1586
2733
1586
1588
2753
1589
2734
1589
1593
1589
1644
1592
2735
1592
1596
2739
1598
2737
1595
2736
1595
1597
2756
1598
2737
1598
1602
1598
1653
1601
2738
1601
1605
2742
1607
2740
1604
2739
1604
1606
2759
1607
2740
1607
1611
1607
1662
1610
2741
1610
1614
2745
1616
2743
1613
2742
1613
1615
2762
1616
2743
1616
1620
1616
1671
1619
2744
1619
1623
2428
1625
2746
1622
2745
1622
1624
2765
1625
2746
1625
1625
1680
1628
2748
1628
1632
2751
1634
2749
1630
2227
1631
1633
2769
1634
2749
1634
1638
1634
1689
1637
2750
1637
1641
2754
1643
2752
1640
2751
1640
1642
2771
1643
2752
1643
1647
1643
1695
1646
2753
1646
1650
2757
1652
2755
1649
2754
1649
1651
2774
1652
2755
1652
1656
1652
1702
1655
2756
1655
1659
2760
1661
2758
1658
2757
1658
1660
2777
1661
2758
1661
1665
1661
1709
1664
2759
1664
1668
2763
1670
2761
1667
2760
1667
1669
2780
1670
2761
1670
1674
1670
1716
1673
2762
1673
1677
2766
1679
2764
1676
2763
1676
1678
2783
1679
2764
1679
1683
1679
1723
1682
2765
1682
1686
2431
1688
2767
1685
2766
1685
1687
2786
1688
2767
1688
1688
1732
1691
2769
1691
1693
2772
1694
2770
1694
2770
1694
1698
9141
9018
1697
2771
1697
1700
2775
1701
2773
1699
2772
9142
1701
2773
9161
1701
1705
9143
9162
1704
2774
1704
1707
2778
1708
2776
1706
2775
9144
1708
2776
9163
1708
1712
9145
9164
1711
2777
1711
1714
2781
1715
2779
1713
2778
9146
1715
2779
9165
1715
1719
9147
9166
1718
2780
1718
1721
2784
1722
2782
1720
2781
9148
1722
2782
9167
1722
1726
9149
9168
1725
2783
1725
1729
2787
1731
2785
1728
2784
9150
1728
1730
9150
9214
1731
2785
1731
1735
1731
9188
1734
2786
1734
1738
2434
1740
2788
1737
2787
1737
1739
2789
1740
2788
1740
1740
1741
1743
2789
1743
2440
8828
8830
9218
1746
1746
1748
2790
1749
1749
1750
1749
1786
1752
1752
1754
2793
1755
1755
1756
1755
1795
1758
1758
1760
2796
1761
1761
1762
1761
1804
1764
1764
1766
2799
1767
1767
1768
1767
1813
1770
1770
1772
2802
1773
1773
1774
1773
1822
1776
1776
1778
2805
1779
1779
1781
1779
1832
1781
2564
1782
1785
1784
1785
1788
2790
1788
1792
2794
1794
2792
1791
2791
1791
1793
2808
1794
2792
1794
1798
1794
1840
1797
2793
1797
1801
2797
1803
2795
1800
2794
1800
1802
2811
1803
2795
1803
1807
1803
1849
1806
2796
1806
1810
2800
1812
2798
1809
2797
1809
1811
2814
1812
2798
1812
1816
1812
1858
1815
2799
1815
1819
2803
1821
2801
1818
2800
1818
1820
2817
1821
2801
1821
1825
1821
1867
1824
2802
1824
1828
2806
1830
2804
1827
2803
1827
1829
2820
1830
2804
1830
1834
1830
1876
1833
2565
1833
2805
1839
2807
1836
2806
1836
1838
2823
1839
2807
1838
1839
1886
1842
2808
1842
1846
2812
1848
2810
1845
2809
1845
1847
2826
1848
2810
1848
1852
1848
1894
1851
2811
1851
1855
2815
1857
2813
1854
2812
1854
1856
2829
1857
2813
1857
1861
1857
1903
1860
2814
1860
1864
2818
1866
2816
1863
2815
1863
1865
2832
1866
2816
1866
1870
1866
1912
1869
2817
1869
1873
2821
1875
2819
1872
2818
1872
1874
2835
1875
2819
1875
1879
1875
1921
1878
2820
1878
1882
2824
1884
2822
1881
2821
1881
1883
2838
1884
2822
1884
1889
1884
1931
1887
2582
1887
2823
1893
2825
1889
2600
1890
2824
1893
2825
1892
1893
1896
2826
1896
1900
2830
1902
2828
1899
2827
1899
1901
2841
1902
2828
1902
1906
1902
1939
1905
2829
1905
1909
2833
1911
2831
1908
2830
1908
1910
2844
1911
2831
1911
1915
1911
1948
1914
2832
1914
1918
2836
1920
2834
1917
2833
1917
1919
2847
1920
2834
1920
1924
1920
1957
1923
2835
1923
1927
2839
1929
2837
1926
2836
1926
1928
2850
1929
2837
1929
1933
1929
1966
1932
2601
1932
2838
1938
2840
1935
2839
1935
1937
2853
1938
2840
1937
1938
1976
1941
2841
1941
1945
2845
1947
2843
1944
2842
1944
1946
2856
1947
2843
1947
1951
1947
1984
1950
2844
1950
1954
2848
1956
2846
1953
2845
1953
1955
2859
1956
2846
1956
1960
1956
1993
1959
2847
1959
1963
2851
1965
2849
1962
2848
1962
1964
2862
1965
2849
1965
1969
1965
2002
1968
2850
1968
1972
2854
1974
2852
1971
2851
1971
1973
2865
1974
2852
1974
1978
1974
2011
1977
2621
1977
2853
1983
2855
1980
2854
1980
1982
2868
1983
2855
1982
1983
2021
1986
2856
1986
1990
2860
1992
2858
1989
2857
1989
1991
2871
1992
2858
1992
1996
1992
2029
1995
2859
1995
1999
2863
2001
2861
1998
2860
1998
2000
2874
2001
2861
2001
2005
2001
2038
2004
2862
2004
2008
2866
2010
2864
2007
2863
2007
2009
2877
2010
2864
2010
2014
2010
2047
2013
2865
2013
2017
2869
2019
2867
2016
2866
2016
2018
2880
2019
2867
2019
2023
2019
2056
2022
2642
2022
2868
2028
2870
2025
2869
2025
2027
2883
2028
2870
2027
2028
2066
2031
2871
2031
2035
2875
2037
2873
2034
2872
2034
2036
2886
2037
2873
2037
2041
2037
2074
2040
2874
2040
2044
2878
2046
2876
2043
2875
2043
2045
2889
2046
2876
2046
2050
2046
2083
2049
2877
2049
2053
2881
2055
2879
2052
2878
2052
2054
2892
2055
2879
2055
2059
2055
2092
2058
2880
2058
2062
2884
2064
2882
2061
2881
2061
2063
2895
2064
2882
2064
2068
2064
2101
2067
2663
2067
2883
2073
2885
2070
2884
2070
2072
2898
2073
2885
2072
2073
2111
2076
2886
2076
2080
2890
2082
2888
2079
2887
2079
2081
2901
2082
2888
2082
2086
2082
2119
2085
2889
2085
2089
2893
2091
2891
2088
2890
2088
2090
2904
2091
2891
2091
2095
2091
2128
2094
2892
2094
2098
2896
2100
2894
2097
2893
2097
2099
2907
2100
2894
2100
2104
2100
2137
2103
2895
2103
2107
2899
2109
2897
2106
2896
2106
2108
2910
2109
2897
2109
2113
2109
2146
2112
2684
2112
2898
2118
2900
2115
2899
2115
2117
2913
2118
2900
2117
2118
2156
2121
2901
2121
2125
2905
2127
2903
2124
2902
2124
2126
2916
2127
2903
2127
2131
2127
2164
2130
2904
2130
2134
2908
2136
2906
2133
2905
2133
2135
2919
2136
2906
2136
2140
2136
2173
2139
2907
2139
2143
2911
2145
2909
2142
2908
2142
2144
2922
2145
2909
2145
2149
2145
2182
2148
2910
2148
2152
2914
2154
2912
2151
2911
2151
2153
2925
2154
2912
2154
2158
2154
2191
2157
2705
2157
2913
2163
2915
2160
2914
2160
2162
2928
2163
2915
2162
2163
2201
2166
2916
2166
2170
2920
2172
2918
2169
2917
2169
2171
2944
2172
2918
2172
2176
2172
2244
2175
2919
2175
2179
2923
2181
2921
2178
2920
2178
2180
2947
2181
2921
2181
2185
2181
2253
2184
2922
2184
2188
2926
2190
2924
2187
2923
2187
2189
2950
2190
2924
2190
2194
2190
2209
2193
2925
2193
2197
2929
2199
2927
2196
2926
2196
2198
2931
2199
2927
2199
2203
2199
2212
2202
2726
2202
2928
2208
2930
2205
2929
2205
2207
2934
2208
2930
2207
2208
2222
2211
2950
2211
2265
2932
2267
2952
2214
2931
2214
2218
2935
2220
2933
2217
2265
2932
2217
2219
2953
2220
2933
2220
2224
2220
2268
2223
2747
2223
2934
2229
2936
2226
2935
2226
2228
2937
2229
2936
2228
2229
2231
2232
2768
2232
2937
2234
2939
2234
2939
2244
2245
2941
2247
2248
2239
2250
2251
2253
2254
2942
2256
2257
2241
2259
2260
2262
2263
2265
2266
2268
2563
2246
2944
2246
2250
2948
2252
2946
2249
2945
2249
2251
2252
2946
2252
2256
2252
2255
2947
2255
2259
2951
2261
2949
2258
2948
2258
2260
2261
2949
2261
2262
2261
2264
2951
2264
2266
2267
2952
2267
2267
2953
2297
2298
2300
2301
2303
2304
2306
2307
2309
2310
2312
2313
2315
2316
2318
2319
2321
2322
2324
2325
2327
2328
2330
2331
2333
2334
2336
2337
2339
2340
2342
2343
2345
2346
2348
2349
2351
2352
2354
2355
2358
2359
2361
2362
2364
2365
2367
2368
2370
2371
2373
2374
2376
2377
2379
3795
2299
2299
2302
2379
2302
2305
2305
2308
2308
2311
2311
2314
2314
2317
2317
2320
2320
2323
2323
2326
2326
2329
2329
2332
2332
2335
2335
2338
2338
2341
2341
2344
2344
2347
3460
3483
2347
3485
2350
2350
2353
2353
2356
2356
3813
3874
2360
2360
2363
2363
2366
2366
2369
2369
2372
2372
2375
2375
2378
2378
2403
2404
2394
2406
2407
2396
2409
2410
2398
2412
2413
2400
2415
2416
2402
2418
2419
2421
2422
2424
2425
2427
2428
2430
2431
2433
2434
2436
2437
2439
2440
8961
8962
2442
2396
2443
2444
2398
2445
2446
2400
2447
2448
2402
2449
2450
2405
2405
2408
2408
2442
2411
2411
2444
2414
2414
2446
2417
2417
2448
2420
2420
2450
2423
2423
2426
2426
2429
2429
2432
2432
2435
2435
2438
2438
2441
2441
8812
8811
8814
2443
2445
2447
2449
2451
2570
2571
2573
2574
2576
2577
2579
2580
2585
2586
2588
2589
2591
2592
2594
2595
2597
2598
2606
2607
2609
2610
2612
2613
2615
2616
2618
2619
2624
2625
2627
2628
2630
2631
2633
2634
2636
2637
2639
2640
2645
2646
2648
2649
2651
2652
2654
2655
2657
2658
2660
2661
2666
2667
2669
2670
2672
2673
2675
2676
2678
2679
2681
2682
2687
2688
2690
2691
2693
2694
2696
2697
2699
2700
2702
2703
2708
2709
2711
2712
2714
2715
2717
2718
2720
2721
2723
2724
2729
2730
2732
2733
2735
2736
2738
2739
2741
2742
2744
2745
2750
2751
2753
2754
2756
2757
2759
2760
2762
2763
2765
2766
2771
2772
2774
2775
2777
2778
2780
2781
2783
2784
2786
2787
2790
2791
2793
2794
2796
2797
2799
2800
2802
2803
2805
2806
2808
2809
2811
2812
2814
2815
2817
2818
2820
2821
2823
2824
2826
2827
2829
2830
2832
2833
2835
2836
2838
2839
2841
2842
2844
2845
2847
2848
2850
2851
2853
2854
2856
2857
2859
2860
2862
2863
2865
2866
2868
2869
2871
2872
2874
2875
2877
2878
2880
2881
2883
2884
2886
2887
2889
2890
2892
2893
2895
2896
2898
2899
2901
2902
2904
2905
2907
2908
2910
2911
2913
2914
2916
2917
2919
2920
2922
2923
2925
2926
2928
2929
2931
2932
2934
2935
2937
2938
2565
2566
2569
2569
2572
2572
2575
2575
2578
2578
2581
2581
2584
2584
2587
2587
2590
2590
2593
2593
2596
2596
2599
2599
2601
2602
2605
2605
2608
2608
2611
2611
2614
2614
2617
2617
2620
2620
2623
2623
2626
2626
2629
2629
2632
2632
2635
2635
2638
2638
2641
2641
2644
2644
2647
2647
2650
2650
2653
2653
2656
2656
2659
2659
2662
2662
2665
2665
2668
2668
2671
2671
2674
2674
2677
2677
2680
2680
2683
2683
2686
2686
2689
2689
2692
2692
2695
2695
2698
2698
2701
2701
2704
2704
2707
2707
2710
2710
2713
2713
2716
2716
2719
2719
2722
2722
2725
2725
2728
2728
2731
2731
2734
2734
2737
2737
2740
2740
2743
2743
2746
2746
2749
2749
2752
2752
2755
2755
2758
2758
2761
2761
2764
2764
2767
2767
2770
2770
2773
2773
2776
2776
2779
2779
2782
2782
2785
2785
2788
2788
9205
9218
2792
2792
2795
2795
2798
2798
2801
2801
2804
2804
2807
2807
2810
2810
2813
2813
2816
2816
2819
2819
2822
2822
2825
2825
2828
2828
2831
2831
2834
2834
2837
2837
2840
2840
2843
2843
2846
2846
2849
2849
2852
2852
2855
2855
2858
2858
2861
2861
2864
2864
2867
2867
2870
2870
2873
2873
2876
2876
2879
2879
2882
2882
2885
2885
2888
2888
2891
2891
2894
2894
2897
2897
2900
2900
2903
2903
2906
2906
2909
2909
2912
2912
2915
2915
2918
2918
2921
2921
2924
2924
2927
2927
2930
2930
2933
2933
2936
2936
2939
2939
2944
2945
2947
2948
2950
2951
2953
2946
2946
2949
2949
2952
2952
2955
2961
3266
3267
2956
2957
3687
2958
3267
3685
2958
2959
3689
2960
3686
2960
2963
3057
3062
3063
2962
3285
3687
3688
3962
3964
2965
2992
3689
2965
2992
3691
3695
3970
3690
3971
2970
2977
3692
4306
2969
2978
2979
3693
2970
2981
2982
3692
2971
2984
4311
2985
4313
2986
3693
4315
2974
2987
3694
4320
2988
2989
2998
3000
2991
2999
4325
2976
3033
4297
4299
3035
3037
3958
3698
4301
4307
2980
3011
3701
2980
2982
2984
2983
3012
2983
3022
3699
2983
2985
3023
2985
4312
4314
2987
3702
4316
3704
4321
2990
3033
4297
2990
2991
3028
4298
4326
3031
4326
3057
3707
3714
3010
3011
3059
3708
3013
3014
3709
8446
3009
3016
3017
3019
3021
3022
3069
3710
3024
3025
3076
3711
3027
3028
3712
3030
3031
3694
3033
3034
3712
3036
3044
4138
4584
3007
3038
3039
3713
3006
3041
8443
8833
3007
3042
3043
3713
3016
3044
3046
4142
3008
3047
3048
3050
3051
3053
8833
3054
3736
4585
3012
3021
3082
3012
3717
3023
3015
3024
3075
3015
3027
3720
3026
3029
3018
3054
3018
3020
3047
3046
3049
3020
3736
3053
3023
3099
3023
3723
3026
3077
3026
3030
3726
3032
3029
3728
3029
3031
3032
3032
3705
3032
3035
3035
3038
3729
3040
3037
3039
3045
3040
4584
3040
3733
3040
3050
3043
3048
8444
3734
8441
8445
3051
8445
3045
4512
3046
3050
3052
3049
3053
3049
3051
3052
3052
3052
4142
4586
3072
3739
8841
8896
3073
3076
3078
8454
3058
3063
3079
3079
3080
3707
3060
3082
3083
3085
3086
3708
3062
3063
3737
3740
8561
3121
3686
3064
3088
3088
3089
3737
3069
3091
3092
3710
3071
3094
3095
3738
3070
3097
3122
3739
3071
3098
3124
3738
3099
3100
3102
3103
3108
3105
3106
3108
3110
3115
3074
3111
3113
3114
3116
8454
3077
8446
8465
3077
3111
3078
8465
8480
3081
3088
3081
3091
3715
3090
3093
3084
3099
3084
3085
3102
3101
3104
3087
3109
3087
3112
3718
3110
3113
3090
3090
3094
3741
3096
3093
3722
3093
3095
3100
3096
3096
3743
3096
3105
3098
3103
3123
3106
3125
3101
3101
3105
3107
3104
3109
3104
3106
3107
3107
3107
3109
3739
3110
3116
3112
3711
3113
3725
3116
3115
8450
8478
3116
8841
3118
3119
3161
3745
3258
8523
8849
3120
3746
8523
3121
8506
8528
3746
8561
3123
3747
8563
3125
8698
3125
3748
8700
8701
3128
3139
3534
3751
3130
3154
3756
8732
3129
3535
3764
3203
3348
3540
3237
8733
8958
3132
3778
8734
8736
3259
3286
3779
3134
3135
3170
3171
3749
5069
5070
3173
3174
3749
3137
3138
3176
3177
3179
3180
3750
3184
3185
3750
3140
3187
3188
3193
3194
3751
3142
3143
3196
3197
3199
3752
5094
3200
3201
3752
3203
3204
3348
3753
3146
3148
3206
3207
3210
3211
3754
3150
3213
3214
3269
3216
3217
3754
3151
3153
3221
3222
3224
3225
3783
3227
3228
3755
3155
3230
3231
3270
3233
3234
3755
3156
3236
3237
3239
3240
3784
3242
3243
3756
3158
3160
3245
3246
3248
3249
3757
3162
3251
3252
3272
3254
3255
3757
3163
3257
3258
3260
3261
3786
3263
3264
3745
3166
3926
5051
5052
3166
3167
3676
4980
3677
5053
3169
3927
4985
3169
3170
4985
6553
3172
3929
3172
5069
3172
3173
3679
3680
3175
3930
3175
3176
3758
3178
3932
3178
3179
3178
3184
3682
3683
3181
3758
3181
3182
3760
3183
3759
3183
3190
4990
5080
5081
3186
3933
3186
3187
3761
3189
3935
3189
3193
3189
3521
3534
3522
3192
3760
4994
3192
3196
4994
6563
3198
3762
3195
3761
3195
3197
3763
3198
3762
3198
3199
3198
3200
5095
6563
3202
3763
3202
3206
3767
3208
3765
3205
3764
3205
3207
3769
3208
3765
3208
3210
3208
3216
3215
3768
5099
5100
3212
3767
3212
3214
3771
3215
3768
3215
3273
5100
3215
3224
3218
3769
3218
3221
3772
3223
3770
3220
3222
3594
3937
3223
3684
3770
3223
3227
3223
3233
3226
3771
3226
3230
3788
3232
3773
3229
3772
3229
3231
3774
3232
3773
3232
3276
3232
3239
3235
3937
3235
3236
3775
3238
3939
3238
3242
3238
3561
3562
3241
3774
3241
3245
3791
3247
3776
3244
3775
3244
3246
3777
3247
3776
3247
3248
3247
3254
3250
3791
3250
3252
3780
3253
3792
3253
3282
3284
3253
3260
3283
3256
3777
3256
3257
3781
3259
3779
3259
3263
3259
3286
3262
3780
3262
3266
3794
3268
3782
3265
3781
3265
3267
3685
3268
3782
3268
3285
3268
3273
3274
3783
3276
3277
3784
3281
3282
3785
5144
3284
3786
5284
5271
6620
3787
5271
5273
3280
3789
5275
5276
3278
3788
3278
3279
3790
3280
3789
3280
3281
5144
5277
3283
3790
3283
3793
3792
3793
5285
3794
3962
8736
8849
3355
3356
3796
3289
3358
3359
3570
3361
3362
3797
3364
3365
3798
3292
3293
3367
3368
3370
3371
3799
3373
3374
3799
3376
3377
3800
3297
3299
3379
3380
3382
3383
3575
3895
3385
3386
3801
3302
3388
3389
3581
3391
3392
3801
3394
3395
3802
3303
3305
3397
3398
3400
3401
3897
3403
3404
3803
3308
3406
3407
3585
3409
3410
3803
3412
3413
3805
3309
3312
3415
3416
3418
3419
3804
3421
3422
3806
3311
3315
3424
3425
3427
3428
3807
3430
3431
3806
3433
3434
3808
3316
3321
3436
3437
3439
3440
3807
3442
3443
3809
3319
3323
3445
3446
3448
3449
3589
3900
3451
3452
3810
3326
3454
3455
3591
3457
3458
3809
3324
3329
3462
3463
3465
3466
3810
3468
3469
3811
3327
3331
3471
3472
3474
3475
3901
3477
3478
3812
3334
3480
3481
3592
3483
3484
3811
3332
3486
3487
3488
3812
3490
3491
3813
3335
3337
3493
3494
3496
3497
3902
3499
3500
3814
3339
3502
3503
3593
3505
3506
3814
3340
3343
3508
3509
3511
3512
3903
3514
3515
3815
3342
3344
3517
3518
3520
3521
3816
3523
3815
3525
3526
3816
3528
3529
3817
3347
3349
3531
3532
3536
3537
3818
3351
3539
3541
3542
3818
3352
3546
8748
8761
3548
3549
3753
3551
3552
8938
3354
3554
3555
3594
3557
3558
3904
3357
3820
3357
3359
3822
3360
3821
3360
3613
3618
3360
3361
3614
3363
3822
3363
3367
3826
3369
3824
3366
3823
3366
3368
3828
3369
3824
3369
3370
3369
3373
3372
3826
3372
3635
3831
3636
3827
3375
3828
3375
3379
3832
3381
3830
3378
3829
3378
3380
3834
3381
3830
3381
3385
3381
3391
3384
3635
3831
3384
3388
3916
3390
3833
3387
3832
3387
3389
3837
3390
3833
3390
3650
3390
3400
3393
3834
3393
3397
3838
3399
3836
3396
3835
3396
3398
3840
3399
3836
3399
3403
3399
3409
3402
3837
3402
3406
3920
3408
3839
3405
3838
3405
3407
3843
3408
3839
3408
3660
3408
3418
3411
3840
3411
3415
3844
3417
3842
3414
3841
3414
3416
3849
3417
3842
3417
3421
3417
3430
3420
3843
3420
3424
3847
3426
3845
3423
3844
3423
3425
3852
3426
3845
3426
3427
3426
3439
3429
3847
3429
3671
3855
3672
3848
3432
3849
3432
3436
3853
3438
3851
3435
3850
3435
3437
3858
3438
3851
3438
3442
3438
3457
3441
3852
3441
3445
3856
3447
3854
3444
3853
3444
3446
3861
3447
3854
3447
3451
3447
3465
3450
3671
3855
3450
3454
3925
3456
3857
3453
3856
3453
3455
3864
3456
3857
3456
3675
3456
3474
3459
3858
3459
3462
3862
3464
3860
3461
3463
3464
3860
3464
3468
3464
3483
3467
3861
3467
3471
3865
3473
3863
3470
3862
3470
3472
3867
3473
3863
3473
3477
3473
3487
3476
3864
3476
3480
3928
3482
3866
3479
3865
3479
3481
3870
3482
3866
3482
3678
3482
3496
3485
3485
3486
3868
3490
3489
3867
3489
3493
3871
3495
3869
3492
3868
3492
3494
3873
3495
3869
3495
3499
3495
3505
3498
3870
3498
3502
3931
3504
3872
3501
3871
3501
3503
3875
3504
3872
3504
3681
3504
3511
3507
3873
3507
3508
3876
3510
3874
3510
3514
3510
3513
3875
3513
3517
3934
3519
3877
3516
3876
3516
3518
3878
3519
3877
3519
3520
3519
3525
3522
3934
3522
3881
3935
3524
3879
3528
3527
3878
3527
3531
3882
3533
3880
3530
3879
3530
3532
3884
3533
3880
3533
3536
3533
3541
3535
3881
3540
3883
3538
3882
3538
3539
3887
3540
3883
3540
3548
3543
3884
3543
3546
3888
3547
3886
3545
3885
8741
3547
3886
8760
3547
3551
8761
3550
3887
3550
3554
3936
3556
3889
3553
3888
3553
3555
3890
3556
3889
3556
3684
3556
3557
3559
3890
3559
3938
8797
3891
8799
3562
3938
8753
8797
3562
8753
8958
3939
3595
3596
3795
3565
3568
3598
3599
3601
3602
3892
3567
3569
3604
3605
3607
3608
3893
3612
3613
3892
3615
3616
3893
3618
3619
3797
3572
3574
3621
3622
3626
3627
3894
3576
3629
6208
6212
3631
3632
3894
3577
3634
3635
3637
3638
6915
3640
3641
3895
3579
3580
3643
3644
3646
3896
6216
3647
3648
3896
3650
3651
3897
3583
3584
3653
3654
3656
3898
6218
3657
3658
3898
3660
3661
3804
3587
3588
3663
3664
3666
3899
6220
3667
3668
3899
3590
3670
3671
3673
3674
3900
3675
3676
3901
3678
3679
3902
3681
3682
3903
3684
3904
3597
3597
3599
3819
3600
3600
3601
3600
3612
3603
3603
3605
3905
3606
3606
3607
3606
3615
3609
3609
3610
3908
3611
3611
3624
6205
6209
3614
3819
3614
3906
3821
3617
3905
3617
3621
3909
3623
3907
3620
3906
3620
3622
3825
3623
3907
3623
3626
3623
3631
3625
3908
6207
3630
3910
6211
3628
3909
3628
3629
3911
3630
3910
3630
3637
6212
3633
3825
3633
3634
3912
3636
3827
3636
3640
3636
3639
3911
3639
3643
3914
3645
3913
3642
3912
3642
3644
3915
3645
3913
3645
3646
3645
3647
3914
6217
3649
3915
3649
3653
3918
3655
3917
3652
3916
3652
3654
3919
3655
3917
3655
3656
3655
3657
3918
6219
3659
3919
3659
3663
3922
3665
3921
3662
3920
3662
3664
3846
3665
3921
3665
3666
3665
3667
3922
6221
3669
3846
3669
3670
3923
3672
3848
3672
3673
3672
3923
6222
3924
5040
6222
3677
3925
3677
3927
3926
3680
3928
3680
3930
3929
3683
3931
3683
3933
3932
3936
3686
3745
3746
3688
3689
3690
3966
3690
3968
3695
3696
3972
3698
3699
3701
3702
3704
3705
3697
3714
3697
3698
4301
3700
3716
3700
3700
3723
3724
3703
3717
3703
3704
3706
3719
3706
3706
3726
3727
3714
3715
3717
3718
3720
8447
8834
3722
3723
3725
3726
3728
3729
3733
3734
3716
3716
3722
3724
3719
3719
3725
3727
3721
3728
3730
3732
8834
3724
3724
3727
3727
3730
3730
3733
3735
3732
3734
8441
8832
3735
8836
3735
3735
6415
3740
3741
3743
3748
3747
3742
8920
3742
3743
3744
8921
3744
3748
8924
3746
8516
8896
8923
3758
6558
3760
3761
3763
3764
3766
3767
3769
3936
3771
3772
3774
3775
3777
3778
3780
3781
3759
5080
6558
3762
3762
3765
3765
3768
5094
5099
3768
3770
3936
3773
3773
3776
3776
3779
3779
8732
3782
3782
3787
3788
3790
3791
3793
5145
6625
3794
6627
3789
5275
3789
3792
3792
6626
6223
3819
3820
3822
3823
3825
3826
3828
3829
3831
3832
3834
3835
3837
3838
3840
3841
3843
3844
3846
3847
3849
3850
3852
3853
3855
3856
3858
3859
3861
3862
3864
3865
3867
3868
3870
3871
3873
3875
3876
3878
3879
3881
3882
3884
3885
3887
3888
3821
3821
3824
3824
3827
3827
3830
3830
3833
3833
3836
3836
3839
3839
3842
3842
3845
3845
3848
3848
3851
3851
3854
3854
3857
3857
3860
3860
3863
3863
3866
3866
3869
3869
3872
3872
3874
3877
3877
3880
3880
3883
3883
3886
3886
3889
3889
3891
8938
8796
8953
3905
3906
3908
3909
3911
3912
3915
3916
3918
6921
3919
3920
3922
6923
3923
6925
3924
3925
3927
3928
3930
3931
3933
3934
3937
3938
3907
3907
3910
3910
3913
3913
6915
6920
3917
3917
6922
3921
3921
6924
6926
3926
5051
3926
3929
3929
3932
3932
3935
3935
3939
3939
3941
3942
3945
4739
3946
3949
7736
3947
3949
4759
3944
3948
4764
7602
4784
7807
8227
3946
4740
7737
3948
4760
8276
4765
7767
8275
8276
3959
3960
5147
6224
3952
3963
3964
3984
3966
3967
6226
3969
3970
3990
4287
4288
3995
4287
4289
4303
3997
4290
4291
4293
4002
4293
4295
4317
4004
4296
4297
4299
4009
4299
4584
3961
5287
6627
3961
3963
6243
3965
6223
3965
6223
3965
4067
3965
3966
3968
3968
3969
6249
3971
3971
4085
3971
3972
4300
4300
4301
4100
4303
4304
4308
4104
4290
4308
4310
4119
4317
4318
4322
4123
4296
4322
4324
4018
4049
4055
5893
4051
5147
5897
6224
3981
3983
4052
4053
4026
4055
4057
4061
4058
4059
6225
4028
4061
4062
4073
4064
4065
6225
4067
4068
6226
3987
3989
4070
4071
4035
4073
4075
4079
4076
4077
6227
4037
4079
4080
4091
4082
4083
6227
4085
4086
6317
6318
3993
3996
4088
4089
4327
4041
4091
4093
4097
4094
4095
6228
6320
4043
4097
4098
4110
4423
6317
6319
6339
4327
4328
6228
4330
4331
6323
4000
4003
4333
4334
4044
4116
4336
4337
4339
4340
6229
4045
4129
4342
4343
6323
6325
6357
4345
4346
6229
4348
4349
6329
4007
4010
4351
4352
4046
4135
4354
4355
4357
4358
6230
4047
4148
4360
4361
6329
6331
6375
4363
4364
6230
4013
4014
4366
4367
4048
4154
4369
4370
4372
4373
6231
4377
6231
4016
4020
4160
6201
4161
6203
6233
4023
4162
4249
4654
4165
4166
6277
4021
4027
4168
4169
4171
4172
6233
4174
4175
6234
4024
4030
4177
4178
4180
4181
6302
4183
4184
6235
4033
4186
4187
4256
4192
6277
6279
4189
4190
6234
4192
4193
6286
4031
4036
4195
4196
4198
4199
6235
4201
4202
6236
4034
4039
4204
4205
4207
4208
6305
4210
4211
6237
4219
6286
6288
4216
4217
6236
4219
4220
6293
4040
4042
4222
4223
4225
4226
6237
4228
4229
6238
4235
6293
6295
4232
4233
6238
4235
4236
6297
6393
4243
4378
4379
4381
4382
6300
4247
4384
4385
4387
4388
6301
4248
4390
4391
4056
5891
5894
4052
5413
5896
6240
4053
5898
6242
4054
4058
4054
4064
5896
5898
4056
6277
4057
6239
4063
6241
4060
6240
4060
4062
6245
4063
6241
4063
4192
4063
4074
4066
6242
4066
4070
6246
4072
6244
4069
6243
4069
4071
6248
4072
6244
4072
4076
4072
4082
4074
6286
4075
6245
4081
6247
4078
6246
4078
4080
6251
4081
6247
4081
4219
4081
4092
4084
6248
4084
4088
6252
4090
6250
4087
6249
4087
4089
6254
6336
4090
6250
4090
4094
4090
4101
4395
4092
6293
4093
6251
4099
6253
4096
6252
4096
4098
6256
6345
4099
6253
4099
4235
4099
4111
4425
4404
6339
6340
4395
4396
6254
4107
4398
4399
6257
4109
4401
4402
6255
4330
4404
4406
4108
4407
4408
6259
4109
4410
4411
6255
4113
4413
4414
4120
4416
4417
4419
4420
4422
4423
6297
4425
4426
6256
4118
4428
4429
6258
4431
4432
6257
4117
4434
4435
6261
4118
4437
4438
6258
4243
4440
4441
4130
4443
4444
4446
4447
4458
6357
6358
4449
4450
6259
4126
4452
4453
6262
4128
4455
4456
6260
4348
4458
4460
4127
4461
4462
6264
4128
4464
4465
6260
4132
4467
4468
4139
4470
4471
4473
4474
4476
4477
6300
4479
4480
6261
4137
4482
4483
6263
4485
4486
6262
4136
4488
4489
6266
4137
4491
4492
6263
4247
4494
4495
4149
4497
4498
4500
4501
4512
6375
6376
4503
4504
6264
4145
4506
4507
6267
4147
4509
4510
6265
4512
4514
4146
4515
4516
6269
4147
4518
4519
6265
4151
4521
4522
4157
4524
4525
4527
4528
4530
4531
6301
4533
4534
6266
4156
4536
4537
6268
4539
4540
6267
4155
4542
4543
6270
4156
4545
4546
6268
4248
4548
4549
4158
4551
4552
4554
4555
4557
6269
6270
4160
5518
6200
6271
4171
6202
4162
4653
6274
4180
4655
4164
4168
5520
6272
4170
6204
6913
4167
5519
5893
4167
4169
6278
4170
6913
4170
4174
4170
4189
4173
6271
4173
4177
6275
4179
6273
4176
6272
4176
4178
6280
4179
6273
4179
4183
4179
4198
4182
6274
4182
4186
6307
4188
6276
4185
6275
4185
4187
6283
4188
6276
4188
4271
4188
4207
4191
6278
4191
4195
6281
4197
6279
4194
4194
4196
6287
4197
6279
4197
4201
4197
4216
4200
6280
4200
4204
6284
4206
6282
4203
6281
4203
4205
6289
4206
6282
4206
4210
4206
4225
4209
6283
4209
4213
6315
4215
6285
4212
6284
4212
4214
6292
4215
6285
4215
4286
6927
4215
6927
6945
4218
6287
4218
4222
6290
4224
6288
4221
4221
4223
6294
4224
6288
4224
4228
4224
4232
4227
6289
4227
6943
7267
4231
6291
4230
6290
4230
6944
7269
4231
6291
6943
6944
4234
6294
4234
4238
6296
4240
6295
4237
4237
4239
6298
6395
4240
6295
4240
6932
6957
4240
4241
4558
6932
4558
4559
6298
4246
4561
6299
7202
4562
4563
4565
4566
6963
7275
4246
4568
4569
6299
4571
7210
4572
4573
4579
4580
4262
4944
6302
4251
4255
4263
4946
4264
4951
6303
4253
4258
4265
4953
4266
4958
6304
4260
4267
4960
7377
4268
4269
6303
4271
4272
6305
4259
4261
4274
4275
4277
4278
6304
4280
7031
7281
4283
7034
7542
4284
7054
7281
4263
4945
6306
4268
4947
4265
4952
6309
4277
4954
4267
4959
6312
4283
4961
4270
6306
4270
4274
6310
4276
6308
4273
6307
4273
4275
6314
4276
6308
4276
4280
4276
4284
4279
6309
4279
6313
7032
4282
6311
4281
6310
4282
6311
7031
7032
7033
6312
7035
4285
6314
6316
7054
7059
6315
6986
7056
4288
6317
4289
4300
4302
4305
4292
4330
4292
4294
4311
4310
4312
4294
6323
4295
4315
4316
4319
4298
4348
4298
4324
6329
4302
4302
4307
4305
6339
4305
4306
4309
4307
4307
4313
4309
4404
4310
4313
4314
4312
4315
4314
4314
4316
4321
4319
6357
4319
4320
4323
4321
4321
4325
4323
4458
4324
4325
4326
4326
4329
4395
4329
4398
6321
4397
4400
4332
4332
4407
6324
4406
4409
4335
4339
4413
4335
4345
4416
4415
4418
4338
4378
4422
4338
4428
4441
4424
4430
4341
4431
4341
4434
6326
4433
4436
4344
4381
4440
4344
4443
4477
4442
4445
4347
4449
4347
4452
6327
4451
4454
4350
4350
4461
6330
4460
4463
4353
4357
4467
4353
4363
4470
4469
4472
4356
4384
4476
4356
4482
4495
4478
4484
4359
4485
4359
4488
6332
4487
4490
4362
4387
4494
4362
4497
4531
4496
4499
4365
4503
4365
4506
6333
4505
4508
4368
4372
4521
4368
4377
4524
4523
4526
4371
4390
4530
4371
4536
4549
4532
4538
4374
4539
4374
4542
6335
4541
4544
4376
4393
4548
4550
4553
4557
4380
6392
4380
4563
6398
6394
6400
4383
4562
4383
4565
6402
4564
4567
4386
6401
4386
4573
6406
6403
6407
4389
4572
4389
4575
6409
4574
4576
4392
6408
4392
4580
6413
6410
6414
4394
4579
4581
4397
4397
4401
6337
4403
4400
6348
4400
4402
4414
4403
4403
6342
4403
4419
4405
4406
4410
6340
4412
4409
6354
4409
4411
4417
4412
4412
6343
4412
4420
4415
4431
4415
4419
4421
4418
4449
4418
4420
4421
4421
4421
4424
6392
4424
4425
4427
4427
4427
4429
6346
4430
4430
4446
4430
6351
4433
4433
4437
6349
4439
4436
6363
4436
4438
4444
4439
4439
6352
4439
4447
4442
4562
4442
4446
4448
4445
4479
4445
4447
4448
4448
4448
4451
4451
4455
6355
4457
4454
6366
4454
4456
4468
4457
4457
6360
4457
4473
4459
4460
4464
6358
4466
4463
6372
4463
4465
4471
4466
4466
6361
4466
4474
4469
4485
4469
4473
4475
4472
4503
4472
4474
4475
4475
4475
4478
6401
4478
4479
4481
4481
4481
4483
6364
4484
4484
4500
4484
6369
4487
4487
4491
6367
4493
4490
6381
4490
4492
4498
4493
4493
6370
4493
4501
4496
4572
4496
4500
4502
4499
4533
4499
4501
4502
4502
4502
4505
4505
4509
6373
4511
4508
6384
4508
4510
4522
4511
4511
6378
4511
4527
4513
4514
4518
6376
4520
4586
4517
4585
6390
4517
4519
4525
4520
4586
4520
6379
4520
4528
4523
4539
4523
4527
4529
4526
4557
4526
4528
4529
4529
4529
4532
6408
4532
4533
4535
4535
4535
4537
6382
4538
4538
4554
4538
6387
4541
4541
4545
6385
4547
4544
6391
4544
4546
4552
4547
4547
6388
4547
4555
4550
4579
4550
4554
4556
4553
4553
4555
4556
4556
4556
4560
7182
4560
4561
6396
7184
7203
6399
7203
4564
4564
4568
4570
4567
6404
4567
4569
7208
4570
4570
6398
4570
4571
7208
7211
4574
4574
4577
4578
4576
6411
6968
4578
7222
4578
6406
6969
7223
4581
4581
4582
4583
4583
6413
6977
7243
6375
4586
6415
4588
4608
4656
5920
4609
5949
6420
4590
4610
4662
5954
4611
5983
6423
4592
4612
4669
5988
4613
6017
6426
4594
4614
4676
6022
4615
6051
6429
4596
4616
4683
6056
4617
6085
6432
4598
4619
4620
4690
4622
4623
6435
4600
4625
4626
4697
4628
4629
6438
4631
4632
5496
6440
4634
4635
4703
4706
4637
5496
6164
6440
4605
4639
4640
4707
4642
4643
6443
4607
4647
4648
4714
4650
4651
6446
4724
5921
4610
5950
6450
4744
5955
4612
5984
6459
4769
5989
4614
6018
6468
4794
6023
4616
6052
6477
4819
6057
4618
4619
6486
4621
6085
6863
4621
4839
4621
4622
6087
6088
4624
6873
4624
4625
6493
4627
6875
4627
4858
4627
4628
6117
6118
4630
6416
4630
4634
6500
4636
6417
4633
6143
6885
4633
4635
6505
4636
6417
4636
4876
4636
4889
4638
4639
6506
4641
6164
6894
4641
4892
4641
4642
6166
6167
4644
6901
4644
4647
6515
4649
6903
4646
4648
5512
6418
4649
6186
6903
4649
4917
4649
4650
4652
6418
4652
4654
6524
4655
6419
4655
6203
6419
4655
4944
4724
4725
6420
4658
4661
4727
4728
4730
4731
6421
4660
4664
4733
4734
4736
4737
6422
4741
4742
6421
4744
4745
6423
4665
4668
4747
4748
4750
4751
6422
4753
4754
6424
4667
4671
4756
4757
4761
4762
6425
4766
4767
6424
4769
4770
6426
4672
4675
4772
4773
4775
4776
6425
4778
4779
6427
4674
4678
4781
4782
4786
4787
6428
4791
4792
6427
4794
4795
6429
4679
4682
4797
4798
4800
4801
6428
4803
4804
6430
4681
4685
4806
4807
4811
4812
6431
4816
4817
6430
4819
4820
6432
4686
4689
4822
4823
4825
4826
6431
4828
4829
6433
4688
4692
4831
4832
4834
6434
7429
4836
4837
6433
4839
4840
6435
4693
4696
4842
4843
4845
4846
6434
4848
4849
6436
4695
4699
4851
4852
4854
6437
7436
4855
4856
6436
4858
4859
6438
4700
4702
4861
4862
4864
4865
6437
4867
4868
6439
4870
4871
7387
7390
4873
4874
6439
4876
4877
6441
4705
4709
4879
4880
4884
4885
6442
4889
4890
6441
4892
4893
6443
4710
4713
4895
4896
4898
4899
6442
4901
4902
6444
4712
4716
4904
4905
4909
4910
6445
4914
4915
6444
4917
4918
6446
4717
4721
4920
4921
4923
4924
6445
4926
4927
6447
4719
4722
4929
4930
4935
4936
6448
4723
4938
4939
7405
4941
4942
6447
4948
4949
6448
4955
4956
7552
4726
4726
4728
6449
4729
4729
4730
4729
4741
4732
4732
4734
6452
4735
4735
4736
4735
4750
4738
4738
4739
6455
4740
4740
4759
4743
6449
4743
4747
6453
4749
6451
4746
6450
4746
4748
6458
4749
6451
4749
4753
4749
4766
4752
6452
4752
4756
6456
4758
6454
4755
6453
4755
4757
6461
4758
6454
4758
4761
4758
4775
4760
6455
4765
6457
4763
6456
4763
4764
6464
4765
6457
4765
4784
4768
6458
4768
4772
6462
4774
6460
4771
6459
4771
4773
6467
4774
6460
4774
4778
4774
4791
4777
6461
4777
4781
6465
4783
6463
4780
6462
4780
4782
6470
4783
6463
4783
4786
4783
4800
4785
6464
4790
6466
7807
4788
6465
4788
4789
6473
4790
6466
4790
4809
7614
7808
4793
6467
4793
4797
6471
4799
6469
4796
6468
4796
4798
6476
4799
6469
4799
4803
4799
4816
4802
6470
4802
4806
6474
4808
6472
4805
6471
4805
4807
6479
4808
6472
4808
4811
4808
4825
4810
6473
7628
4815
6475
7852
4813
6474
4813
4814
6482
4815
6475
4815
7426
7629
7853
4818
6476
4818
4822
6480
4824
6478
4821
6477
4821
4823
6485
4824
6478
4824
4828
4824
4836
4827
6479
4827
4831
6483
4833
6481
4830
6480
4830
4832
6488
4833
6481
4833
4834
4833
4845
4835
6483
6484
7429
7432
4838
6485
4838
4842
6489
4844
6487
4841
6486
4841
4843
6492
4844
6487
4844
4848
4844
4855
4847
6488
4847
4851
6491
4853
6490
4850
6489
4850
4852
6495
4853
6490
4853
4854
4853
4864
6491
7437
4857
6492
4857
4861
6496
4863
6494
4860
6493
4860
4862
6499
4863
6494
4863
4867
4863
4873
4866
6495
4866
4870
6498
4872
6497
4869
6496
4869
4871
6502
4872
6497
4872
7444
4872
4882
4875
6499
4875
4879
6503
4881
6501
4878
6500
4878
4880
6508
4881
6501
4881
4884
4881
4898
4883
6502
7390
4888
6504
7451
4886
6503
4886
4887
6511
4888
6504
4888
4907
7391
7452
4891
6505
4891
4895
6509
4897
6507
4894
6506
4894
4896
6514
4897
6507
4897
4901
4897
4914
4900
6508
4900
4904
6512
4906
6510
4903
6509
4903
4905
6517
4906
6510
4906
4909
4906
4923
4908
6511
7396
4913
6513
7463
4911
6512
4911
4912
6520
4913
6513
4913
4932
7397
7464
4916
6514
4916
4920
6518
4922
6516
4919
6515
4919
4921
6523
4922
6516
4922
4926
4922
4941
4925
6517
4925
4929
6521
4931
6519
4928
6518
4928
4930
6526
4931
6519
4931
4935
4931
4948
4934
6520
7403
4934
4938
7403
7572
4940
6522
4937
6521
4937
4939
6529
4940
6522
4940
7483
4940
4955
4943
6523
4943
4946
6527
4947
6525
4945
6524
4947
6525
4947
4951
4950
6526
4950
4953
6530
4954
6528
4952
6527
4954
6528
4954
4958
4957
6529
4957
4960
7578
4961
6531
4959
6530
4961
6531
4961
7502
4963
5000
5001
5101
5003
5004
6565
4965
5006
5007
5107
5009
5010
6568
4967
5012
5013
5114
5015
5016
6571
4969
4970
5018
5019
5021
5022
6532
5024
5025
6532
4972
4974
5027
5028
5030
5031
6533
4976
5033
5034
5128
5036
5037
6533
4977
4979
5039
5040
5042
5043
6575
5045
5046
6534
4981
5048
5049
5131
5051
5052
6534
4982
4985
5053
5054
5055
6535
5057
5058
6536
4984
4986
5060
5061
5063
5064
6537
6536
5066
5067
6537
4988
4989
5072
5073
5075
5076
6538
5078
5079
6538
4992
4994
5081
5082
5083
5136
6576
5085
5086
6539
4995
5088
5089
5137
6539
5091
5092
6577
4997
5096
5097
5139
5099
5100
6578
4999
5001
6206
6916
5002
6210
5002
5148
5002
5003
5005
6916
5005
5006
6581
5008
6918
5008
5166
5008
5009
6214
6215
5011
6919
5011
5012
6590
5014
6920
5014
5187
5014
5015
6216
6217
5017
6921
5017
5018
6599
5020
6922
5020
5021
5020
5024
6218
6219
5023
6599
5023
5209
6540
5210
6600
5026
6923
5026
5027
6541
5029
6924
5029
5030
5029
5036
6220
6221
5032
6541
5032
5034
6543
5035
6542
5035
5224
5229
5035
5042
5225
5038
6925
5038
5039
6544
5041
6926
5041
5045
5041
5051
6222
5044
6543
5044
5048
6611
5050
6545
5047
6544
5047
5049
6546
5050
6545
5050
5238
5050
5054
5053
6547
5057
5056
6546
5056
5060
6550
5062
6548
5059
6547
5059
5061
6552
5062
6548
5062
5063
5062
5066
5065
6550
5065
5248
6555
5249
6551
5068
6552
5068
5072
6556
5074
6554
5071
6553
5071
5073
6558
5074
6554
5074
5075
5074
5078
5077
6556
5077
5254
6559
5255
6557
5080
6558
5080
5081
6560
5085
5084
5254
6559
5084
5088
6614
5090
6561
5087
6560
5087
5089
6562
5090
6561
5090
5256
5090
5091
5093
6562
5093
5096
6617
5098
6564
5095
5097
5098
6564
5098
5262
5098
5099
6620
5148
5149
6565
5103
5106
5151
5152
5154
5155
6566
5105
5109
5157
5158
5160
5161
6567
5163
5164
6566
5166
5167
6568
5110
5113
5169
5170
5172
5173
6567
5175
5176
6569
5112
5116
5178
5179
5181
5182
6570
5184
5185
6569
5187
5188
6571
5117
5120
5190
5191
5193
5194
6570
5196
5197
6572
5119
5122
5199
5200
5202
5203
6573
5205
5206
6572
5123
5126
5208
5209
5211
5212
6573
5214
5215
6574
5125
5127
5217
5218
5220
5221
6637
5223
5224
6574
5226
5227
6637
5229
5230
6575
5130
5232
5233
5330
5235
5236
6641
5238
5239
6535
5133
5241
5242
5342
5244
5245
6645
5135
5247
5248
5354
5250
5251
6649
5253
5254
5366
5256
5257
6577
5259
5260
5378
6656
5262
5263
6578
5141
5265
5266
5389
5268
5269
6659
5143
5272
5273
5398
5275
5276
6579
5145
5277
5278
5279
5281
5282
5407
6664
5286
5287
5150
5150
5152
6580
5153
5153
5154
5153
5163
5156
5156
5158
6583
5159
5159
5160
5159
5172
5162
5162
5522
6586
5523
5165
6580
5165
5169
6584
5171
6582
5168
6581
5168
5170
6589
5171
6582
5171
5175
5171
5184
5174
6583
5174
5178
6587
5180
6585
5177
6584
5177
5179
6592
5180
6585
5180
5181
5180
5193
5183
6587
5183
5546
6595
5547
6588
5186
6589
5186
5190
6593
5192
6591
5189
6590
5189
5191
6598
5192
6591
5192
5196
5192
5205
5195
6592
5195
5199
6596
5201
6594
5198
6593
5198
5200
6601
5201
6594
5201
5202
5201
5211
5204
6596
5204
5579
6604
5580
6597
5207
6598
5207
5208
6602
5210
6600
5210
5214
5210
5223
5213
6601
5213
5217
6605
5219
6603
5216
6602
5216
5218
6607
5219
6603
5219
5220
5219
5226
5222
6605
5222
5612
6720
5613
6606
5225
6540
5225
6608
6542
5228
6607
5228
5232
6721
5234
6609
5231
6608
5231
5233
6610
5234
6609
5234
5644
5234
5235
5237
6610
5237
5241
6733
5243
6612
5240
6611
5240
5242
6549
5243
6612
5243
5680
5243
5244
5246
6549
5246
5247
6745
5249
6551
5249
5716
5249
5250
5252
6555
5252
5253
6757
5255
6557
5255
5752
5255
5258
6614
5258
5789
6616
5790
6615
5261
5789
6616
5261
5265
6778
5267
6618
5264
6617
5264
5266
6619
5267
6618
5267
5821
5267
5268
5270
6619
5270
5272
6787
5274
6621
5274
6621
5274
5848
5274
5275
5277
6623
5278
5280
6623
5280
5876
6625
5877
6624
5283
5876
6625
5283
5286
6802
5288
6626
5285
5287
6627
5288
6626
5288
5897
5288
5290
5296
5521
5522
5524
5525
6628
5292
5298
5527
5528
5530
5531
6629
5294
5301
5533
5534
5536
5537
6630
5414
5539
5540
5566
5542
5543
6628
5299
5307
5545
5546
5548
5549
6629
5551
5552
6631
5302
5309
5554
5555
5557
5558
6630
5560
5561
6632
5305
5312
5563
5564
5421
5566
5568
5572
5569
5570
6633
5423
5572
5573
5599
5575
5576
6631
5310
5318
5578
5579
5581
5582
6632
5584
5585
6634
5313
5320
5587
5588
5590
5591
6633
5593
5594
6635
5316
5323
5596
5597
5432
5599
5601
5605
5602
5603
6636
5434
5605
5606
5632
5608
5609
6634
5321
5329
5611
5612
5614
5615
6635
5617
5618
6638
5324
5332
5620
5621
5623
5624
6636
5626
5627
6639
5327
5335
5629
5630
5443
5632
5634
5638
5635
5636
6640
5445
5638
5639
5668
5641
5642
6638
5644
5645
6641
5333
5341
5647
5648
5650
5651
6639
5653
5654
6642
5336
5344
5656
5657
5659
5660
6640
5662
5663
6643
5339
5347
5665
5666
5454
5668
5670
5674
5671
5672
6644
5456
5674
5675
5704
5677
5678
6642
5680
5681
6645
5345
5353
5683
5684
5686
5687
6643
5689
5690
6646
5348
5356
5692
5693
5695
5696
6644
5698
5699
6647
5351
5359
5701
5702
5465
5704
5706
5710
5707
5708
6648
5467
5710
5711
5740
5713
5714
6646
5716
5717
6649
5357
5365
5719
5720
5722
5723
6647
5725
5726
6650
5360
5368
5728
5729
5731
5732
6648
5734
5735
6651
5363
5371
5737
5738
5476
5740
5742
5746
5743
5744
6652
5478
5746
5747
5776
5749
5750
6650
5752
5753
6576
5369
5377
5755
5756
5758
5759
6651
5761
5762
6653
5372
5379
5764
5765
5767
5768
6652
5770
5771
6654
5375
5382
5773
5774
5487
5776
5778
5782
5779
5780
6655
5489
5782
5783
5809
5785
5786
6653
5380
5788
5789
5791
5792
6654
5794
5795
6656
5383
5388
5797
5798
5800
5801
6655
5803
5804
6657
5386
5391
5806
5807
5497
5809
5811
5815
5812
5813
6658
5499
5815
5816
5836
5818
5819
6657
5821
5822
6659
5392
5397
5824
5825
5827
5828
6658
5830
5831
6660
5395
5400
5833
5834
5505
5836
5838
5842
5839
5840
6661
5507
5842
5843
5863
5845
5846
6660
5848
5849
6579
5401
5406
5851
5852
5854
5855
6661
5857
5858
6662
5404
5408
5860
5861
5513
5863
5865
5869
5866
5867
6663
5515
5869
5870
5887
5872
5873
6662
5409
5875
5876
5878
5879
6663
5881
5882
6664
5412
5413
5884
5885
5519
5887
5889
5893
5890
5891
6665
5895
6665
5899
5900
6804
5416
5422
5902
5903
5905
5906
6666
5418
5425
5908
5909
5911
5912
6667
5420
5428
5914
5915
5917
5918
6668
5925
6804
6806
5922
5923
6666
5925
5926
6816
5426
5433
5928
5929
5931
5932
6667
5934
5935
6669
5429
5436
5937
5938
5940
5941
6668
5943
5944
6670
5431
5439
5946
5947
5951
5952
6671
5959
6816
6818
5956
5957
6669
5959
5960
6828
5437
5444
5962
5963
5965
5966
6670
5968
5969
6672
5440
5447
5971
5972
5974
5975
6671
5977
5978
6673
5442
5450
5980
5981
5985
5986
6674
5993
6828
6830
5990
5991
6672
5993
5994
6840
5448
5455
5996
5997
5999
6000
6673
6002
6003
6675
5451
5458
6005
6006
6008
6009
6674
6011
6012
6676
5453
5461
6014
6015
6019
6020
6677
6027
6840
6842
6024
6025
6675
6027
6028
6852
5459
5466
6030
6031
6033
6034
6676
6036
6037
6678
5462
5469
6039
6040
6042
6043
6677
6045
6046
6679
5464
5472
6048
6049
6053
6054
6680
6061
6852
6854
6058
6059
6678
6061
6062
6864
5470
5477
6064
6065
6067
6068
6679
6070
6071
6681
5473
5480
6073
6074
6076
6077
6680
6079
6080
6682
5475
5483
6082
6083
6086
6087
6683
6092
6864
6866
6089
6090
6681
6092
6093
6876
5481
5488
6095
6096
6098
6099
6682
6101
6102
6684
5484
5491
6104
6105
6107
6108
6683
6110
6111
6685
5486
5494
6113
6114
6116
6117
6686
6122
6876
6878
6119
6120
6684
6122
6123
6886
5492
5498
6125
6126
6128
6129
6685
6131
6132
6687
5495
5501
6134
6135
6137
6138
6686
6140
6141
6688
6143
6144
6149
6886
6888
6146
6147
6687
6149
6150
6895
5502
5506
6152
6153
6155
6156
6688
6158
6159
6689
5504
5509
6161
6162
6165
6166
6690
6171
6895
6897
6168
6169
6689
6171
6172
6904
5510
5514
6174
6175
6177
6178
6690
6180
6181
6691
5512
5517
6183
6184
6186
6692
6190
6904
6906
6187
6188
6691
6190
6191
6911
5518
5520
6193
6194
6196
6197
6692
6199
6232
6911
6913
6204
6232
5523
5524
5523
5542
5526
5526
5528
6693
5529
5529
5530
5529
5548
5532
5532
5534
6696
5535
5535
5536
5535
5557
5538
5538
5540
6699
5541
5541
5899
5541
5567
5544
6586
5544
5545
6694
5547
6588
5547
5551
5547
5575
5550
6693
5550
5554
6697
5556
6695
5553
6694
5553
5555
6702
5556
6695
5556
5560
5556
5581
5559
6696
5559
5563
6700
5565
6698
5562
6697
5562
5564
6705
5565
6698
5565
5569
5565
5590
5567
6804
5568
6699
5574
6701
5571
6700
5571
5573
6708
5574
6701
5574
5925
5574
5600
5577
6595
5577
5578
6703
5580
6597
5580
5584
5580
5608
5583
6702
5583
5587
6706
5589
6704
5586
6703
5586
5588
6711
5589
6704
5589
5593
5589
5614
5592
6705
5592
5596
6709
5598
6707
5595
6706
5595
5597
6714
5598
6707
5598
5602
5598
5623
5600
6816
5601
6708
5607
6710
5604
6709
5604
5606
6717
5607
6710
5607
5959
5607
5633
5610
6604
5610
5611
6712
5613
6606
5613
5617
5613
5641
5616
6711
5616
5620
6715
5622
6713
5619
6712
5619
5621
6723
5622
6713
5622
5626
5622
5650
5625
6714
5625
5629
6718
5631
6716
5628
6715
5628
5630
6726
5631
6716
5631
5635
5631
5659
5633
6828
5634
6717
5640
6719
5637
6718
5637
5639
6729
5640
6719
5640
5993
5640
5669
5643
6720
5643
5647
6724
5649
6722
5646
6721
5646
5648
6732
5649
6722
5649
5653
5649
5677
5652
6723
5652
5656
6727
5658
6725
5655
6724
5655
5657
6735
5658
6725
5658
5662
5658
5686
5661
6726
5661
5665
6730
5667
6728
5664
6727
5664
5666
6738
5667
6728
5667
5671
5667
5695
5669
6840
5670
6729
5676
6731
5673
6730
5673
5675
6741
5676
6731
5676
6027
5676
5705
5679
6732
5679
5683
6736
5685
6734
5682
6733
5682
5684
6744
5685
6734
5685
5689
5685
5713
5688
6735
5688
5692
6739
5694
6737
5691
6736
5691
5693
6747
5694
6737
5694
5698
5694
5722
5697
6738
5697
5701
6742
5703
6740
5700
6739
5700
5702
6750
5703
6740
5703
5707
5703
5731
5705
6852
5706
6741
5712
6743
5709
6742
5709
5711
6753
5712
6743
5712
6061
5712
5741
5715
6744
5715
5719
6748
5721
6746
5718
6745
5718
5720
6756
5721
6746
5721
5725
5721
5749
5724
6747
5724
5728
6751
5730
6749
5727
6748
5727
5729
6759
5730
6749
5730
5734
5730
5758
5733
6750
5733
5737
6754
5739
6752
5736
6751
5736
5738
6762
5739
6752
5739
5743
5739
5767
5741
6864
5742
6753
5748
6755
5745
6754
5745
5747
6765
5748
6755
5748
6092
5748
5777
5751
6756
5751
5755
6760
5757
6758
5754
6757
5754
5756
6613
5757
6758
5757
5761
5757
5785
5760
6759
5760
5764
6763
5766
6761
5763
6760
5763
5765
6768
5766
6761
5766
5770
5766
5791
5769
6762
5769
5773
6766
5775
6764
5772
6763
5772
5774
6771
5775
6764
5775
5779
5775
5800
5777
6876
5778
6765
5784
6767
5781
6766
5781
5783
6774
5784
6767
5784
6122
5784
5810
5787
6613
5787
5788
6769
5790
6615
5790
5794
5790
5793
6768
5793
5797
6772
5799
6770
5796
6769
5796
5798
6777
5799
6770
5799
5803
5799
5818
5802
6771
5802
5806
6775
5808
6773
5805
6772
5805
5807
6780
5808
6773
5808
5812
5808
5827
5810
6886
5811
6774
5817
6776
5814
6775
5814
5816
6783
5817
6776
5817
6149
5817
5837
5820
6777
5820
5824
6781
5826
6779
5823
6778
5823
5825
6786
5826
6779
5826
5830
5826
5845
5829
6780
5829
5833
6784
5835
6782
5832
6781
5832
5834
6789
5835
6782
5835
5839
5835
5854
5837
6895
5838
6783
5844
6785
5841
6784
5841
5843
6792
5844
6785
5844
6171
5844
5864
5847
6786
5847
5851
6790
5853
6788
5850
6787
5850
5852
6622
5853
6788
5853
5857
5853
5872
5856
6789
5856
5860
6793
5862
6791
5859
6790
5859
5861
6795
5862
6791
5862
5866
5862
5878
5864
6904
5865
6792
5871
6794
5868
6793
5868
5870
6798
5871
6794
5871
6190
5871
5888
5874
6622
5874
5875
6796
5877
6624
5877
5881
5877
5880
6795
5880
5884
6799
5886
6797
5883
6796
5883
5885
6801
5886
6797
5886
5890
5886
5895
5888
6911
5889
6798
5894
6800
5892
6799
5892
6239
5894
6800
5894
5896
6801
6803
5898
6802
6803
5901
5901
5903
6805
5904
5904
5905
5904
5922
5907
5907
5909
6807
5910
5910
5911
5910
5931
5913
5913
5915
6810
5916
5916
5917
5916
5940
5919
5919
5920
6813
5921
5921
5949
5924
6805
5924
5928
6808
5930
6806
5927
5927
5929
6817
5930
6806
5930
5934
5930
5956
5933
6807
5933
5937
6811
5939
6809
5936
6808
5936
5938
6819
5939
6809
5939
5943
5939
5965
5942
6810
5942
5946
6814
5948
6812
5945
6811
5945
5947
6822
5948
6812
5948
5951
5948
5974
5950
6813
5955
6815
5953
6814
5953
5954
6825
5955
6815
5955
5983
5958
6817
5958
5962
6820
5964
6818
5961
5961
5963
6829
5964
6818
5964
5968
5964
5990
5967
6819
5967
5971
6823
5973
6821
5970
6820
5970
5972
6831
5973
6821
5973
5977
5973
5999
5976
6822
5976
5980
6826
5982
6824
5979
6823
5979
5981
6834
5982
6824
5982
5985
5982
6008
5984
6825
5989
6827
5987
6826
5987
5988
6837
5989
6827
5989
6017
5992
6829
5992
5996
6832
5998
6830
5995
5995
5997
6841
5998
6830
5998
6002
5998
6024
6001
6831
6001
6005
6835
6007
6833
6004
6832
6004
6006
6843
6007
6833
6007
6011
6007
6033
6010
6834
6010
6014
6838
6016
6836
6013
6835
6013
6015
6846
6016
6836
6016
6019
6016
6042
6018
6837
6023
6839
6021
6838
6021
6022
6849
6023
6839
6023
6051
6026
6841
6026
6030
6844
6032
6842
6029
6029
6031
6853
6032
6842
6032
6036
6032
6058
6035
6843
6035
6039
6847
6041
6845
6038
6844
6038
6040
6855
6041
6845
6041
6045
6041
6067
6044
6846
6044
6048
6850
6050
6848
6047
6847
6047
6049
6858
6050
6848
6050
6053
6050
6076
6052
6849
6057
6851
6055
6850
6055
6056
6861
6057
6851
6057
6085
6060
6853
6060
6064
6856
6066
6854
6063
6063
6065
6865
6066
6854
6066
6070
6066
6089
6069
6855
6069
6073
6859
6075
6857
6072
6856
6072
6074
6867
6075
6857
6075
6079
6075
6098
6078
6858
6078
6082
6862
6084
6860
6081
6859
6081
6083
6870
6084
6860
6084
6086
6084
6107
6861
6088
6862
6088
6873
6863
6091
6865
6091
6095
6868
6097
6866
6094
6094
6096
6877
6097
6866
6097
6101
6097
6119
6100
6867
6100
6104
6871
6106
6869
6103
6868
6103
6105
6879
6106
6869
6106
6110
6106
6128
6109
6870
6109
6113
6874
6115
6872
6112
6871
6112
6114
6882
6115
6872
6115
6116
6115
6137
6118
6874
6118
6416
6875
6121
6877
6121
6125
6880
6127
6878
6124
6124
6126
6887
6127
6878
6127
6131
6127
6146
6130
6879
6130
6134
6883
6136
6881
6133
6880
6133
6135
6889
6136
6881
6136
6140
6136
6155
6139
6882
6139
6143
6885
6145
6884
6142
6883
6142
6144
6892
6145
6884
6145
6145
6164
6148
6887
6148
6152
6890
6154
6888
6151
6151
6153
6896
6154
6888
6154
6158
6154
6168
6157
6889
6157
6161
6893
6163
6891
6160
6890
6160
6162
6898
6163
6891
6163
6165
6163
6177
6892
6167
6893
6167
6901
6894
6170
6896
6170
6174
6899
6176
6897
6173
6173
6175
6905
6176
6897
6176
6180
6176
6187
6179
6898
6179
6183
6902
6185
6900
6182
6899
6182
6184
6907
6185
6900
6185
6186
6185
6196
6902
6189
6905
6189
6193
6908
6195
6906
6192
6192
6194
6912
6195
6906
6195
6199
6195
6204
6198
6907
6198
6201
6910
6202
6909
6200
6908
6202
6909
6202
6203
6910
6912
6206
6207
6209
6210
6914
6211
6914
6213
6214
6915
6210
6212
6917
6213
6215
6917
6215
6919
6918
6217
6921
6920
6219
6923
6922
6221
6925
6924
6926
6627
6242
6243
6245
6246
6248
6249
6251
6252
6320
6321
6326
6327
6332
6333
6335
6271
6272
6274
6275
6280
6281
6283
6284
6289
6290
6292
7267
6296
7269
6241
6665
6241
6665
6244
6244
6247
6247
6250
6250
6253
6253
6336
6337
6342
6343
6345
6346
6348
6349
6351
6352
6354
6355
6360
6361
6363
6364
6366
6367
6369
6370
6372
6373
6378
6379
6381
6382
6384
6385
6387
6388
6390
6391
6273
6273
6276
6276
6278
6279
6282
6282
6285
6285
6287
6288
6291
6291
6945
7268
6294
6295
6957
7270
6392
6393
6395
6396
6398
6399
6401
6402
6408
6409
6306
6307
6309
6310
6312
6313
6314
6315
6308
6308
6311
6311
7301
7036
7301
6316
6316
7056
6318
6319
6336
6338
6341
6322
6345
6322
6348
6347
6350
6324
6325
6354
6356
6359
6328
6363
6328
6366
6365
6368
6330
6331
6372
6374
6377
6334
6381
6334
6384
6383
6386
6391
6338
6338
6342
6344
6341
6341
6343
6344
6344
6344
6347
6347
6351
6353
6350
6350
6352
6353
6353
6353
6356
6356
6360
6362
6359
6359
6361
6362
6362
6362
6365
6365
6369
6371
6368
6368
6370
6371
6371
6371
6374
6374
6378
6380
6377
6377
6379
6380
6380
6380
6383
6383
6387
6389
6386
6386
6388
6389
6389
6389
6415
6394
6394
6395
6397
6397
6397
6399
6400
6400
6400
6403
6403
6404
6405
6405
7275
6407
7368
6407
7276
7369
6410
6410
6411
6412
6412
7278
6414
7371
6414
7279
7372
6417
6686
6885
6419
6692
6910
6449
6450
6452
6453
6455
6456
6458
6459
6461
6462
6464
6465
6467
6468
6470
6471
6473
6474
6476
6477
6479
6480
6482
6483
6485
6486
6488
6489
6491
7557
6492
6493
6495
6496
6498
7559
6499
6500
6502
6503
6505
6506
6508
6509
6511
6512
6514
6515
6517
6518
6520
6521
6523
6524
6526
6527
6529
6530
6451
6451
6454
6454
6457
6457
6460
6460
6463
6463
6466
6466
6469
6469
6472
6472
6475
6475
6478
6478
6481
6481
6484
7426
6484
7428
6487
6487
6490
6490
7558
6494
6494
6497
6497
7444
7560
6501
6501
6504
6504
6507
6507
6510
6510
6513
6513
6516
6516
6519
6519
6522
6522
6525
6525
6528
6528
6531
6531
6540
6541
6543
6544
6546
6547
6549
6550
6552
6553
6555
6556
6559
6560
6562
6563
6542
6542
6545
6545
6548
6548
6551
6551
6554
6554
6557
6557
6561
6561
6564
6564
6580
6581
6583
6584
6586
6587
6589
6590
6592
6593
6595
6596
6598
6599
6601
6602
6604
6605
6607
6608
6610
6611
6613
6614
6616
6617
6619
6620
6622
6623
6582
6582
6585
6585
6588
6588
6591
6591
6594
6594
6597
6597
6600
6600
6603
6603
6606
6606
6609
6609
6612
6612
6615
6615
6618
6618
6621
6621
6624
6624
6626
6693
6694
6696
6697
6699
6700
6702
6703
6705
6706
6708
6709
6711
6712
6714
6715
6717
6718
6720
6721
6723
6724
6726
6727
6729
6730
6732
6733
6735
6736
6738
6739
6741
6742
6744
6745
6747
6748
6750
6751
6753
6754
6756
6757
6759
6760
6762
6763
6765
6766
6768
6769
6771
6772
6774
6775
6777
6778
6780
6781
6783
6784
6786
6787
6789
6790
6792
6793
6795
6796
6798
6799
6801
6802
6807
6808
6810
6811
6813
6814
6819
6820
6822
6823
6825
6826
6831
6832
6834
6835
6837
6838
6843
6844
6846
6847
6849
6850
6855
6856
6858
6859
6861
6862
6867
6868
6870
6871
6873
6874
6879
6880
6882
6883
6885
6889
6890
6892
6893
6898
6899
6901
6902
6907
6908
6910
6695
6695
6698
6698
6701
6701
6704
6704
6707
6707
6710
6710
6713
6713
6716
6716
6719
6719
6722
6722
6725
6725
6728
6728
6731
6731
6734
6734
6737
6737
6740
6740
6743
6743
6746
6746
6749
6749
6752
6752
6755
6755
6758
6758
6761
6761
6764
6764
6767
6767
6770
6770
6773
6773
6776
6776
6779
6779
6782
6782
6785
6785
6788
6788
6791
6791
6794
6794
6797
6797
6800
6800
6803
6803
6805
6806
6809
6809
6812
6812
6815
6815
6817
6818
6821
6821
6824
6824
6827
6827
6829
6830
6833
6833
6836
6836
6839
6839
6841
6842
6845
6845
6848
6848
6851
6851
6853
6854
6857
6857
6860
6860
6863
6863
6865
6866
6869
6869
6872
6872
6875
6875
6877
6878
6881
6881
6884
6884
6887
6888
6891
6891
6894
6894
6896
6897
6900
6900
6903
6903
6905
6906
6909
6909
6912
6913
6916
6917
6919
6918
6918
6920
6922
6924
6926
6929
6986
6930
6933
6943
6944
6945
6946
7286
6948
6949
7263
6935
6951
6952
7004
6934
6936
7182
6954
6955
7263
6957
7264
7363
6958
6959
7293
7182
7183
7264
6938
6939
7185
7186
7188
7265
7189
7190
7265
6941
6942
7192
7193
7195
7266
7196
7197
7266
6948
6954
6947
6947
6951
7320
6953
7268
6950
7267
6950
6952
7271
6953
7268
6953
7103
6953
6958
6956
7269
6956
7272
7270
6960
7271
6960
7340
7273
6962
7199
7200
7274
6964
7204
7205
6965
7207
7208
7212
7274
7213
7214
7275
6970
7216
7217
7277
6972
7219
7220
7276
6971
7222
7278
6972
7223
7276
6973
7224
7225
6974
7227
7228
7230
7231
7233
7277
7234
7235
7278
6978
7237
7238
7280
6979
7240
7241
7279
6979
7243
7279
7244
7246
7247
6981
6988
7032
7033
7036
7037
7282
6983
6991
7039
7040
7044
7045
7283
6985
6994
7047
7048
7050
7051
7284
7055
7286
6989
7003
7057
7058
7060
7061
7282
7063
7064
7287
6992
7006
7066
7067
7069
7070
7283
7072
7073
7288
6995
7009
7075
7076
7078
7079
7284
7081
7082
7289
6998
7012
7084
7085
7087
7088
7249
7285
7090
7091
7290
7000
7015
7093
7094
7096
7097
7291
7002
7018
7099
7252
7254
7292
7538
7100
7101
7287
7103
7104
7293
7007
7024
7106
7107
7109
7110
7288
7112
7113
7294
7010
7025
7115
7116
7118
7119
7289
7121
7122
7295
7013
7026
7124
7125
7127
7128
7290
7130
7131
7296
7016
7027
7133
7134
7136
7137
7291
7139
7140
7297
7019
7028
7142
7143
7145
7146
7292
7148
7149
7298
7021
7029
7151
7152
7154
7155
7299
7023
7030
7157
7258
7260
7261
7300
7158
7159
7294
7161
7162
7295
7164
7165
7296
7167
7168
7297
7170
7171
7298
7173
7174
7299
7176
7177
7300
7033
7305
7036
7060
7035
7039
7302
7041
7301
7038
7038
7040
7308
7041
7301
7041
7044
7041
7069
7043
7047
7304
7378
7049
7303
7381
7046
7302
7046
7048
7311
7049
7303
7049
7050
7049
7078
7052
7304
7052
7053
7314
7250
7545
7087
7249
7250
7057
7306
7056
7058
7319
7059
7059
7063
7059
7100
7062
7305
7062
7066
7309
7068
7307
7065
7306
7065
7067
7322
7068
7307
7068
7072
7068
7109
7071
7308
7071
7075
7312
7077
7310
7074
7309
7074
7076
7325
7077
7310
7077
7081
7077
7118
7080
7311
7080
7084
7315
7086
7313
7083
7312
7083
7085
7328
7086
7313
7086
7090
7086
7127
7089
7314
7089
7093
7317
7095
7316
7092
7315
7092
7094
7331
7095
7316
7095
7096
7095
7136
7098
7317
7098
7099
7334
7253
7318
7145
7253
7102
7319
7102
7106
7323
7108
7321
7105
7320
7105
7107
7339
7108
7321
7108
7112
7108
7158
7111
7322
7111
7115
7326
7117
7324
7114
7323
7114
7116
7342
7117
7324
7117
7121
7117
7161
7120
7325
7120
7124
7329
7126
7327
7123
7326
7123
7125
7345
7126
7327
7126
7130
7126
7164
7129
7328
7129
7133
7332
7135
7330
7132
7329
7132
7134
7348
7135
7330
7135
7139
7135
7167
7138
7331
7138
7142
7335
7144
7333
7141
7332
7141
7143
7351
7144
7333
7144
7148
7144
7170
7147
7334
7147
7151
7337
7153
7336
7150
7335
7150
7152
7354
7153
7336
7153
7154
7153
7173
7156
7337
7156
7157
7357
7259
7338
7176
7259
7160
7339
7160
7343
7341
7163
7342
7163
7346
7344
7166
7345
7166
7349
7347
7169
7348
7169
7352
7350
7172
7351
7172
7355
7353
7175
7354
7175
7358
7356
7178
7357
7178
7361
7359
7181
7360
7735
8212
7181
7735
8433
7362
7184
7184
7199
7364
7201
7187
7188
7204
7187
7189
7207
7206
7209
7212
7191
7213
7191
7216
7365
7215
7218
7194
7195
7224
7194
7196
7227
7226
7229
7233
7198
7234
7198
7237
7366
7236
7239
7201
7367
7201
7202
7205
7203
7203
7210
7206
7212
7206
7210
7211
7209
7213
7209
7211
7211
7215
7215
7219
7368
7221
7218
7370
7218
7220
7225
7221
7221
7369
7221
7230
7223
7228
7231
7226
7233
7226
7230
7232
7229
7234
7229
7231
7232
7232
7232
7236
7236
7240
7371
7242
7239
7373
7239
7241
7244
7242
7242
7372
7242
7246
7247
7245
7246
7248
7248
7248
7420
7524
7523
7524
7253
7318
7535
7536
7253
7536
7538
7375
7539
7540
7257
7375
7425
7540
7257
7258
7376
7425
7259
7338
7259
7260
7262
7376
7262
7360
8212
8213
8428
7271
7272
7363
7364
7365
7366
7268
7270
7273
7273
7367
7368
7369
7370
7371
7372
7373
7305
7306
7308
7309
7311
7312
7314
7315
7317
7374
7420
7319
7320
7322
7323
7325
7326
7328
7329
7331
7332
7334
7335
7337
7375
7339
7340
7342
7343
7345
7346
7348
7349
7351
7352
7354
7355
7357
7358
7360
7361
7303
7542
7544
7543
7545
7307
7307
7310
7310
7313
7313
7316
7316
7318
7374
7321
7321
7324
7324
7327
7327
7330
7330
7333
7333
7336
7336
7338
7375
7341
7341
7344
7344
7347
7347
7350
7350
7353
7353
7356
7356
7359
7359
7362
7362
7367
7370
7373
7369
7372
7529
7535
8272
8428
7379
7502
7542
7381
7412
7543
7380
7503
7544
7381
7412
7505
7544
7426
7427
7629
8237
7384
7430
7431
7644
7433
7434
8242
7386
7438
7439
7657
7441
7442
8247
7444
7445
7546
7389
7392
7447
7448
7450
7547
7986
7451
7546
7393
7396
7452
7453
7454
7547
7456
7457
7548
7395
7398
7459
7460
7462
7549
8028
7463
7548
7399
7403
7464
7465
7466
7549
7468
7469
7550
7401
7404
7471
7472
7475
7476
7551
7407
7478
7695
8069
7550
7480
7481
7551
7483
7484
7552
7408
7411
7486
7487
7489
7490
8260
7492
7493
7553
7410
7413
7495
7496
7498
7554
8107
7499
7500
7553
7414
7504
7506
7507
7554
7509
7510
7543
7416
7418
7512
7513
7516
7517
7555
7419
7519
7715
8139
7521
7522
7555
7525
7526
8267
7528
7529
7422
7423
7531
7532
7534
7556
8168
7535
7536
7556
7425
7540
7729
8191
8272
7428
7428
7430
8321
7432
7431
7557
7432
7900
7432
7433
7435
7557
7435
7438
8336
7440
7558
7437
7439
7559
7440
7558
7440
7943
7440
7441
7443
7559
7443
7447
8351
7449
7560
7446
7446
7448
7561
7449
7560
7449
7450
7449
7453
7987
8351
7452
7562
7456
7455
7561
7455
7459
7564
7461
7563
7458
7562
7458
7460
7565
7461
7563
7461
7462
7461
7465
7564
8029
7464
7566
7468
7467
7565
7467
7471
7569
7473
7567
7470
7566
7470
7472
7571
7473
7567
7473
7475
7473
7480
7479
7570
8067
8068
7477
7569
7477
7478
7574
7479
7570
7479
7489
8069
7482
7571
7482
7486
7575
7488
7573
7485
7572
7485
7487
7577
7488
7573
7488
7492
7488
7499
7491
7574
7491
7495
8392
7497
7576
7494
7575
7494
7496
7580
7497
7576
7497
7498
7497
7506
8108
8392
7501
7577
7501
7504
7581
7505
7579
7503
7578
7505
7579
7505
7509
7508
7580
7508
7512
7584
7514
7582
7511
7581
7511
7513
7586
7514
7582
7514
7516
7514
7521
7520
7585
8137
8138
7518
7584
7518
7519
7587
7520
7585
7520
7525
8139
7523
7586
7523
7524
7588
7545
7528
7527
7587
7527
7531
8413
7533
7589
7530
7588
7530
7532
7533
7589
7533
7534
7533
7535
8169
8413
7591
7541
7592
8189
8190
7539
7591
7541
7592
7541
8191
7544
7586
7586
7561
7562
7564
8365
7565
7566
7568
7569
7571
7572
7574
7575
7577
7578
7580
7581
7583
7584
7587
7588
7590
7591
7558
7560
7563
7563
8366
7567
7567
7570
8028
8067
7570
7573
7573
7576
7576
7579
7579
7582
7582
7585
8107
8137
7585
7589
7589
7592
8168
8189
7592
7594
7601
7738
7739
7741
7742
8223
7596
7604
7744
7745
7747
7748
8224
7598
7607
7750
7751
7753
7754
8225
7600
7610
7756
7757
7759
7760
8226
7764
7765
8223
7767
7768
8227
7605
7615
7770
7771
7773
7774
8224
7776
7777
8228
7608
7618
7779
7780
7782
7783
8225
7785
7786
8229
7611
7621
7788
7789
7791
7792
8226
7794
7795
8230
7613
7624
7797
7798
7802
7803
8231
7616
7628
7808
7809
7810
8228
7812
7813
8232
7619
7630
7815
7816
7818
7819
8229
7821
7822
8233
7622
7633
7824
7825
7827
7828
8230
7830
7831
8234
7625
7636
7833
7834
7836
7837
8231
7839
7840
8235
7627
7639
7842
7843
7847
7848
8236
7852
8232
7631
7853
7854
7855
8233
7857
7858
8237
7634
7643
7860
7861
7863
7864
8234
7866
7867
8238
7637
7646
7869
7870
7872
7873
8235
7875
7876
8239
7640
7649
7878
7879
7881
7882
8236
7884
7885
8240
7642
7652
7887
7888
7892
7893
8241
7897
7898
8238
7900
7901
8242
7647
7656
7903
7904
7906
7907
8239
7909
7910
8243
7650
7659
7912
7913
7915
7916
8240
7918
7919
8244
7653
7662
7921
7922
7924
7925
8241
7927
7928
8245
7655
7665
7930
7931
7935
7936
8246
7940
7941
8243
7943
7944
8247
7660
7669
7946
7947
7949
7950
8244
7952
7953
8248
7663
7671
7955
7956
7958
7959
8245
7961
7962
8249
7666
7674
7964
7965
7967
7968
8246
7970
7971
8250
7668
7677
7973
7974
7978
7979
8251
7983
7984
8248
7672
7681
7988
7989
7991
7992
8249
7994
7995
8252
7675
7683
7997
7998
8000
8001
8250
8003
8004
8253
7678
7686
8006
8007
8009
8010
8251
8012
8013
8254
7680
7689
8015
8016
8020
8021
8255
8025
8026
8252
7684
7693
8030
8031
8033
8034
8253
8036
8037
8256
7687
7694
8039
8040
8042
8043
8254
8045
8046
8257
7690
7697
8048
8049
8051
8052
8255
8054
8055
8258
7692
7700
8057
8058
8062
8063
8259
8067
8068
8256
8070
8071
8257
8073
8074
8260
7698
7704
8076
8077
8079
8080
8258
8082
8083
8261
7701
7706
8085
8086
8088
8089
8259
8091
8092
8262
7703
7709
8094
8095
8099
8100
8263
8104
8105
8261
7707
7713
8109
8110
8112
8113
8262
8115
8116
8264
7710
7714
8118
8119
8121
8122
8263
8124
8125
8265
7712
7717
8127
8128
8132
8133
8266
8137
8138
8264
8140
8141
8265
8143
8144
8267
7718
7721
8146
8147
8149
8150
8266
8152
8153
8268
7720
7723
8155
8156
8160
8161
8269
8165
8166
8268
7724
7727
8170
8171
8173
8174
8269
8176
8177
8270
7726
7728
8179
8180
8184
8185
8271
8189
8190
8270
8192
8193
8271
8195
8196
8272
7731
7732
8198
8199
8203
8204
8273
8208
8209
8273
7734
7735
8211
8212
8216
8217
8274
8274
7737
7739
8275
7740
7740
7741
7740
7764
7743
7743
7745
8278
7746
7746
7747
7746
7773
7749
7749
7751
8281
7752
7752
7753
7752
7782
7755
7755
7757
8284
7758
7758
7759
7758
7791
7761
7761
7762
8287
7763
7763
7800
7766
8275
7766
7770
8279
7772
8277
7769
8276
7769
7771
8290
7772
8277
7772
7776
7772
7809
7775
8278
7775
7779
8282
7781
8280
7778
8279
7778
7780
8293
7781
8280
7781
7785
7781
7818
7784
8281
7784
7788
8285
7790
8283
7787
8282
7787
7789
8296
7790
8283
7790
7794
7790
7827
7793
8284
7793
7797
8288
7799
8286
7796
8285
7796
7798
8299
7799
8286
7799
7802
7799
7836
7801
8287
7806
8289
7804
8288
7804
7805
8302
7806
8289
7806
7845
7808
8291
7812
7811
8290
7811
7815
8294
7817
8292
7814
8291
7814
7816
8305
7817
8292
7817
7821
7817
7854
7820
8293
7820
7824
8297
7826
8295
7823
8294
7823
7825
8308
7826
8295
7826
7830
7826
7863
7829
8296
7829
7833
8300
7835
8298
7832
8297
7832
7834
8311
7835
8298
7835
7839
7835
7872
7838
8299
7838
7842
8303
7844
8301
7841
8300
7841
7843
8314
7844
8301
7844
7847
7844
7881
7846
8302
7851
8304
7849
8303
7849
7850
8317
7851
8304
7851
7890
7853
8306
7857
7856
8305
7856
7860
8309
7862
8307
7859
8306
7859
7861
8320
7862
8307
7862
7866
7862
7897
7865
8308
7865
7869
8312
7871
8310
7868
8309
7868
7870
8323
7871
8310
7871
7875
7871
7906
7874
8311
7874
7878
8315
7880
8313
7877
8312
7877
7879
8326
7880
8313
7880
7884
7880
7915
7883
8314
7883
7887
8318
7889
8316
7886
8315
7886
7888
8329
7889
8316
7889
7892
7889
7924
7891
8317
7896
8319
7894
8318
7894
7895
8332
7896
8319
7896
7933
7899
8320
7899
7903
8324
7905
8322
7902
8321
7902
7904
8335
7905
8322
7905
7909
7905
7940
7908
8323
7908
7912
8327
7914
8325
7911
8324
7911
7913
8338
7914
8325
7914
7918
7914
7949
7917
8326
7917
7921
8330
7923
8328
7920
8327
7920
7922
8341
7923
8328
7923
7927
7923
7958
7926
8329
7926
7930
8333
7932
8331
7929
8330
7929
7931
8344
7932
8331
7932
7935
7932
7967
7934
8332
7939
8334
7937
8333
7937
7938
8347
7939
8334
7939
7976
7942
8335
7942
7946
8339
7948
8337
7945
8336
7945
7947
8350
7948
8337
7948
7952
7948
7983
7951
8338
7951
7955
8342
7957
8340
7954
8339
7954
7956
8353
7957
8340
7957
7961
7957
7991
7960
8341
7960
7964
8345
7966
8343
7963
8342
7963
7965
8356
7966
8343
7966
7970
7966
8000
7969
8344
7969
7973
8348
7975
8346
7972
8345
7972
7974
8359
7975
8346
7975
7978
7975
8009
7977
8347
7982
8349
7980
8348
7980
7981
8362
7982
8349
7982
8018
7985
8350
7985
7988
8354
7990
8352
7987
7989
8365
7990
8352
7990
7994
7990
8025
7993
8353
7993
7997
8357
7999
8355
7996
8354
7996
7998
8367
7999
8355
7999
8003
7999
8033
8002
8356
8002
8006
8360
8008
8358
8005
8357
8005
8007
8370
8008
8358
8008
8012
8008
8042
8011
8359
8011
8015
8363
8017
8361
8014
8360
8014
8016
8373
8017
8361
8017
8020
8017
8051
8019
8362
8024
8364
8022
8363
8022
8023
8376
8024
8364
8024
8060
8027
8365
8027
8030
8368
8032
8366
8029
8031
8032
8366
8032
8036
8032
8067
8035
8367
8035
8039
8371
8041
8369
8038
8368
8038
8040
8379
8041
8369
8041
8045
8041
8070
8044
8370
8044
8048
8374
8050
8372
8047
8371
8047
8049
8382
8050
8372
8050
8054
8050
8079
8053
8373
8053
8057
8377
8059
8375
8056
8374
8056
8058
8385
8059
8375
8059
8062
8059
8088
8061
8376
8066
8378
8064
8377
8064
8065
8388
8066
8378
8066
8097
8069
8380
8073
8072
8379
8072
8076
8383
8078
8381
8075
8380
8075
8077
8391
8078
8381
8078
8082
8078
8104
8081
8382
8081
8085
8386
8087
8384
8084
8383
8084
8086
8394
8087
8384
8087
8091
8087
8112
8090
8385
8090
8094
8389
8096
8387
8093
8386
8093
8095
8397
8096
8387
8096
8099
8096
8121
8098
8388
8103
8390
8101
8389
8101
8102
8400
8103
8390
8103
8130
8106
8391
8106
8109
8395
8111
8393
8108
8110
8111
8393
8111
8115
8111
8137
8114
8394
8114
8118
8398
8120
8396
8117
8395
8117
8119
8403
8120
8396
8120
8124
8120
8140
8123
8397
8123
8127
8401
8129
8399
8126
8398
8126
8128
8406
8129
8399
8129
8132
8129
8149
8131
8400
8136
8402
8134
8401
8134
8135
8409
8136
8402
8136
8158
8139
8404
8143
8142
8403
8142
8146
8407
8148
8405
8145
8404
8145
8147
8412
8148
8405
8148
8152
8148
8165
8151
8406
8151
8155
8410
8157
8408
8154
8407
8154
8156
8415
8157
8408
8157
8160
8157
8173
8159
8409
8164
8411
8162
8410
8162
8163
8418
8164
8411
8164
8182
8167
8412
8167
8170
8416
8172
8414
8169
8171
8172
8414
8172
8176
8172
8189
8175
8415
8175
8179
8419
8181
8417
8178
8416
8178
8180
8421
8181
8417
8181
8184
8181
8192
8183
8418
8188
8420
8186
8419
8186
8187
8424
8188
8420
8188
8201
8191
8422
8195
8194
8421
8194
8198
8425
8200
8423
8197
8422
8197
8199
8427
8200
8423
8200
8203
8200
8208
8202
8424
8207
8426
8205
8425
8205
8206
8429
8207
8426
8207
8214
8210
8427
8210
8211
8430
8213
8428
8213
8216
8213
8215
8429
8220
8431
8218
8430
8218
8219
8432
8220
8431
8220
8221
8222
8432
8434
8278
8279
8281
8282
8284
8285
8287
8288
8290
8291
8293
8294
8296
8297
8299
8300
8302
8303
8305
8306
8308
8309
8311
8312
8314
8315
8317
8318
8320
8321
8323
8324
8326
8327
8329
8330
8332
8333
8335
8336
8338
8339
8341
8342
8344
8345
8347
8348
8350
8351
8353
8354
8356
8357
8359
8360
8362
8363
8367
8368
8370
8371
8373
8374
8376
8377
8379
8380
8382
8383
8385
8386
8388
8389
8391
8392
8394
8395
8397
8398
8400
8401
8403
8404
8406
8407
8409
8410
8412
8413
8415
8416
8418
8419
8421
8422
8424
8425
8427
8429
8430
8432
8433
8277
8277
8280
8280
8283
8283
8286
8286
8289
8289
8292
8292
8295
8295
8298
8298
8301
8301
8304
8304
8307
8307
8310
8310
8313
8313
8316
8316
8319
8319
8322
8322
8325
8325
8328
8328
8331
8331
8334
8334
8337
8337
8340
8340
8343
8343
8346
8346
8349
8349
8352
8352
8355
8355
8358
8358
8361
8361
8364
8364
8366
8369
8369
8372
8372
8375
8375
8378
8378
8381
8381
8384
8384
8387
8387
8390
8390
8393
8393
8396
8396
8399
8399
8402
8402
8405
8405
8408
8408
8411
8411
8414
8414
8417
8417
8420
8420
8423
8423
8426
8426
8428
8431
8431
8434
8434
8437
8438
8448
8831
8440
8441
8460
8832
8439
8440
8469
8439
8443
8835
8442
8444
8442
8492
8442
8445
8444
8837
8445
8447
8464
8466
8467
8449
8469
8470
8472
8831
8452
8841
8900
8453
8473
8661
8838
8474
8478
8663
8455
8475
8476
8478
8480
8481
8482
8838
8460
8484
8485
8832
8462
8487
8488
8839
8461
8490
8692
8840
8462
8491
8694
8839
8492
8493
8463
8495
8496
8498
8499
8501
8840
8465
8466
8475
8477
8468
8481
8468
8484
8834
8483
8486
8471
8492
8471
8472
8495
8494
8497
8501
8474
8476
8662
8479
8664
8477
8481
8477
8479
8480
8479
8480
8483
8483
8487
8842
8489
8486
8836
8486
8488
8493
8489
8489
8843
8489
8498
8491
8496
8693
8499
8695
8494
8494
8498
8500
8497
8501
8497
8499
8500
8500
8500
8503
8734
8736
8521
8844
8505
8507
8522
8524
8525
8845
8862
8527
8561
8568
8569
8566
8845
8510
8512
8567
8562
8568
8570
8605
8571
8572
8846
8513
8574
8575
8696
8577
8846
8579
8580
8868
8582
8583
8847
8517
8518
8585
8586
8563
8868
8870
8588
8589
8848
8591
8592
8848
8520
8594
8595
8597
8598
8522
8850
8524
8528
8851
8526
8850
8526
8527
8852
8878
8528
8851
8528
8531
8602
8530
8600
8853
8534
8601
8602
8603
8852
8564
8605
8606
8620
8539
8608
8609
8854
8611
8612
8853
8538
8614
8615
8855
8539
8617
8618
8854
8565
8574
8620
8622
8542
8623
8624
8626
8627
8541
8629
8856
8545
8630
8631
8632
8855
8548
8634
8635
8858
8550
8637
8638
8857
8640
8641
8856
8549
8643
8644
8859
8550
8646
8647
8857
8551
8649
8650
8552
8652
8653
8655
8656
8658
8659
8858
8665
8666
8859
8557
8668
8669
8861
8559
8671
8672
8860
8558
8675
8559
8677
8678
8860
8560
8680
8681
8683
8684
8686
8687
8689
8690
8861
8919
8920
8919
8921
8922
8696
8698
8699
8922
8923
8697
8699
8701
8600
8863
8571
8601
8569
8919
8570
8602
8604
8607
8573
8611
8573
8614
8865
8613
8616
8576
8697
8576
8579
8623
8622
8625
8629
8866
8582
8630
8581
8631
8581
8634
8869
8633
8636
8584
8640
8584
8643
8871
8642
8645
8587
8588
8649
8587
8591
8652
8651
8654
8590
8658
8590
8661
8874
8660
8662
8593
8665
8593
8668
8875
8667
8670
8596
8597
8680
8596
8683
8682
8685
8599
8689
8599
8692
8877
8691
8693
8881
8611
8604
8604
8608
8879
8610
8607
8922
8607
8609
8621
8610
8610
8884
8610
8626
8613
8613
8617
8882
8619
8616
8887
8616
8618
8624
8619
8619
8885
8619
8627
8621
8699
8622
8626
8628
8625
8631
8625
8627
8628
8628
8628
8890
8640
8633
8633
8637
8888
8639
8636
8897
8636
8638
8650
8639
8639
8893
8639
8655
8642
8642
8646
8891
8648
8645
8902
8645
8647
8653
8648
8648
8894
8648
8656
8651
8658
8651
8655
8657
8654
8665
8654
8656
8657
8657
8657
8660
8660
8663
8898
8664
8662
8911
8664
8664
8900
8667
8667
8671
8903
8673
8670
8913
8670
8672
8681
8673
8673
8908
8673
8686
8677
8906
8676
8678
8684
8679
8679
8909
8679
8687
8682
8689
8682
8686
8688
8685
8685
8687
8688
8688
8688
8691
8691
8694
8914
8695
8693
8918
8695
8695
8916
8697
8868
8698
8701
8700
8701
8923
8707
8731
8765
8998
8704
8708
8767
8964
8709
8772
8925
8711
8712
8744
8926
8714
8715
8747
8927
8708
8766
8999
8768
8965
8710
8773
8928
8711
8744
8775
8713
8928
8713
8930
8974
8975
9003
8716
8783
8929
8716
8719
8932
8720
8931
8718
8930
8974
8720
8931
8720
8722
8725
8800
8801
8933
8723
8932
8725
8933
8725
8726
8801
8727
8956
8729
8957
8729
8730
8803
8804
8805
8959
8824
8825
8976
8733
8734
8735
8960
8735
8805
8844
8756
8935
8739
8743
8757
8758
8936
8741
8745
8759
8760
8937
8762
8763
8935
8769
8770
8936
8746
8774
8776
8777
8937
8779
8780
8926
8749
8782
8783
8785
8786
8938
8788
8789
8927
8751
8754
8791
8792
8794
8795
8939
8753
8755
8797
8798
8940
8800
8801
8939
8802
8803
8940
8757
8944
8769
8759
8947
8776
8761
8950
8785
8764
8941
8764
8767
8945
8768
8943
8766
8824
8942
8768
8943
8768
8772
8771
8944
8771
8774
8948
8775
8946
8773
8945
8775
8946
8775
8779
8778
8947
8778
8782
8951
8784
8949
8781
8948
8781
8783
8929
8784
8949
8784
8788
8784
8787
8950
8787
8791
8953
8793
8952
8790
8951
8790
8792
8954
8793
8952
8793
8794
8793
8800
8796
8953
8796
8798
8955
8799
8799
8799
8802
8954
8956
8804
8955
8804
8959
8957
8960
8812
8813
8827
9008
8809
8815
8816
8990
8818
8819
8934
8821
8822
9004
8811
8815
8962
8817
8814
8828
8814
8816
9009
8817
8817
8821
8817
8991
8820
8961
8820
8824
8942
8826
8963
8823
8962
8823
8825
9005
8826
8963
8826
8826
8983
8828
8829
8992
8830
8830
8993
9198
9199
8835
8836
8837
8836
8837
8842
8911
8843
8916
8918
8901
8843
8912
8917
8849
8850
8862
8863
8865
8866
8871
8872
8874
8875
8851
8851
8878
8879
8881
8882
8884
8885
8887
8888
8890
8891
8893
8894
8897
8898
8902
8903
8908
8909
8913
8914
8864
8878
8864
8881
8880
8883
8867
8887
8867
8890
8889
8892
8869
8870
8897
8896
8899
8873
8902
8873
8905
8904
8907
8876
8911
8876
8913
8912
8915
8918
8880
8880
8884
8886
8883
8883
8885
8886
8886
8886
8889
8889
8893
8895
8892
8892
8894
8895
8895
8895
8901
8899
8899
8900
8901
8901
8904
8904
8908
8910
8907
8907
8909
8910
8910
8910
8912
8917
8915
8915
8916
8917
8917
8920
8921
8924
8924
8924
8928
8964
9002
8929
8930
8932
8954
9003
8931
8931
8933
8954
8941
8942
8944
8945
8947
8948
8950
8951
8953
8955
8956
8958
8959
8943
8943
8946
8946
8949
8949
8952
8952
8957
8957
8960
8960
8963
8963
8965
8966
8967
8999
8967
8970
9002
8971
9001
8969
8988
9000
8971
9001
8971
8972
8973
9002
8975
9003
8975
8983
8984
8998
8978
8981
8990
9006
8982
8991
9011
8980
8996
9010
8982
9011
8982
8986
8985
9005
8985
8988
9000
8989
9007
8987
9006
8989
9007
8989
8991
9004
9009
8993
8994
9008
8995
9234
8995
8996
9010
8997
9236
8997
9230
8999
9000
9001
9001
9003
9005
9006
9007
9007
9009
9010
9011
9011
9019
9020
9090
9141
9014
9022
9023
9049
9028
9029
9103
9016
9031
9032
9051
9034
9035
9091
9037
9038
9115
9133
9019
9141
9021
9093
9021
9022
9096
9024
9094
9024
9028
9024
9058
9060
9059
9027
9095
9114
9162
9027
9031
9114
9135
9033
9097
9030
9096
9030
9032
9108
9033
9097
9033
9034
9033
9066
9119
9135
9036
9098
9119
9037
9115
9121
9039
9098
9039
9040
9101
9041
9100
9041
9042
9074
9043
9101
9044
9102
9126
9127
9053
9092
9083
9053
9057
9059
9092
9055
9057
9105
9106
9060
9061
9103
9056
9063
9105
9066
9067
9091
9075
9104
9077
9079
9080
9104
9077
9084
9085
9084
9089
9058
9077
9059
9106
9094
9062
9106
9062
9064
9109
9065
9107
9065
9107
9065
9069
9068
9108
9068
9071
9099
9072
9110
9070
9109
9072
9110
9072
9073
9074
9099
9100
9076
9078
9111
9079
9078
9079
9085
9081
9082
9112
9083
9083
9087
9086
9105
9086
9111
9089
9113
9088
9112
9089
9113
9095
9096
9142
9098
9099
9094
9094
9097
9161
9097
9100
9100
9102
9133
9126
9137
9108
9109
9111
9112
9107
9107
9110
9110
9113
9113
9143
9201
9116
9120
9122
9133
9175
9118
9123
9154
9177
9124
9125
9134
9121
9136
9121
9170
9175
9171
9123
9137
9176
9124
9178
9126
9137
9126
9127
9139
9130
9129
9138
9160
9186
9132
9140
9200
9131
9139
9132
9140
9221
9137
9138
9139
9154
9136
9201
9171
9207
9140
9183
9140
9142
9161
9144
9162
9163
9201
9146
9151
9164
9165
9202
9148
9152
9166
9167
9203
9150
9153
9168
9204
9169
9170
9202
9172
9173
9203
9179
9180
9204
9182
9183
9157
9160
9185
9186
9188
9189
9205
9191
9192
9206
9159
9194
9195
9220
9197
9198
9231
9200
9206
9162
9164
9207
9169
9166
9208
9172
9168
9211
9179
9171
9207
9171
9209
9174
9208
9174
9177
9212
9178
9210
9176
9209
9178
9210
9178
9182
9181
9211
9181
9185
9215
9187
9213
9184
9212
9184
9186
9187
9213
9187
9191
9187
9190
9214
9190
9194
9217
9196
9216
9193
9215
9193
9195
9232
9196
9216
9196
9197
9196
9222
9199
9217
9199
9234
9218
9219
9221
9207
9208
9209
9211
9212
9214
9215
9217
9219
9232
9210
9210
9213
9213
9216
9216
9218
9225
9233
9222
9223
9231
9225
9224
9232
9224
9227
9235
9228
9233
9226
9228
9233
9228
9229
9230
9235
9236
9234
9235
9233
9236
9236
)


// ************************************************************************* //
